#=====================================================
# File created:        Mon-06-Nov-2023-at-12-28-45PM
# Size of lattice:     20x20
# Number of MC steps:  1000
# Reduced temperature: 1.200
# Run time (s):        2.126612
#=====================================================
# MC step:  Ratio:     Energy:   Order:
#=====================================================
   00000    0.5000    -408.4680  0.2744 
   00001    0.7075    -640.3440  0.2992 
   00002    0.6375    -702.1949  0.2972 
   00003    0.6200    -731.2785  0.3328 
   00004    0.5800    -817.0488  0.3092 
   00005    0.5700    -867.5343  0.3302 
   00006    0.5700    -811.6464  0.3061 
   00007    0.5800    -817.3066  0.3108 
   00008    0.5975    -815.4176  0.3157 
   00009    0.5975    -791.8483  0.3173 
   00010    0.5850    -803.9740  0.3104 
   00011    0.5975    -796.3042  0.2902 
   00012    0.5800    -824.0581  0.3166 
   00013    0.5850    -816.4840  0.2934 
   00014    0.5400    -851.5253  0.2674 
   00015    0.5400    -839.8134  0.2567 
   00016    0.5675    -831.9216  0.3027 
   00017    0.5775    -799.8144  0.3134 
   00018    0.5450    -802.1448  0.3130 
   00019    0.5850    -862.8177  0.2859 
   00020    0.5150    -859.3532  0.2959 
   00021    0.5125    -872.4279  0.3002 
   00022    0.5525    -855.1248  0.2974 
   00023    0.5550    -840.9619  0.2932 
   00024    0.5500    -809.0764  0.2839 
   00025    0.5775    -784.5229  0.2936 
   00026    0.5825    -785.0507  0.3264 
   00027    0.5600    -827.0721  0.3409 
   00028    0.5825    -838.1172  0.3388 
   00029    0.5675    -803.2123  0.3184 
   00030    0.5950    -786.3743  0.3150 
   00031    0.5825    -806.5737  0.3425 
   00032    0.6050    -792.9260  0.3450 
   00033    0.5200    -820.2461  0.3293 
   00034    0.5675    -854.7287  0.3332 
   00035    0.5650    -802.0681  0.2953 
   00036    0.5975    -790.0989  0.3211 
   00037    0.5950    -799.6304  0.2780 
   00038    0.5650    -816.5311  0.2803 
   00039    0.5775    -809.0929  0.2887 
   00040    0.5750    -840.4019  0.3613 
   00041    0.5100    -805.6374  0.3702 
   00042    0.5775    -821.8492  0.3652 
   00043    0.5375    -849.8311  0.3582 
   00044    0.5675    -823.8962  0.3961 
   00045    0.5450    -803.8188  0.3729 
   00046    0.6350    -732.7812  0.3224 
   00047    0.6075    -755.2636  0.3367 
   00048    0.5975    -782.4337  0.3360 
   00049    0.5975    -791.3412  0.3261 
   00050    0.5800    -832.0167  0.3523 
   00051    0.5975    -798.8910  0.3161 
   00052    0.6200    -769.3467  0.3043 
   00053    0.6050    -745.0011  0.2870 
   00054    0.6600    -729.4776  0.2830 
   00055    0.5575    -741.6654  0.2967 
   00056    0.5900    -752.3751  0.2956 
   00057    0.5900    -776.3883  0.2868 
   00058    0.5975    -791.6919  0.2697 
   00059    0.6275    -764.6060  0.2580 
   00060    0.5775    -776.0575  0.2696 
   00061    0.6000    -797.6844  0.2836 
   00062    0.5850    -815.1743  0.2902 
   00063    0.6075    -790.9998  0.3586 
   00064    0.5950    -817.1515  0.3523 
   00065    0.5625    -804.7066  0.3500 
   00066    0.5650    -840.2782  0.3567 
   00067    0.5325    -828.4427  0.3532 
   00068    0.5400    -854.5505  0.3061 
   00069    0.5300    -849.8786  0.3179 
   00070    0.5475    -850.1662  0.3477 
   00071    0.5325    -870.7325  0.3335 
   00072    0.5375    -867.2283  0.3566 
   00073    0.5375    -833.0692  0.3531 
   00074    0.6000    -818.8381  0.3411 
   00075    0.5425    -786.7637  0.3427 
   00076    0.6175    -732.3911  0.3554 
   00077    0.5775    -724.3123  0.3538 
   00078    0.6325    -762.6960  0.3830 
   00079    0.6100    -776.6856  0.3891 
   00080    0.6175    -779.8923  0.4039 
   00081    0.5475    -758.0298  0.3848 
   00082    0.6525    -785.3153  0.4092 
   00083    0.6175    -787.8104  0.3633 
   00084    0.5725    -834.8729  0.3306 
   00085    0.5650    -869.3290  0.3451 
   00086    0.5050    -849.4283  0.2928 
   00087    0.5400    -879.6065  0.2989 
   00088    0.5525    -830.1908  0.3043 
   00089    0.5450    -879.9821  0.3081 
   00090    0.5650    -871.3478  0.2868 
   00091    0.5450    -880.5501  0.2690 
   00092    0.5375    -840.9692  0.2569 
   00093    0.5550    -804.2703  0.2661 
   00094    0.5675    -819.6275  0.2724 
   00095    0.5775    -858.9262  0.2902 
   00096    0.5675    -854.1459  0.2630 
   00097    0.5675    -810.9496  0.2958 
   00098    0.5400    -857.2255  0.2860 
   00099    0.5250    -816.6732  0.2809 
   00100    0.5725    -808.4266  0.2692 
   00101    0.5625    -811.2709  0.2790 
   00102    0.5625    -776.2376  0.2726 
   00103    0.6200    -800.4720  0.3076 
   00104    0.5450    -832.8194  0.3192 
   00105    0.5925    -803.7608  0.3418 
   00106    0.5375    -813.7001  0.3057 
   00107    0.5750    -831.6339  0.3346 
   00108    0.5850    -805.8447  0.2984 
   00109    0.5575    -761.8991  0.3199 
   00110    0.6050    -788.2557  0.2716 
   00111    0.5875    -786.8884  0.2645 
   00112    0.5800    -786.0199  0.3161 
   00113    0.5700    -783.4303  0.3191 
   00114    0.5975    -800.0826  0.3395 
   00115    0.5850    -819.9601  0.3193 
   00116    0.5100    -815.4867  0.3046 
   00117    0.5800    -813.8046  0.2811 
   00118    0.5600    -782.2445  0.2813 
   00119    0.5650    -771.9014  0.2658 
   00120    0.5425    -829.8505  0.2745 
   00121    0.5575    -852.2304  0.2798 
   00122    0.5275    -908.8204  0.3217 
   00123    0.5525    -905.9894  0.3385 
   00124    0.5025    -903.9196  0.3238 
   00125    0.5475    -879.0205  0.3172 
   00126    0.5000    -901.4142  0.3554 
   00127    0.5300    -855.6202  0.3330 
   00128    0.5550    -821.0596  0.3210 
   00129    0.5200    -840.0180  0.3159 
   00130    0.5500    -834.7375  0.3506 
   00131    0.5800    -829.0943  0.3367 
   00132    0.6025    -844.6766  0.3239 
   00133    0.5575    -821.3885  0.3203 
   00134    0.5650    -836.8049  0.2904 
   00135    0.5575    -826.3868  0.2794 
   00136    0.5775    -846.3169  0.2901 
   00137    0.5525    -854.0043  0.3101 
   00138    0.5900    -830.4515  0.2776 
   00139    0.5325    -799.0273  0.2892 
   00140    0.5675    -814.0808  0.2845 
   00141    0.5775    -823.0111  0.2899 
   00142    0.5625    -819.7322  0.3063 
   00143    0.5750    -765.6235  0.2714 
   00144    0.5975    -750.1308  0.2567 
   00145    0.6325    -751.9996  0.2731 
   00146    0.6000    -786.8861  0.2914 
   00147    0.5650    -789.1404  0.3186 
   00148    0.5975    -809.7833  0.3436 
   00149    0.5450    -835.8663  0.3644 
   00150    0.6125    -875.2653  0.4004 
   00151    0.5225    -859.6872  0.3930 
   00152    0.5325    -874.0684  0.3993 
   00153    0.5600    -852.8317  0.3956 
   00154    0.5375    -861.6014  0.4195 
   00155    0.6150    -848.8279  0.4280 
   00156    0.5700    -832.8944  0.4202 
   00157    0.5800    -789.5844  0.3815 
   00158    0.5400    -866.0031  0.3573 
   00159    0.4875    -902.1950  0.3725 
   00160    0.4850    -899.4515  0.3692 
   00161    0.5300    -860.0197  0.3695 
   00162    0.5700    -790.1737  0.3712 
   00163    0.5950    -822.0031  0.3535 
   00164    0.5700    -811.3032  0.3367 
   00165    0.5725    -845.0454  0.3183 
   00166    0.5775    -821.2476  0.2996 
   00167    0.6000    -782.5837  0.3290 
   00168    0.5675    -826.5285  0.3160 
   00169    0.5450    -849.5451  0.3280 
   00170    0.5375    -820.3047  0.3267 
   00171    0.5700    -864.7452  0.3508 
   00172    0.5325    -829.6984  0.3614 
   00173    0.5350    -832.7067  0.3608 
   00174    0.6050    -859.9267  0.3398 
   00175    0.5525    -836.6752  0.3383 
   00176    0.5525    -830.8994  0.3475 
   00177    0.5550    -839.2097  0.3691 
   00178    0.5725    -845.5206  0.3827 
   00179    0.5900    -817.3578  0.3704 
   00180    0.5900    -822.6523  0.3667 
   00181    0.5600    -862.4909  0.3665 
   00182    0.5025    -835.4718  0.3617 
   00183    0.5700    -871.9309  0.3941 
   00184    0.5700    -874.0522  0.3787 
   00185    0.5725    -886.7087  0.3654 
   00186    0.5350    -887.1075  0.3632 
   00187    0.5200    -899.5813  0.3699 
   00188    0.5300    -849.4715  0.3770 
   00189    0.5500    -828.7479  0.3422 
   00190    0.5650    -815.2156  0.3385 
   00191    0.5900    -825.3087  0.3810 
   00192    0.5675    -806.8883  0.3725 
   00193    0.5700    -865.5083  0.3672 
   00194    0.5300    -891.2396  0.3579 
   00195    0.5300    -880.1687  0.3602 
   00196    0.5400    -831.6496  0.3946 
   00197    0.5650    -826.7725  0.3664 
   00198    0.5700    -799.9198  0.3486 
   00199    0.4950    -858.5240  0.3765 
   00200    0.5275    -859.8590  0.3776 
   00201    0.5450    -793.1269  0.3717 
   00202    0.5675    -830.0071  0.3598 
   00203    0.5575    -794.8577  0.3543 
   00204    0.5750    -799.8809  0.3546 
   00205    0.5450    -837.9962  0.3587 
   00206    0.5750    -851.4087  0.3571 
   00207    0.5150    -868.6680  0.3691 
   00208    0.5675    -854.6085  0.3696 
   00209    0.6425    -849.1996  0.4003 
   00210    0.5500    -845.3687  0.3974 
   00211    0.5500    -872.4912  0.3849 
   00212    0.5125    -893.1832  0.3731 
   00213    0.5625    -820.3351  0.3447 
   00214    0.6275    -812.1183  0.3191 
   00215    0.5875    -806.6799  0.3096 
   00216    0.5850    -781.8089  0.3280 
   00217    0.5775    -794.6780  0.3719 
   00218    0.5450    -778.5681  0.3653 
   00219    0.5725    -787.4537  0.4050 
   00220    0.5850    -778.0948  0.4075 
   00221    0.6575    -788.5973  0.4156 
   00222    0.5875    -804.2749  0.4496 
   00223    0.5975    -815.2167  0.4263 
   00224    0.5650    -773.2042  0.4379 
   00225    0.5575    -776.6786  0.4051 
   00226    0.5800    -752.2699  0.4306 
   00227    0.5925    -789.8427  0.4565 
   00228    0.6200    -806.9872  0.4536 
   00229    0.5350    -802.0587  0.4211 
   00230    0.5875    -806.7050  0.3595 
   00231    0.5075    -900.7935  0.3571 
   00232    0.4950    -869.8768  0.3353 
   00233    0.5275    -875.6810  0.3311 
   00234    0.5425    -867.1265  0.3294 
   00235    0.5675    -834.1526  0.3261 
   00236    0.5550    -800.0058  0.3032 
   00237    0.5850    -790.3353  0.3059 
   00238    0.5775    -782.9942  0.3043 
   00239    0.5950    -771.9669  0.3292 
   00240    0.6250    -787.0700  0.3400 
   00241    0.5825    -822.9243  0.3411 
   00242    0.5600    -834.0821  0.3117 
   00243    0.5600    -884.7209  0.3190 
   00244    0.5375    -863.4008  0.3067 
   00245    0.5475    -896.3878  0.3058 
   00246    0.5100    -891.5149  0.3472 
   00247    0.4950    -902.9293  0.3682 
   00248    0.5525    -889.4651  0.3667 
   00249    0.5525    -885.0188  0.3701 
   00250    0.5400    -899.6886  0.4038 
   00251    0.5525    -901.1866  0.3823 
   00252    0.5425    -860.5199  0.3551 
   00253    0.5375    -849.4169  0.3496 
   00254    0.6100    -834.7267  0.3426 
   00255    0.6200    -832.4009  0.3812 
   00256    0.5075    -826.4573  0.3277 
   00257    0.5300    -848.5724  0.3719 
   00258    0.5750    -823.1717  0.3742 
   00259    0.5650    -813.1070  0.3584 
   00260    0.5875    -770.2456  0.3565 
   00261    0.5700    -781.5536  0.3385 
   00262    0.5775    -808.4756  0.3348 
   00263    0.5425    -833.3438  0.3494 
   00264    0.5550    -822.9872  0.3974 
   00265    0.5425    -818.4286  0.3793 
   00266    0.5825    -864.7559  0.3562 
   00267    0.5775    -830.0994  0.3267 
   00268    0.5525    -824.2180  0.3323 
   00269    0.5525    -843.4386  0.3407 
   00270    0.5475    -872.9437  0.2921 
   00271    0.5475    -833.9925  0.2847 
   00272    0.5800    -814.8952  0.3343 
   00273    0.5350    -776.8356  0.3335 
   00274    0.5500    -805.5480  0.2774 
   00275    0.6125    -802.8396  0.3184 
   00276    0.5550    -865.2629  0.3137 
   00277    0.5525    -889.1177  0.3290 
   00278    0.5450    -885.2728  0.3571 
   00279    0.5175    -873.4026  0.3376 
   00280    0.5400    -849.0340  0.3559 
   00281    0.5275    -877.4519  0.3548 
   00282    0.5225    -861.3117  0.3903 
   00283    0.5475    -860.7416  0.3702 
   00284    0.5425    -845.7238  0.3907 
   00285    0.5125    -812.1048  0.3728 
   00286    0.5550    -793.1202  0.3870 
   00287    0.5825    -800.4490  0.3639 
   00288    0.6275    -830.0755  0.3834 
   00289    0.5425    -831.8313  0.3960 
   00290    0.5525    -839.3539  0.4063 
   00291    0.5725    -827.0131  0.3930 
   00292    0.5575    -851.1019  0.4020 
   00293    0.5600    -853.9403  0.3864 
   00294    0.5775    -854.2547  0.3852 
   00295    0.5800    -865.0139  0.3777 
   00296    0.5125    -838.3703  0.4214 
   00297    0.5550    -886.0163  0.4246 
   00298    0.5150    -888.3323  0.4185 
   00299    0.5675    -869.3827  0.4024 
   00300    0.5300    -851.4924  0.3947 
   00301    0.5475    -859.5037  0.4025 
   00302    0.5450    -827.0040  0.3958 
   00303    0.5600    -872.3172  0.3591 
   00304    0.5125    -893.1492  0.3164 
   00305    0.5450    -846.6598  0.2961 
   00306    0.5500    -849.2018  0.2724 
   00307    0.5325    -864.1605  0.2803 
   00308    0.5025    -876.8965  0.2998 
   00309    0.5125    -885.6765  0.2874 
   00310    0.5050    -846.5906  0.3202 
   00311    0.5875    -829.1897  0.3535 
   00312    0.5150    -895.8263  0.3503 
   00313    0.4850    -923.7317  0.3431 
   00314    0.4900    -910.3403  0.3280 
   00315    0.5100    -855.6693  0.3900 
   00316    0.5525    -907.7612  0.3787 
   00317    0.5075    -914.1668  0.3913 
   00318    0.4800    -892.0478  0.3818 
   00319    0.4900    -889.5026  0.3760 
   00320    0.5700    -872.1097  0.3546 
   00321    0.5475    -845.6862  0.3304 
   00322    0.5375    -849.3343  0.3352 
   00323    0.5500    -853.3260  0.3789 
   00324    0.5600    -820.2048  0.3486 
   00325    0.6225    -829.7533  0.3407 
   00326    0.5200    -862.9886  0.3431 
   00327    0.5225    -873.5140  0.3593 
   00328    0.5475    -859.1090  0.3821 
   00329    0.5300    -845.2529  0.3675 
   00330    0.5500    -826.3540  0.3916 
   00331    0.5925    -817.8921  0.3576 
   00332    0.5850    -826.5930  0.3906 
   00333    0.5750    -809.6114  0.4229 
   00334    0.5100    -863.6663  0.4024 
   00335    0.5925    -880.6702  0.3966 
   00336    0.5150    -905.7554  0.3908 
   00337    0.4975    -871.9676  0.4056 
   00338    0.5200    -859.8727  0.3792 
   00339    0.5125    -863.6907  0.3456 
   00340    0.5450    -849.4226  0.3105 
   00341    0.5600    -847.7670  0.3360 
   00342    0.5525    -841.7031  0.3255 
   00343    0.5875    -819.9686  0.3337 
   00344    0.5900    -800.9242  0.3555 
   00345    0.6125    -820.4186  0.3722 
   00346    0.6175    -771.5618  0.3526 
   00347    0.6300    -768.2884  0.3363 
   00348    0.5925    -819.4067  0.3794 
   00349    0.5950    -796.1778  0.3135 
   00350    0.5450    -785.2953  0.3168 
   00351    0.5850    -794.4964  0.2619 
   00352    0.5725    -808.9236  0.2696 
   00353    0.5700    -854.8024  0.3038 
   00354    0.5900    -819.2811  0.3378 
   00355    0.5900    -831.0316  0.3660 
   00356    0.5975    -845.2911  0.3389 
   00357    0.5900    -867.9393  0.3435 
   00358    0.5450    -829.3812  0.3708 
   00359    0.5900    -828.1514  0.3592 
   00360    0.5425    -813.8575  0.4033 
   00361    0.5275    -835.5478  0.3794 
   00362    0.5200    -833.0706  0.3730 
   00363    0.5600    -805.2400  0.3751 
   00364    0.5725    -792.2348  0.3592 
   00365    0.5875    -829.6914  0.3425 
   00366    0.5925    -810.7765  0.3449 
   00367    0.5975    -792.7692  0.3691 
   00368    0.5625    -805.3073  0.3610 
   00369    0.6150    -810.3933  0.3149 
   00370    0.5775    -797.1067  0.3145 
   00371    0.5925    -784.9827  0.3155 
   00372    0.6050    -760.4640  0.2964 
   00373    0.5650    -761.6105  0.2663 
   00374    0.5700    -781.7393  0.2767 
   00375    0.5575    -821.3299  0.2851 
   00376    0.5800    -810.9939  0.3071 
   00377    0.5375    -839.7556  0.2942 
   00378    0.5975    -805.6291  0.3013 
   00379    0.5325    -787.9069  0.3117 
   00380    0.5675    -753.5878  0.2827 
   00381    0.5550    -798.2054  0.2980 
   00382    0.5275    -794.0215  0.3061 
   00383    0.5250    -810.8324  0.3088 
   00384    0.5525    -781.9844  0.3192 
   00385    0.5825    -785.5539  0.3136 
   00386    0.5025    -827.9151  0.3087 
   00387    0.5750    -802.1086  0.3342 
   00388    0.5375    -828.8059  0.3118 
   00389    0.5900    -772.0817  0.3061 
   00390    0.5850    -812.8946  0.2944 
   00391    0.5350    -814.7915  0.2890 
   00392    0.5600    -850.0977  0.2768 
   00393    0.5325    -835.4987  0.2722 
   00394    0.5900    -811.8652  0.3082 
   00395    0.5500    -819.2673  0.2935 
   00396    0.5275    -822.6326  0.2690 
   00397    0.5650    -835.3861  0.2806 
   00398    0.5525    -832.7700  0.2990 
   00399    0.5400    -881.9925  0.2799 
   00400    0.5300    -881.4656  0.2658 
   00401    0.4850    -919.2981  0.2875 
   00402    0.5075    -876.0814  0.2937 
   00403    0.5575    -831.7364  0.3144 
   00404    0.5275    -832.2534  0.3071 
   00405    0.5350    -847.9972  0.2667 
   00406    0.5900    -832.4713  0.3055 
   00407    0.5725    -848.7822  0.3065 
   00408    0.5900    -850.6055  0.3005 
   00409    0.5600    -786.2907  0.3055 
   00410    0.6000    -785.8382  0.3189 
   00411    0.5850    -785.1203  0.3019 
   00412    0.5450    -783.6816  0.3209 
   00413    0.5925    -732.5454  0.3549 
   00414    0.5600    -721.2200  0.3060 
   00415    0.5850    -799.7775  0.2865 
   00416    0.5400    -785.6918  0.2701 
   00417    0.5850    -801.8570  0.2719 
   00418    0.5850    -823.8751  0.2649 
   00419    0.6100    -792.4518  0.2739 
   00420    0.5500    -816.1757  0.2664 
   00421    0.5700    -792.8094  0.2767 
   00422    0.5850    -795.9406  0.2704 
   00423    0.5250    -818.7479  0.2659 
   00424    0.5825    -796.7673  0.2586 
   00425    0.5750    -776.8779  0.2851 
   00426    0.5625    -780.9689  0.3205 
   00427    0.5875    -784.3452  0.2954 
   00428    0.5825    -831.5302  0.2547 
   00429    0.5600    -837.3525  0.2693 
   00430    0.5600    -833.4313  0.2708 
   00431    0.5700    -825.3207  0.3381 
   00432    0.5175    -882.0486  0.3603 
   00433    0.5275    -840.2162  0.3753 
   00434    0.5525    -863.6869  0.4232 
   00435    0.5525    -883.9622  0.4063 
   00436    0.5675    -875.1616  0.4329 
   00437    0.5600    -818.7395  0.4025 
   00438    0.5500    -831.6475  0.4332 
   00439    0.5375    -819.9054  0.3925 
   00440    0.5850    -819.0082  0.4136 
   00441    0.5950    -797.9636  0.3784 
   00442    0.6225    -798.6021  0.3858 
   00443    0.5700    -806.0517  0.3751 
   00444    0.5900    -823.1946  0.3735 
   00445    0.5925    -794.4009  0.3444 
   00446    0.6000    -753.3507  0.3408 
   00447    0.5850    -763.4574  0.3041 
   00448    0.6025    -758.9081  0.3572 
   00449    0.5875    -753.4834  0.3532 
   00450    0.5950    -845.9928  0.3340 
   00451    0.5200    -832.5570  0.3102 
   00452    0.5425    -827.3938  0.2898 
   00453    0.5275    -816.9967  0.2837 
   00454    0.5800    -815.5267  0.3493 
   00455    0.5925    -839.7749  0.3973 
   00456    0.5750    -783.9900  0.3993 
   00457    0.6475    -757.4657  0.3805 
   00458    0.5950    -745.2396  0.3776 
   00459    0.5925    -791.9789  0.3961 
   00460    0.5550    -826.7356  0.4300 
   00461    0.5750    -849.3224  0.4442 
   00462    0.5075    -896.2287  0.4695 
   00463    0.5475    -848.1187  0.4743 
   00464    0.5500    -849.1915  0.4632 
   00465    0.5100    -843.3635  0.4497 
   00466    0.5600    -836.0333  0.4368 
   00467    0.5600    -840.2622  0.4352 
   00468    0.5700    -872.4166  0.4321 
   00469    0.5800    -831.6256  0.3981 
   00470    0.5300    -830.4795  0.3772 
   00471    0.5025    -828.8427  0.3949 
   00472    0.5475    -818.0372  0.3716 
   00473    0.5150    -846.5337  0.3959 
   00474    0.5150    -830.9811  0.4037 
   00475    0.5625    -823.5922  0.3605 
   00476    0.5550    -860.2325  0.3630 
   00477    0.5875    -825.6686  0.3675 
   00478    0.5725    -820.8929  0.3856 
   00479    0.6175    -831.7727  0.3575 
   00480    0.5525    -790.0108  0.3586 
   00481    0.5650    -838.2637  0.3898 
   00482    0.5575    -857.4341  0.3956 
   00483    0.5575    -850.6830  0.3885 
   00484    0.6100    -784.5202  0.3895 
   00485    0.5800    -786.1816  0.4161 
   00486    0.5550    -781.4218  0.3801 
   00487    0.6150    -752.7796  0.3308 
   00488    0.6100    -782.1324  0.3031 
   00489    0.5950    -790.8160  0.3132 
   00490    0.6150    -815.3442  0.2659 
   00491    0.5050    -824.0947  0.2692 
   00492    0.5925    -817.5113  0.2877 
   00493    0.5750    -781.9733  0.3063 
   00494    0.6150    -784.2107  0.2643 
   00495    0.5875    -747.7276  0.2646 
   00496    0.6175    -730.7020  0.2797 
   00497    0.6075    -750.9411  0.2963 
   00498    0.5775    -746.4552  0.2649 
   00499    0.6075    -766.7383  0.2626 
   00500    0.5975    -809.8249  0.2633 
   00501    0.6025    -833.7135  0.2709 
   00502    0.5750    -789.3535  0.3138 
   00503    0.5875    -754.9261  0.3021 
   00504    0.5725    -724.4455  0.3221 
   00505    0.5575    -800.0816  0.3382 
   00506    0.5925    -845.7654  0.3127 
   00507    0.5200    -847.7392  0.3135 
   00508    0.5925    -855.9777  0.3113 
   00509    0.4950    -875.9831  0.3293 
   00510    0.5325    -909.9023  0.3156 
   00511    0.5350    -866.5438  0.3221 
   00512    0.5325    -877.1703  0.3407 
   00513    0.5600    -872.7788  0.3412 
   00514    0.5550    -842.8121  0.3280 
   00515    0.5350    -789.7306  0.3428 
   00516    0.6050    -803.3319  0.3649 
   00517    0.5675    -829.4664  0.3826 
   00518    0.5150    -836.8305  0.3501 
   00519    0.5275    -884.2138  0.3186 
   00520    0.5500    -875.3984  0.3270 
   00521    0.5200    -880.7192  0.3406 
   00522    0.5550    -828.9097  0.3348 
   00523    0.5375    -846.3670  0.3513 
   00524    0.5775    -839.1902  0.3295 
   00525    0.5350    -812.2864  0.3136 
   00526    0.5850    -800.3777  0.2845 
   00527    0.5850    -790.4061  0.2813 
   00528    0.5375    -803.1886  0.3157 
   00529    0.5775    -840.2354  0.3082 
   00530    0.5275    -821.7072  0.3091 
   00531    0.5775    -817.1682  0.3112 
   00532    0.5925    -806.8958  0.3245 
   00533    0.5375    -822.5912  0.3098 
   00534    0.5425    -813.9872  0.3002 
   00535    0.5475    -809.0288  0.2878 
   00536    0.5425    -853.9935  0.2621 
   00537    0.5725    -834.9815  0.2729 
   00538    0.5325    -833.9361  0.2688 
   00539    0.5575    -819.7965  0.2578 
   00540    0.5525    -848.0808  0.2849 
   00541    0.5675    -840.9760  0.3056 
   00542    0.6050    -810.5393  0.2969 
   00543    0.6150    -835.4334  0.3325 
   00544    0.5925    -791.5151  0.3639 
   00545    0.5700    -784.2301  0.3940 
   00546    0.5550    -745.6623  0.3620 
   00547    0.6250    -732.8311  0.3609 
   00548    0.6250    -787.4059  0.3671 
   00549    0.5900    -780.8028  0.3189 
   00550    0.5400    -747.4044  0.3358 
   00551    0.6225    -761.7845  0.3463 
   00552    0.5700    -797.9227  0.3497 
   00553    0.5675    -786.4143  0.3810 
   00554    0.5425    -782.6920  0.3598 
   00555    0.5900    -814.7758  0.3511 
   00556    0.5625    -826.9672  0.3513 
   00557    0.6100    -829.7317  0.3431 
   00558    0.5300    -822.7833  0.3564 
   00559    0.5750    -813.4549  0.3570 
   00560    0.6025    -794.8381  0.3872 
   00561    0.5300    -798.1727  0.4131 
   00562    0.5900    -835.0556  0.3924 
   00563    0.5025    -817.1481  0.4006 
   00564    0.5250    -841.2601  0.4028 
   00565    0.5300    -843.1434  0.4134 
   00566    0.5300    -862.0656  0.3893 
   00567    0.5275    -855.0147  0.3986 
   00568    0.5225    -844.3753  0.3694 
   00569    0.5475    -838.6308  0.3546 
   00570    0.5600    -854.5560  0.3875 
   00571    0.5350    -866.2897  0.3972 
   00572    0.5650    -847.0556  0.3828 
   00573    0.5575    -796.8439  0.3855 
   00574    0.5800    -788.9668  0.3840 
   00575    0.5800    -784.1562  0.3954 
   00576    0.5725    -880.3370  0.3663 
   00577    0.5475    -849.1163  0.3325 
   00578    0.5225    -829.3526  0.3078 
   00579    0.5750    -771.7208  0.3204 
   00580    0.6325    -774.8999  0.3392 
   00581    0.6025    -781.6100  0.3821 
   00582    0.5625    -780.6292  0.3819 
   00583    0.5675    -799.3779  0.3947 
   00584    0.5825    -805.7475  0.3614 
   00585    0.5425    -795.3257  0.3728 
   00586    0.5950    -817.2264  0.3648 
   00587    0.5725    -832.9628  0.3529 
   00588    0.5625    -827.9519  0.3713 
   00589    0.5425    -858.5433  0.3163 
   00590    0.5100    -880.7487  0.3381 
   00591    0.5625    -838.6467  0.3484 
   00592    0.5250    -884.8181  0.3194 
   00593    0.5725    -840.1210  0.3091 
   00594    0.5650    -816.2333  0.3566 
   00595    0.5650    -840.6457  0.3781 
   00596    0.5300    -834.0370  0.3762 
   00597    0.6000    -832.5149  0.3558 
   00598    0.5475    -816.9112  0.3662 
   00599    0.6025    -814.3848  0.3495 
   00600    0.5475    -830.0694  0.3467 
   00601    0.5875    -884.8245  0.3531 
   00602    0.5600    -828.6211  0.3212 
   00603    0.5675    -810.1868  0.3083 
   00604    0.5700    -845.2643  0.3223 
   00605    0.5600    -885.5755  0.3497 
   00606    0.5400    -848.0313  0.3787 
   00607    0.5625    -856.8398  0.4078 
   00608    0.4975    -886.7746  0.4238 
   00609    0.5150    -833.5483  0.4305 
   00610    0.5450    -864.6176  0.4848 
   00611    0.5350    -899.9012  0.4897 
   00612    0.5350    -929.7003  0.5047 
   00613    0.5475    -887.3057  0.4842 
   00614    0.5625    -864.8474  0.4596 
   00615    0.5425    -849.6888  0.4479 
   00616    0.5250    -829.2534  0.4432 
   00617    0.6125    -844.6891  0.4227 
   00618    0.5375    -824.7998  0.3853 
   00619    0.5225    -837.9144  0.3566 
   00620    0.5725    -793.0886  0.3264 
   00621    0.6100    -777.2722  0.3364 
   00622    0.6200    -796.7498  0.3539 
   00623    0.5850    -801.7494  0.3447 
   00624    0.5725    -816.5440  0.3554 
   00625    0.5675    -781.5260  0.3319 
   00626    0.5575    -826.5107  0.3665 
   00627    0.5525    -800.5183  0.3608 
   00628    0.5550    -788.3051  0.3502 
   00629    0.5800    -803.7679  0.4069 
   00630    0.5725    -781.3059  0.3451 
   00631    0.5925    -795.2992  0.3669 
   00632    0.5950    -769.8034  0.3653 
   00633    0.6075    -781.3754  0.3579 
   00634    0.5550    -793.3360  0.3581 
   00635    0.6000    -807.4564  0.3741 
   00636    0.5800    -835.2092  0.3736 
   00637    0.5125    -848.0426  0.3649 
   00638    0.5450    -812.4348  0.3774 
   00639    0.5950    -813.3187  0.3691 
   00640    0.5775    -822.4566  0.3682 
   00641    0.5275    -841.2091  0.4093 
   00642    0.5225    -869.3760  0.4091 
   00643    0.5225    -886.1846  0.4253 
   00644    0.4950    -898.9572  0.4003 
   00645    0.5475    -908.8026  0.4041 
   00646    0.5150    -901.9535  0.4181 
   00647    0.5400    -896.6276  0.3992 
   00648    0.5350    -875.0674  0.4026 
   00649    0.5725    -867.1655  0.4397 
   00650    0.5350    -860.9285  0.4370 
   00651    0.5350    -892.5035  0.4304 
   00652    0.5150    -901.0820  0.4127 
   00653    0.5000    -887.4105  0.4067 
   00654    0.5325    -877.5999  0.4146 
   00655    0.5475    -845.6293  0.3918 
   00656    0.5425    -846.7240  0.3577 
   00657    0.5400    -872.3306  0.3350 
   00658    0.5450    -864.8296  0.3561 
   00659    0.5850    -877.0040  0.3342 
   00660    0.5325    -873.4085  0.3223 
   00661    0.5400    -855.9511  0.3233 
   00662    0.5450    -805.1865  0.2987 
   00663    0.5475    -790.4886  0.2821 
   00664    0.5850    -849.3423  0.3267 
   00665    0.5225    -868.3575  0.3148 
   00666    0.5150    -879.8248  0.3433 
   00667    0.5375    -864.5278  0.3756 
   00668    0.5175    -871.9317  0.3712 
   00669    0.5400    -851.2460  0.3526 
   00670    0.5600    -824.2724  0.3537 
   00671    0.5100    -837.5731  0.3614 
   00672    0.5675    -919.1970  0.3554 
   00673    0.5600    -875.5136  0.3486 
   00674    0.5350    -877.2406  0.3399 
   00675    0.5275    -880.2111  0.3430 
   00676    0.5250    -855.2330  0.3311 
   00677    0.5625    -853.0226  0.3462 
   00678    0.5675    -863.7378  0.3517 
   00679    0.5375    -864.8736  0.3741 
   00680    0.5525    -847.2918  0.3626 
   00681    0.5600    -868.7607  0.4038 
   00682    0.5750    -838.7907  0.3930 
   00683    0.5925    -806.2885  0.4209 
   00684    0.6150    -823.5970  0.4074 
   00685    0.6150    -862.3063  0.3727 
   00686    0.5150    -825.2851  0.3810 
   00687    0.5725    -830.1650  0.3755 
   00688    0.5700    -830.3259  0.3503 
   00689    0.5825    -837.0872  0.3455 
   00690    0.5400    -827.6843  0.3501 
   00691    0.5325    -795.4667  0.3336 
   00692    0.6225    -801.6415  0.3023 
   00693    0.5650    -771.3523  0.3043 
   00694    0.5875    -798.2931  0.2757 
   00695    0.5400    -770.3545  0.2822 
   00696    0.5700    -786.7392  0.3167 
   00697    0.6050    -800.4956  0.3139 
   00698    0.5475    -828.9395  0.3454 
   00699    0.5700    -824.8249  0.3461 
   00700    0.5750    -800.5876  0.3263 
   00701    0.5100    -788.6948  0.3370 
   00702    0.6000    -833.8801  0.3606 
   00703    0.5450    -858.8933  0.3847 
   00704    0.5575    -815.7909  0.3497 
   00705    0.5675    -840.0151  0.3487 
   00706    0.5450    -840.1255  0.3545 
   00707    0.5925    -863.8696  0.3560 
   00708    0.5700    -836.6699  0.3429 
   00709    0.5350    -851.6844  0.3307 
   00710    0.5225    -828.1008  0.3321 
   00711    0.5600    -803.5994  0.2828 
   00712    0.5425    -849.6911  0.2957 
   00713    0.5725    -781.5538  0.2738 
   00714    0.6275    -800.6505  0.2753 
   00715    0.5325    -808.3845  0.2890 
   00716    0.5375    -789.0931  0.3099 
   00717    0.5675    -761.1409  0.3339 
   00718    0.6050    -815.4593  0.3412 
   00719    0.5400    -841.0730  0.3534 
   00720    0.5950    -824.5803  0.3722 
   00721    0.5475    -835.1853  0.3812 
   00722    0.5075    -830.1085  0.3676 
   00723    0.5975    -844.1509  0.3394 
   00724    0.5450    -898.9105  0.3447 
   00725    0.5175    -905.4841  0.3732 
   00726    0.6025    -834.5405  0.3976 
   00727    0.5800    -847.0455  0.3841 
   00728    0.5775    -865.6149  0.3698 
   00729    0.5475    -843.6709  0.3549 
   00730    0.5050    -816.4555  0.3657 
   00731    0.5750    -844.6406  0.3966 
   00732    0.5275    -864.5107  0.4063 
   00733    0.5600    -868.1139  0.4136 
   00734    0.6000    -837.3153  0.4132 
   00735    0.5800    -868.0155  0.3749 
   00736    0.5200    -873.6265  0.3752 
   00737    0.5200    -834.0814  0.3698 
   00738    0.5100    -899.7956  0.3938 
   00739    0.5825    -875.1938  0.3853 
   00740    0.4975    -841.2882  0.3987 
   00741    0.5550    -841.9182  0.4175 
   00742    0.5750    -845.3943  0.3959 
   00743    0.5625    -844.1645  0.4027 
   00744    0.5775    -816.5970  0.3890 
   00745    0.5825    -822.6767  0.3699 
   00746    0.5925    -821.6512  0.3322 
   00747    0.5725    -829.1757  0.3520 
   00748    0.5300    -799.8991  0.3227 
   00749    0.6400    -793.5788  0.3122 
   00750    0.5750    -811.0144  0.3229 
   00751    0.5425    -815.5048  0.2860 
   00752    0.5650    -806.4831  0.2771 
   00753    0.5675    -839.9171  0.2674 
   00754    0.6150    -816.1491  0.2695 
   00755    0.5675    -898.0680  0.2818 
   00756    0.4900    -894.3586  0.3089 
   00757    0.5325    -860.7558  0.3187 
   00758    0.5375    -897.9713  0.3773 
   00759    0.4975    -918.7057  0.3918 
   00760    0.5125    -902.1975  0.3660 
   00761    0.5300    -896.3892  0.3710 
   00762    0.5300    -889.1252  0.3999 
   00763    0.5575    -900.5332  0.3556 
   00764    0.5075    -891.8280  0.3518 
   00765    0.5525    -867.7246  0.3258 
   00766    0.5100    -882.2555  0.3131 
   00767    0.5450    -889.4846  0.2860 
   00768    0.5875    -851.6593  0.2755 
   00769    0.5725    -841.2772  0.2781 
   00770    0.5350    -854.7754  0.3005 
   00771    0.5350    -863.9077  0.3406 
   00772    0.5075    -842.6932  0.3142 
   00773    0.5250    -833.1974  0.3033 
   00774    0.5950    -846.2232  0.3223 
   00775    0.5825    -820.6696  0.3484 
   00776    0.5900    -841.2460  0.3585 
   00777    0.5650    -828.0122  0.4103 
   00778    0.5825    -819.4005  0.4140 
   00779    0.5625    -815.4501  0.3983 
   00780    0.5475    -811.3001  0.3561 
   00781    0.5675    -811.7972  0.3386 
   00782    0.5925    -770.4843  0.3608 
   00783    0.5850    -746.5786  0.3594 
   00784    0.5675    -796.5491  0.4011 
   00785    0.5800    -793.2376  0.3948 
   00786    0.5225    -844.8724  0.4101 
   00787    0.5875    -820.1831  0.4128 
   00788    0.5550    -836.4982  0.4172 
   00789    0.5100    -815.1973  0.4018 
   00790    0.5875    -828.3534  0.3573 
   00791    0.5625    -806.3144  0.3289 
   00792    0.6000    -781.4502  0.2855 
   00793    0.5950    -769.0338  0.2900 
   00794    0.5875    -821.7878  0.2791 
   00795    0.5550    -827.8795  0.2629 
   00796    0.5750    -859.9858  0.2805 
   00797    0.5150    -857.8494  0.2985 
   00798    0.5625    -812.4647  0.2816 
   00799    0.5450    -818.0706  0.2887 
   00800    0.5125    -846.3640  0.3081 
   00801    0.5775    -842.1425  0.2969 
   00802    0.5750    -845.2298  0.2891 
   00803    0.5625    -838.8664  0.2848 
   00804    0.5300    -828.4527  0.3084 
   00805    0.5350    -858.7349  0.3336 
   00806    0.5150    -837.5574  0.3521 
   00807    0.5225    -808.1649  0.3445 
   00808    0.5425    -781.3651  0.3660 
   00809    0.5875    -770.8825  0.3785 
   00810    0.5600    -782.4433  0.3348 
   00811    0.6050    -801.5988  0.2828 
   00812    0.5900    -811.5992  0.2595 
   00813    0.5575    -811.0479  0.2855 
   00814    0.5525    -846.8273  0.2743 
   00815    0.5825    -805.0261  0.2747 
   00816    0.5425    -785.8712  0.2782 
   00817    0.5450    -819.1877  0.2762 
   00818    0.5650    -764.4622  0.3103 
   00819    0.5475    -799.8270  0.3676 
   00820    0.6025    -837.7896  0.3616 
   00821    0.5625    -834.9887  0.3676 
   00822    0.5550    -838.0332  0.3919 
   00823    0.5575    -845.2793  0.3913 
   00824    0.5175    -841.2682  0.3925 
   00825    0.5625    -839.9074  0.3736 
   00826    0.5500    -861.1960  0.3593 
   00827    0.5350    -832.6043  0.3936 
   00828    0.5975    -795.3996  0.3876 
   00829    0.5775    -809.1916  0.3815 
   00830    0.5525    -812.0864  0.3774 
   00831    0.6050    -802.1942  0.3724 
   00832    0.5250    -856.8206  0.3800 
   00833    0.5300    -892.1300  0.3344 
   00834    0.5125    -853.9518  0.3260 
   00835    0.5425    -883.4538  0.3585 
   00836    0.4850    -876.1480  0.3321 
   00837    0.5125    -852.5209  0.3379 
   00838    0.6075    -830.3137  0.3401 
   00839    0.5350    -807.9241  0.3137 
   00840    0.5575    -857.3441  0.3121 
   00841    0.5650    -860.5645  0.3406 
   00842    0.5600    -862.7220  0.3303 
   00843    0.5675    -868.7943  0.3277 
   00844    0.5150    -839.9097  0.3585 
   00845    0.5525    -833.9616  0.3568 
   00846    0.5450    -881.9528  0.3606 
   00847    0.5150    -889.6368  0.3468 
   00848    0.5375    -806.3783  0.3396 
   00849    0.5325    -844.7406  0.3295 
   00850    0.5400    -821.3288  0.3167 
   00851    0.5325    -852.4541  0.3486 
   00852    0.5525    -810.5296  0.3089 
   00853    0.5725    -797.4689  0.3149 
   00854    0.6025    -795.6997  0.3225 
   00855    0.5850    -811.0083  0.2947 
   00856    0.5775    -784.8489  0.2659 
   00857    0.6025    -769.2064  0.2982 
   00858    0.5925    -792.4252  0.3059 
   00859    0.5500    -827.8527  0.3185 
   00860    0.5725    -792.9266  0.3151 
   00861    0.5725    -798.8890  0.2814 
   00862    0.5950    -804.6282  0.2727 
   00863    0.5775    -832.0962  0.2983 
   00864    0.5725    -803.0954  0.3524 
   00865    0.5850    -823.7181  0.3325 
   00866    0.5425    -835.0912  0.3738 
   00867    0.5375    -822.1558  0.3612 
   00868    0.5700    -780.8174  0.3521 
   00869    0.5675    -808.9972  0.3442 
   00870    0.5475    -812.5324  0.3757 
   00871    0.5800    -772.4408  0.3651 
   00872    0.5375    -786.8169  0.3857 
   00873    0.5850    -818.4011  0.3983 
   00874    0.5250    -799.1144  0.3879 
   00875    0.5775    -766.8346  0.3432 
   00876    0.5575    -796.3916  0.3514 
   00877    0.5475    -818.3182  0.3401 
   00878    0.5575    -781.8735  0.3127 
   00879    0.5975    -806.2640  0.3365 
   00880    0.5850    -799.7225  0.3564 
   00881    0.5725    -836.3961  0.3485 
   00882    0.5300    -833.2202  0.3348 
   00883    0.5650    -795.7515  0.3560 
   00884    0.5575    -854.2760  0.3763 
   00885    0.5575    -839.2151  0.3761 
   00886    0.5400    -857.8641  0.3586 
   00887    0.5150    -852.0312  0.3469 
   00888    0.5250    -842.2652  0.3312 
   00889    0.5400    -841.1151  0.3835 
   00890    0.4950    -842.6098  0.4196 
   00891    0.5400    -837.0304  0.3973 
   00892    0.5550    -830.5814  0.4008 
   00893    0.5550    -801.5556  0.3659 
   00894    0.5700    -818.2170  0.3600 
   00895    0.5575    -817.4865  0.3933 
   00896    0.5350    -854.9717  0.3966 
   00897    0.6025    -845.8125  0.3877 
   00898    0.5275    -873.5417  0.3920 
   00899    0.5150    -832.9785  0.3995 
   00900    0.5175    -894.0298  0.4059 
   00901    0.5700    -881.6327  0.3623 
   00902    0.5225    -860.1395  0.3334 
   00903    0.5600    -852.6373  0.3033 
   00904    0.5875    -848.5449  0.2863 
   00905    0.5325    -879.1586  0.2899 
   00906    0.5375    -850.2276  0.2649 
   00907    0.6025    -825.4357  0.2719 
   00908    0.5275    -884.3368  0.3033 
   00909    0.5750    -842.7593  0.3060 
   00910    0.5400    -818.6763  0.3465 
   00911    0.5625    -770.2280  0.3683 
   00912    0.5975    -810.7313  0.3718 
   00913    0.5925    -813.4488  0.3749 
   00914    0.5350    -802.5503  0.3641 
   00915    0.5725    -817.8328  0.3929 
   00916    0.5700    -816.6263  0.3769 
   00917    0.5400    -870.2544  0.3827 
   00918    0.5450    -874.7244  0.3634 
   00919    0.5600    -908.3537  0.4161 
   00920    0.5275    -901.3108  0.3885 
   00921    0.5575    -941.2700  0.3922 
   00922    0.5075    -950.8780  0.4081 
   00923    0.5525    -869.3128  0.3767 
   00924    0.5175    -815.2569  0.3516 
   00925    0.5750    -799.8658  0.3339 
   00926    0.5400    -814.4894  0.3236 
   00927    0.5450    -784.7436  0.3124 
   00928    0.5575    -811.8962  0.3062 
   00929    0.5625    -834.7802  0.3123 
   00930    0.5375    -843.0109  0.3726 
   00931    0.5475    -841.5085  0.3421 
   00932    0.5550    -858.7546  0.3689 
   00933    0.5925    -795.5630  0.3522 
   00934    0.5650    -767.7237  0.3827 
   00935    0.5500    -770.9429  0.3515 
   00936    0.5425    -756.6152  0.3644 
   00937    0.5650    -778.5333  0.3840 
   00938    0.6175    -813.4406  0.3498 
   00939    0.5850    -805.5717  0.3481 
   00940    0.5800    -785.3666  0.3881 
   00941    0.5750    -859.6896  0.4521 
   00942    0.5300    -832.8416  0.4751 
   00943    0.5000    -859.9944  0.4952 
   00944    0.5275    -893.5784  0.5291 
   00945    0.5050    -870.6116  0.4995 
   00946    0.5450    -857.1184  0.4456 
   00947    0.5425    -852.5961  0.4514 
   00948    0.5350    -831.0101  0.4685 
   00949    0.5225    -865.1619  0.4530 
   00950    0.5375    -840.9815  0.4546 
   00951    0.5725    -844.6602  0.4791 
   00952    0.5100    -869.7027  0.4658 
   00953    0.5275    -851.1775  0.4477 
   00954    0.5400    -820.3518  0.4329 
   00955    0.4950    -885.1408  0.4314 
   00956    0.5250    -869.4432  0.4408 
   00957    0.5650    -882.5437  0.4578 
   00958    0.5425    -896.1018  0.4562 
   00959    0.5275    -876.9070  0.4654 
   00960    0.4925    -847.3743  0.4568 
   00961    0.5425    -820.6996  0.4742 
   00962    0.5350    -890.4519  0.4952 
   00963    0.5325    -854.0725  0.4515 
   00964    0.5450    -873.4783  0.4363 
   00965    0.5475    -911.4936  0.4274 
   00966    0.5325    -865.8955  0.4138 
   00967    0.5275    -886.7556  0.4322 
   00968    0.5325    -894.4293  0.4460 
   00969    0.5525    -905.2407  0.4292 
   00970    0.5175    -907.6289  0.4346 
   00971    0.5075    -895.9075  0.4205 
   00972    0.5150    -897.6158  0.4244 
   00973    0.5075    -863.1338  0.4185 
   00974    0.5525    -814.5996  0.3988 
   00975    0.6200    -805.2845  0.3652 
   00976    0.5725    -827.8520  0.3589 
   00977    0.5625    -807.3576  0.3745 
   00978    0.5625    -838.3149  0.3526 
   00979    0.5575    -804.7040  0.3765 
   00980    0.5275    -821.0019  0.3330 
   00981    0.5550    -791.3469  0.2799 
   00982    0.5850    -787.5687  0.3037 
   00983    0.5375    -799.3700  0.2629 
   00984    0.6025    -791.0354  0.2920 
   00985    0.5425    -773.9757  0.2802 
   00986    0.6200    -774.2793  0.3317 
   00987    0.6150    -785.3878  0.3660 
   00988    0.5900    -801.5016  0.3821 
   00989    0.5700    -837.6293  0.3572 
   00990    0.5550    -845.9697  0.3800 
   00991    0.5600    -805.3523  0.3861 
   00992    0.5775    -772.7433  0.3650 
   00993    0.6150    -822.5984  0.3342 
   00994    0.5575    -820.6064  0.3182 
   00995    0.5525    -884.3044  0.3246 
   00996    0.5250    -869.5112  0.3005 
   00997    0.5475    -872.5012  0.2981 
   00998    0.5875    -858.4044  0.3351 
   00999    0.5425    -844.3743  0.3319 
   01000    0.5475    -882.2342  0.3054 
