#=====================================================
# File created:        Mon-06-Nov-2023-at-12-29-49PM
# Size of lattice:     20x20
# Number of MC steps:  1000
# Reduced temperature: 1.800
# Run time (s):        2.123102
#=====================================================
# MC step:  Ratio:     Energy:   Order:
#=====================================================
   00000    0.5000    -377.3510  0.2639 
   00001    0.7500    -533.0969  0.2860 
   00002    0.7350    -655.8172  0.3025 
   00003    0.6850    -704.6867  0.3038 
   00004    0.7250    -682.1362  0.3127 
   00005    0.6950    -710.5362  0.3370 
   00006    0.6675    -672.1861  0.2960 
   00007    0.7350    -601.8738  0.2846 
   00008    0.6950    -638.8829  0.2914 
   00009    0.7075    -666.0076  0.3128 
   00010    0.7275    -662.8883  0.3025 
   00011    0.7325    -665.6237  0.3008 
   00012    0.7075    -654.1290  0.2643 
   00013    0.7350    -653.9301  0.2687 
   00014    0.6675    -697.1421  0.2818 
   00015    0.6775    -668.4552  0.2708 
   00016    0.7175    -695.1340  0.2916 
   00017    0.6925    -667.2227  0.2611 
   00018    0.6575    -699.2788  0.2761 
   00019    0.6725    -715.0546  0.2771 
   00020    0.6750    -730.4966  0.3195 
   00021    0.6950    -727.0143  0.3153 
   00022    0.7225    -690.6440  0.3118 
   00023    0.6800    -725.0747  0.2565 
   00024    0.6325    -717.3652  0.2849 
   00025    0.7275    -669.7340  0.2992 
   00026    0.6975    -699.9281  0.2638 
   00027    0.7350    -668.3398  0.2649 
   00028    0.6850    -670.5655  0.2899 
   00029    0.7025    -679.4083  0.2673 
   00030    0.6850    -709.0001  0.2819 
   00031    0.6600    -661.1261  0.3010 
   00032    0.7100    -667.8853  0.3256 
   00033    0.6575    -711.2654  0.3397 
   00034    0.7075    -701.5852  0.3620 
   00035    0.6875    -721.2270  0.3203 
   00036    0.7100    -599.3897  0.2756 
   00037    0.7375    -625.7602  0.3022 
   00038    0.7200    -635.8991  0.2955 
   00039    0.7475    -688.8181  0.2866 
   00040    0.6700    -663.4373  0.2817 
   00041    0.7175    -641.1062  0.3036 
   00042    0.7275    -642.0970  0.2649 
   00043    0.7300    -619.1345  0.2891 
   00044    0.6775    -666.1347  0.2656 
   00045    0.7500    -662.1643  0.2878 
   00046    0.7000    -672.5245  0.3077 
   00047    0.7100    -679.0969  0.2977 
   00048    0.7075    -622.6952  0.2849 
   00049    0.7150    -648.2866  0.2616 
   00050    0.6650    -634.6169  0.2781 
   00051    0.6950    -675.1499  0.2867 
   00052    0.6800    -619.3234  0.2900 
   00053    0.6750    -691.1970  0.2660 
   00054    0.6800    -652.2932  0.2678 
   00055    0.6900    -683.3559  0.2999 
   00056    0.7050    -687.4680  0.3108 
   00057    0.6950    -715.6864  0.2799 
   00058    0.6525    -701.2496  0.3010 
   00059    0.7100    -623.8242  0.3146 
   00060    0.7325    -642.8834  0.3351 
   00061    0.7100    -676.8518  0.2972 
   00062    0.6900    -682.3338  0.3237 
   00063    0.6975    -645.0200  0.2845 
   00064    0.6725    -680.6865  0.2931 
   00065    0.6450    -700.1005  0.2865 
   00066    0.7050    -684.4315  0.2798 
   00067    0.6600    -622.1476  0.2627 
   00068    0.6700    -699.2905  0.2527 
   00069    0.6975    -682.8868  0.2835 
   00070    0.6825    -669.3636  0.2828 
   00071    0.6875    -634.4257  0.2694 
   00072    0.7000    -680.4375  0.3071 
   00073    0.7350    -648.9342  0.2857 
   00074    0.6800    -707.7342  0.3086 
   00075    0.6725    -660.7222  0.3223 
   00076    0.7400    -690.1054  0.3468 
   00077    0.6850    -675.7815  0.2978 
   00078    0.6275    -668.4624  0.2900 
   00079    0.7325    -647.7003  0.3119 
   00080    0.7550    -624.9125  0.2753 
   00081    0.6975    -621.8871  0.2763 
   00082    0.7250    -631.8039  0.3025 
   00083    0.7000    -604.0376  0.3039 
   00084    0.7400    -617.1206  0.3190 
   00085    0.7350    -637.9503  0.3112 
   00086    0.6875    -701.3414  0.2839 
   00087    0.7075    -703.3028  0.2971 
   00088    0.6750    -687.0451  0.3196 
   00089    0.7000    -639.6333  0.3047 
   00090    0.6975    -709.1133  0.2815 
   00091    0.6650    -604.1762  0.2760 
   00092    0.7350    -606.0636  0.2996 
   00093    0.7275    -633.0097  0.2948 
   00094    0.6875    -676.2250  0.3506 
   00095    0.7125    -658.9253  0.3431 
   00096    0.7100    -664.2156  0.3456 
   00097    0.7250    -628.5697  0.3373 
   00098    0.6825    -685.6749  0.3398 
   00099    0.6975    -610.9051  0.2961 
   00100    0.6975    -641.9098  0.2674 
   00101    0.7050    -673.4026  0.2999 
   00102    0.6750    -658.8589  0.3198 
   00103    0.7025    -631.8543  0.2995 
   00104    0.6550    -606.6306  0.3042 
   00105    0.7125    -620.6317  0.2959 
   00106    0.6900    -668.3214  0.2652 
   00107    0.7350    -681.1986  0.2829 
   00108    0.7175    -661.9576  0.2817 
   00109    0.6600    -706.8446  0.2669 
   00110    0.6800    -689.8465  0.2802 
   00111    0.6875    -669.7068  0.2901 
   00112    0.6450    -627.9711  0.2732 
   00113    0.7100    -685.6295  0.3016 
   00114    0.7100    -638.4217  0.2884 
   00115    0.6950    -621.8519  0.2962 
   00116    0.6900    -652.9395  0.2862 
   00117    0.7225    -638.1194  0.2675 
   00118    0.6750    -687.1428  0.2650 
   00119    0.6500    -732.5320  0.2578 
   00120    0.6825    -667.5541  0.2813 
   00121    0.6950    -683.5360  0.3425 
   00122    0.6375    -646.3048  0.3430 
   00123    0.6925    -682.4805  0.3593 
   00124    0.7125    -684.4529  0.3442 
   00125    0.6825    -657.5225  0.3628 
   00126    0.6975    -669.8816  0.3815 
   00127    0.7075    -652.9244  0.3870 
   00128    0.7075    -618.0065  0.3831 
   00129    0.6675    -638.5596  0.3705 
   00130    0.6925    -643.9596  0.3920 
   00131    0.7500    -666.4929  0.3203 
   00132    0.6375    -688.9939  0.3299 
   00133    0.6925    -629.6662  0.3038 
   00134    0.6925    -630.5292  0.2738 
   00135    0.7275    -641.4377  0.2726 
   00136    0.6875    -640.9268  0.3175 
   00137    0.6975    -658.7837  0.2864 
   00138    0.7400    -636.8816  0.2971 
   00139    0.7250    -590.6269  0.2918 
   00140    0.7200    -627.0533  0.3420 
   00141    0.7125    -632.1136  0.3945 
   00142    0.7225    -622.2058  0.3624 
   00143    0.7425    -642.7203  0.3306 
   00144    0.7200    -641.4431  0.3157 
   00145    0.6825    -672.0788  0.2766 
   00146    0.7300    -634.9547  0.2732 
   00147    0.6950    -586.8732  0.2743 
   00148    0.7175    -618.8219  0.2602 
   00149    0.7050    -674.1077  0.2646 
   00150    0.6675    -642.2827  0.2719 
   00151    0.6800    -689.5895  0.3128 
   00152    0.6900    -656.5368  0.2901 
   00153    0.7300    -647.8758  0.2567 
   00154    0.7275    -670.0571  0.2750 
   00155    0.7000    -666.3237  0.2640 
   00156    0.7225    -605.4660  0.2873 
   00157    0.6975    -672.3386  0.2908 
   00158    0.6800    -694.5796  0.3014 
   00159    0.6675    -702.2536  0.2632 
   00160    0.6575    -678.0820  0.2659 
   00161    0.6950    -716.1254  0.2822 
   00162    0.6450    -742.1065  0.2642 
   00163    0.6850    -725.3209  0.2751 
   00164    0.6475    -712.6436  0.2919 
   00165    0.6750    -673.3595  0.2800 
   00166    0.6900    -681.8196  0.2837 
   00167    0.6800    -643.6111  0.2967 
   00168    0.6875    -652.8836  0.2827 
   00169    0.6950    -692.3917  0.2902 
   00170    0.6325    -667.8237  0.3113 
   00171    0.6825    -661.8628  0.3254 
   00172    0.7225    -663.8861  0.3594 
   00173    0.6950    -654.2546  0.3643 
   00174    0.6925    -646.8744  0.3825 
   00175    0.7075    -655.3794  0.3467 
   00176    0.6875    -705.5418  0.3530 
   00177    0.6950    -709.4154  0.3236 
   00178    0.6375    -758.0142  0.3076 
   00179    0.6575    -684.6908  0.2819 
   00180    0.6425    -726.9471  0.3208 
   00181    0.6700    -697.3309  0.3222 
   00182    0.6950    -633.6822  0.3368 
   00183    0.6850    -662.3526  0.3200 
   00184    0.6875    -745.4887  0.3344 
   00185    0.6500    -706.5934  0.3220 
   00186    0.7125    -678.6586  0.3042 
   00187    0.7350    -674.9704  0.3242 
   00188    0.6850    -687.1458  0.2992 
   00189    0.7425    -731.1026  0.3073 
   00190    0.7225    -701.1462  0.2912 
   00191    0.7100    -651.7391  0.2971 
   00192    0.7200    -650.3119  0.2802 
   00193    0.7225    -694.3345  0.3041 
   00194    0.6800    -697.3492  0.3572 
   00195    0.6750    -600.8773  0.3363 
   00196    0.7175    -694.5385  0.3614 
   00197    0.7075    -682.5012  0.3431 
   00198    0.7000    -685.5997  0.3517 
   00199    0.7375    -708.8902  0.3359 
   00200    0.6975    -708.3417  0.3953 
   00201    0.6625    -737.8474  0.3971 
   00202    0.7050    -654.5181  0.3722 
   00203    0.6950    -617.6761  0.3466 
   00204    0.7275    -597.8129  0.3468 
   00205    0.6950    -657.3182  0.3566 
   00206    0.6825    -586.7620  0.3178 
   00207    0.7650    -604.0451  0.2818 
   00208    0.7125    -642.1227  0.2814 
   00209    0.7525    -669.8192  0.2748 
   00210    0.7025    -666.7760  0.3201 
   00211    0.7200    -717.0256  0.3081 
   00212    0.6875    -643.0380  0.3074 
   00213    0.6950    -659.2866  0.3601 
   00214    0.7100    -595.0208  0.3500 
   00215    0.6800    -646.5286  0.3221 
   00216    0.7125    -600.0583  0.2852 
   00217    0.6950    -628.9855  0.3076 
   00218    0.6650    -666.2059  0.3005 
   00219    0.7075    -631.3701  0.3186 
   00220    0.7275    -634.5202  0.2635 
   00221    0.6950    -623.6404  0.2690 
   00222    0.7650    -613.6533  0.2666 
   00223    0.6725    -653.4105  0.2573 
   00224    0.7000    -660.4592  0.2600 
   00225    0.6900    -668.8121  0.2646 
   00226    0.6700    -661.5365  0.3223 
   00227    0.7550    -636.1056  0.3092 
   00228    0.7400    -595.2875  0.2761 
   00229    0.6975    -656.8100  0.2928 
   00230    0.7075    -668.9170  0.3106 
   00231    0.6975    -674.4907  0.3051 
   00232    0.6975    -646.4173  0.3194 
   00233    0.7275    -669.9240  0.3038 
   00234    0.6750    -677.6048  0.3200 
   00235    0.6525    -660.8294  0.3298 
   00236    0.6800    -645.1007  0.3231 
   00237    0.6700    -636.6989  0.3153 
   00238    0.7050    -604.8590  0.3253 
   00239    0.7125    -625.7810  0.3468 
   00240    0.7250    -644.8345  0.2866 
   00241    0.6950    -616.5060  0.2689 
   00242    0.7125    -686.7902  0.2645 
   00243    0.6750    -674.8021  0.3036 
   00244    0.6900    -698.4949  0.3225 
   00245    0.6575    -654.6293  0.3043 
   00246    0.7275    -611.4068  0.2858 
   00247    0.7200    -638.6347  0.3130 
   00248    0.6975    -648.9523  0.3246 
   00249    0.7075    -654.6002  0.3585 
   00250    0.6975    -651.1486  0.3294 
   00251    0.6800    -628.0957  0.3029 
   00252    0.6825    -634.7375  0.2653 
   00253    0.7150    -634.0594  0.2914 
   00254    0.7325    -691.0681  0.2875 
   00255    0.6900    -627.9793  0.2998 
   00256    0.7525    -628.1583  0.2703 
   00257    0.7350    -636.2518  0.2779 
   00258    0.6950    -632.3627  0.2787 
   00259    0.7000    -714.4573  0.2715 
   00260    0.6550    -674.3915  0.2676 
   00261    0.7075    -683.1828  0.2850 
   00262    0.7025    -683.3363  0.2914 
   00263    0.6950    -699.9949  0.2637 
   00264    0.6925    -653.9308  0.2967 
   00265    0.6900    -656.0338  0.2908 
   00266    0.6750    -646.7865  0.2971 
   00267    0.7000    -666.1993  0.2717 
   00268    0.7275    -636.1166  0.2763 
   00269    0.7300    -696.5025  0.2716 
   00270    0.7175    -688.1279  0.2847 
   00271    0.6325    -695.1156  0.2852 
   00272    0.6900    -670.6891  0.3017 
   00273    0.7075    -676.4675  0.3059 
   00274    0.6875    -672.7822  0.2580 
   00275    0.6600    -664.1134  0.2686 
   00276    0.7425    -690.7628  0.2956 
   00277    0.6850    -654.7115  0.2675 
   00278    0.7075    -676.0699  0.2970 
   00279    0.7075    -701.7128  0.3274 
   00280    0.6500    -673.4134  0.2987 
   00281    0.6850    -705.5393  0.2875 
   00282    0.6950    -688.1538  0.2949 
   00283    0.6700    -723.8658  0.2920 
   00284    0.6750    -723.2409  0.3297 
   00285    0.6825    -704.2437  0.2825 
   00286    0.7225    -687.7834  0.3249 
   00287    0.6600    -631.7231  0.3122 
   00288    0.6850    -651.6966  0.3415 
   00289    0.6800    -710.8498  0.3153 
   00290    0.6825    -673.0697  0.3077 
   00291    0.7200    -690.5466  0.3057 
   00292    0.6675    -621.6953  0.3287 
   00293    0.7525    -700.7172  0.3510 
   00294    0.6800    -676.2349  0.3040 
   00295    0.7025    -666.7664  0.2923 
   00296    0.7125    -627.0569  0.3156 
   00297    0.7425    -632.9071  0.3461 
   00298    0.6450    -659.9789  0.3397 
   00299    0.6600    -701.6301  0.3123 
   00300    0.7125    -718.5261  0.2798 
   00301    0.7125    -650.4689  0.2733 
   00302    0.7350    -626.0430  0.3016 
   00303    0.6875    -656.4930  0.3367 
   00304    0.7300    -638.2355  0.3107 
   00305    0.6650    -626.9707  0.3235 
   00306    0.7300    -672.3811  0.2820 
   00307    0.6875    -610.4429  0.3036 
   00308    0.7125    -671.1911  0.3066 
   00309    0.7175    -629.3835  0.2849 
   00310    0.6875    -629.1166  0.3058 
   00311    0.7275    -630.9642  0.3377 
   00312    0.6775    -613.4618  0.3633 
   00313    0.7550    -639.3764  0.3129 
   00314    0.6750    -671.9473  0.2812 
   00315    0.7125    -666.4144  0.2937 
   00316    0.6975    -708.1825  0.2727 
   00317    0.6800    -675.9420  0.2999 
   00318    0.7300    -682.1244  0.2634 
   00319    0.7100    -691.8123  0.2534 
   00320    0.6750    -692.0083  0.2805 
   00321    0.6600    -697.7885  0.3304 
   00322    0.6525    -659.8763  0.2842 
   00323    0.7250    -705.0583  0.2809 
   00324    0.6900    -731.0094  0.2977 
   00325    0.6625    -705.2089  0.3457 
   00326    0.6600    -685.1079  0.3397 
   00327    0.6725    -733.4088  0.3282 
   00328    0.6825    -761.2217  0.2945 
   00329    0.6875    -712.9632  0.3304 
   00330    0.6800    -741.8818  0.3031 
   00331    0.6425    -735.9285  0.3151 
   00332    0.6725    -695.5646  0.3543 
   00333    0.6900    -665.3150  0.2877 
   00334    0.7300    -654.8782  0.2695 
   00335    0.7125    -696.8717  0.2682 
   00336    0.6700    -709.0075  0.2736 
   00337    0.7075    -704.9729  0.2763 
   00338    0.6750    -598.6113  0.2872 
   00339    0.7450    -599.7352  0.2874 
   00340    0.7050    -667.3172  0.2876 
   00341    0.6825    -651.9951  0.3291 
   00342    0.6975    -638.5244  0.2887 
   00343    0.7175    -695.6044  0.3517 
   00344    0.7175    -680.8579  0.3522 
   00345    0.7125    -676.0230  0.3267 
   00346    0.6550    -694.9461  0.3287 
   00347    0.6725    -683.4077  0.3279 
   00348    0.6925    -660.6117  0.3093 
   00349    0.7200    -643.3093  0.3247 
   00350    0.7125    -641.7325  0.2906 
   00351    0.7225    -669.0800  0.2889 
   00352    0.6950    -694.0254  0.2549 
   00353    0.7050    -633.5104  0.2930 
   00354    0.7575    -585.3193  0.2581 
   00355    0.7000    -645.6255  0.2750 
   00356    0.7200    -670.2439  0.3199 
   00357    0.6975    -661.5160  0.3222 
   00358    0.6625    -682.9563  0.3711 
   00359    0.6525    -718.4288  0.3950 
   00360    0.6825    -706.0893  0.3510 
   00361    0.6675    -661.9089  0.3477 
   00362    0.7175    -653.0870  0.3479 
   00363    0.6650    -667.2006  0.3006 
   00364    0.7000    -640.9188  0.2850 
   00365    0.7225    -668.8891  0.2705 
   00366    0.6950    -654.5683  0.2873 
   00367    0.6875    -640.3950  0.2644 
   00368    0.7150    -681.3235  0.2968 
   00369    0.6725    -640.5398  0.2925 
   00370    0.7125    -648.4073  0.2784 
   00371    0.7125    -668.7762  0.3079 
   00372    0.6975    -670.3314  0.2628 
   00373    0.7075    -625.9816  0.2662 
   00374    0.7350    -634.8132  0.2997 
   00375    0.6950    -701.5113  0.2805 
   00376    0.6850    -662.6752  0.3139 
   00377    0.6750    -643.6734  0.3006 
   00378    0.6850    -680.0685  0.3474 
   00379    0.6750    -680.9853  0.3553 
   00380    0.7275    -671.1386  0.3502 
   00381    0.7000    -691.9587  0.3753 
   00382    0.7000    -676.9021  0.3780 
   00383    0.6850    -625.4805  0.3772 
   00384    0.7150    -683.4032  0.3728 
   00385    0.6975    -653.3244  0.3246 
   00386    0.6900    -655.2571  0.3005 
   00387    0.6825    -654.8885  0.2997 
   00388    0.7100    -680.7207  0.2853 
   00389    0.6950    -706.8942  0.2949 
   00390    0.7150    -700.3539  0.3048 
   00391    0.6975    -663.7751  0.2880 
   00392    0.6700    -712.1957  0.2785 
   00393    0.6625    -685.9156  0.3070 
   00394    0.7150    -629.9834  0.3019 
   00395    0.6875    -639.6446  0.2864 
   00396    0.6950    -635.0343  0.2836 
   00397    0.6700    -662.1885  0.2875 
   00398    0.7025    -659.7126  0.2763 
   00399    0.7100    -725.4236  0.3031 
   00400    0.7125    -693.1966  0.2912 
   00401    0.6950    -680.1597  0.2779 
   00402    0.6825    -665.7175  0.2912 
   00403    0.6675    -719.1157  0.2883 
   00404    0.7075    -703.0056  0.2863 
   00405    0.6775    -637.8070  0.2762 
   00406    0.6600    -643.4681  0.2893 
   00407    0.6925    -667.1148  0.3050 
   00408    0.6975    -679.5805  0.2743 
   00409    0.7200    -634.1215  0.2660 
   00410    0.7450    -631.4602  0.3060 
   00411    0.7250    -656.2976  0.2547 
   00412    0.6850    -697.5451  0.2959 
   00413    0.6425    -706.9594  0.3348 
   00414    0.6875    -722.0512  0.3131 
   00415    0.6450    -725.6585  0.3252 
   00416    0.6975    -676.5890  0.2831 
   00417    0.6725    -731.0276  0.3031 
   00418    0.6650    -711.3650  0.2917 
   00419    0.6575    -700.7101  0.3424 
   00420    0.6825    -672.2805  0.3472 
   00421    0.6500    -660.8074  0.3801 
   00422    0.7375    -643.4286  0.3829 
   00423    0.6675    -690.9654  0.3954 
   00424    0.7075    -704.3349  0.3598 
   00425    0.6925    -694.8218  0.3441 
   00426    0.6875    -681.8351  0.3226 
   00427    0.6350    -695.9821  0.3059 
   00428    0.6725    -689.1170  0.2778 
   00429    0.6475    -681.9866  0.2764 
   00430    0.7075    -670.3615  0.3204 
   00431    0.6900    -703.4139  0.3479 
   00432    0.6675    -711.7138  0.3568 
   00433    0.6500    -706.5904  0.3306 
   00434    0.6950    -700.9727  0.3106 
   00435    0.7075    -672.1831  0.3347 
   00436    0.6900    -680.0524  0.3435 
   00437    0.6650    -697.1604  0.3542 
   00438    0.7125    -658.3532  0.3200 
   00439    0.7125    -660.5281  0.3046 
   00440    0.7025    -713.2580  0.3078 
   00441    0.6675    -694.8526  0.2768 
   00442    0.7225    -692.5909  0.3086 
   00443    0.6750    -712.0886  0.2817 
   00444    0.6750    -639.6877  0.2999 
   00445    0.6975    -610.4442  0.2796 
   00446    0.7475    -622.5970  0.3095 
   00447    0.7250    -627.6132  0.2838 
   00448    0.7225    -655.0487  0.2819 
   00449    0.7125    -663.6186  0.2803 
   00450    0.7275    -653.2431  0.2655 
   00451    0.7250    -651.6546  0.2763 
   00452    0.7050    -653.2815  0.2553 
   00453    0.7175    -709.7294  0.2928 
   00454    0.7150    -667.5218  0.3430 
   00455    0.6875    -711.3534  0.3724 
   00456    0.6725    -693.7772  0.3568 
   00457    0.6925    -724.7933  0.3464 
   00458    0.6475    -715.2172  0.3565 
   00459    0.7075    -687.4635  0.3305 
   00460    0.6525    -649.1588  0.3529 
   00461    0.7175    -654.8295  0.3413 
   00462    0.7275    -686.0719  0.2660 
   00463    0.7100    -632.8348  0.2847 
   00464    0.6950    -650.8093  0.2828 
   00465    0.7125    -660.9488  0.2857 
   00466    0.7225    -654.4351  0.3296 
   00467    0.6575    -660.7272  0.3328 
   00468    0.6675    -679.6312  0.3346 
   00469    0.6900    -697.8345  0.3528 
   00470    0.7025    -694.6621  0.3612 
   00471    0.6875    -716.8161  0.3661 
   00472    0.6625    -689.5423  0.3417 
   00473    0.6750    -698.3976  0.3063 
   00474    0.7200    -664.3755  0.2978 
   00475    0.7425    -688.7102  0.2987 
   00476    0.6725    -676.2644  0.3031 
   00477    0.7150    -646.2784  0.3179 
   00478    0.7200    -684.0736  0.3118 
   00479    0.6700    -681.5157  0.2953 
   00480    0.7125    -667.1017  0.2983 
   00481    0.7325    -662.5147  0.2628 
   00482    0.6625    -705.9382  0.2950 
   00483    0.6950    -693.9041  0.3010 
   00484    0.6725    -630.9206  0.2933 
   00485    0.6775    -625.8638  0.2942 
   00486    0.7450    -665.8687  0.2688 
   00487    0.6750    -685.9353  0.2646 
   00488    0.6425    -684.6551  0.2685 
   00489    0.7225    -672.0597  0.2773 
   00490    0.6900    -704.2727  0.2688 
   00491    0.6675    -661.8866  0.2914 
   00492    0.6950    -632.8560  0.3047 
   00493    0.7200    -702.0897  0.2947 
   00494    0.7100    -671.9575  0.3066 
   00495    0.7325    -635.9109  0.2772 
   00496    0.7100    -666.5751  0.2861 
   00497    0.7050    -701.9556  0.2917 
   00498    0.6825    -658.9810  0.2897 
   00499    0.6800    -678.0051  0.2866 
   00500    0.7175    -676.8934  0.2687 
   00501    0.6850    -724.4225  0.2819 
   00502    0.6775    -642.5693  0.2884 
   00503    0.6950    -650.5191  0.2684 
   00504    0.6950    -670.5947  0.3064 
   00505    0.7075    -652.9543  0.3024 
   00506    0.7250    -639.0208  0.3251 
   00507    0.7175    -648.2269  0.2640 
   00508    0.7475    -675.5434  0.2942 
   00509    0.6675    -606.8475  0.2798 
   00510    0.7250    -598.4214  0.2585 
   00511    0.7350    -631.2763  0.2670 
   00512    0.7000    -674.4604  0.3391 
   00513    0.6375    -687.8197  0.3052 
   00514    0.6750    -653.4922  0.3284 
   00515    0.7200    -651.3442  0.3230 
   00516    0.7100    -707.9124  0.3018 
   00517    0.7200    -658.3874  0.3206 
   00518    0.6925    -640.6878  0.2544 
   00519    0.7025    -639.4653  0.2639 
   00520    0.7175    -636.8663  0.3104 
   00521    0.6750    -643.5301  0.3252 
   00522    0.7100    -642.6712  0.3605 
   00523    0.7450    -618.7443  0.3052 
   00524    0.6900    -635.2002  0.2781 
   00525    0.6900    -674.6893  0.2638 
   00526    0.6925    -683.1696  0.3009 
   00527    0.7150    -608.1540  0.2801 
   00528    0.7050    -649.4675  0.2556 
   00529    0.6900    -644.0235  0.2711 
   00530    0.6850    -674.4615  0.2911 
   00531    0.7075    -683.1337  0.2902 
   00532    0.6600    -665.2695  0.3229 
   00533    0.6850    -710.7560  0.3410 
   00534    0.6750    -670.0997  0.3031 
   00535    0.6750    -662.8112  0.2950 
   00536    0.6725    -650.9785  0.2982 
   00537    0.7150    -670.4759  0.3018 
   00538    0.7225    -636.2418  0.3092 
   00539    0.7175    -667.0969  0.2747 
   00540    0.7050    -704.0960  0.2983 
   00541    0.6975    -686.7515  0.3376 
   00542    0.6650    -657.1587  0.3233 
   00543    0.7100    -681.3413  0.2783 
   00544    0.7050    -665.2460  0.2537 
   00545    0.6950    -659.3839  0.2938 
   00546    0.7600    -665.0507  0.2833 
   00547    0.7175    -657.8800  0.3105 
   00548    0.7000    -628.0619  0.3019 
   00549    0.7075    -689.4119  0.3496 
   00550    0.7000    -668.6466  0.3460 
   00551    0.6975    -687.6258  0.3106 
   00552    0.7450    -635.1918  0.3117 
   00553    0.6950    -594.1424  0.2925 
   00554    0.7350    -651.2284  0.2865 
   00555    0.6850    -681.2305  0.3036 
   00556    0.6650    -658.7659  0.2757 
   00557    0.7475    -640.2832  0.2685 
   00558    0.6875    -650.3226  0.2777 
   00559    0.7225    -602.4898  0.2637 
   00560    0.7200    -671.1577  0.2751 
   00561    0.7275    -637.3719  0.2875 
   00562    0.6300    -674.7816  0.3034 
   00563    0.6550    -711.3430  0.3125 
   00564    0.6550    -714.4537  0.3142 
   00565    0.7450    -627.1451  0.2902 
   00566    0.6800    -708.3839  0.2598 
   00567    0.6925    -695.4499  0.2634 
   00568    0.6725    -682.7425  0.2572 
   00569    0.7125    -625.3229  0.3008 
   00570    0.7325    -644.3267  0.3452 
   00571    0.6825    -657.8086  0.3289 
   00572    0.6850    -673.1200  0.3272 
   00573    0.7025    -689.2443  0.2755 
   00574    0.6975    -687.2549  0.2783 
   00575    0.6750    -687.3527  0.2905 
   00576    0.6650    -699.2452  0.2816 
   00577    0.6800    -677.6038  0.3133 
   00578    0.6425    -642.4156  0.2969 
   00579    0.7275    -645.2608  0.2987 
   00580    0.6725    -622.3473  0.2894 
   00581    0.7050    -671.4234  0.2929 
   00582    0.6775    -709.9313  0.3085 
   00583    0.6975    -681.4653  0.2646 
   00584    0.7025    -679.0661  0.2851 
   00585    0.6700    -666.3102  0.3434 
   00586    0.6825    -709.2867  0.3394 
   00587    0.6725    -713.9641  0.3342 
   00588    0.6750    -693.5968  0.2953 
   00589    0.7000    -697.1130  0.2884 
   00590    0.6975    -657.1868  0.3013 
   00591    0.6925    -561.4964  0.3085 
   00592    0.7300    -686.8814  0.3307 
   00593    0.6800    -704.3359  0.3401 
   00594    0.7100    -710.3503  0.3566 
   00595    0.6950    -682.0525  0.3647 
   00596    0.7025    -612.5853  0.3465 
   00597    0.7325    -643.4263  0.3348 
   00598    0.6950    -630.8237  0.3302 
   00599    0.7150    -628.4836  0.3244 
   00600    0.6925    -682.2617  0.2986 
   00601    0.6925    -637.0785  0.2829 
   00602    0.6975    -665.6193  0.2701 
   00603    0.7100    -659.6914  0.2850 
   00604    0.7325    -681.1074  0.2774 
   00605    0.7550    -688.5084  0.3087 
   00606    0.7025    -653.8271  0.3069 
   00607    0.7575    -696.7862  0.3333 
   00608    0.7050    -694.7597  0.3282 
   00609    0.7300    -716.8441  0.2933 
   00610    0.7100    -694.5744  0.3396 
   00611    0.6425    -700.8954  0.3687 
   00612    0.7425    -655.9638  0.3283 
   00613    0.6875    -692.9842  0.2699 
   00614    0.7075    -672.0009  0.3059 
   00615    0.7225    -692.9987  0.3260 
   00616    0.7200    -632.2693  0.3276 
   00617    0.6900    -687.5827  0.2785 
   00618    0.6850    -668.6972  0.2887 
   00619    0.7050    -662.6571  0.2773 
   00620    0.7050    -654.0470  0.2606 
   00621    0.6525    -688.7182  0.2889 
   00622    0.6700    -598.0527  0.2814 
   00623    0.7075    -670.7328  0.2619 
   00624    0.6775    -668.3566  0.2797 
   00625    0.7325    -640.8260  0.2665 
   00626    0.7150    -699.6055  0.2731 
   00627    0.7025    -674.8270  0.3026 
   00628    0.7125    -690.7478  0.2967 
   00629    0.6900    -616.3569  0.2857 
   00630    0.7475    -675.7408  0.3151 
   00631    0.7175    -593.9111  0.2725 
   00632    0.7250    -632.4478  0.2626 
   00633    0.6725    -699.6266  0.3014 
   00634    0.6725    -674.4080  0.2993 
   00635    0.6450    -700.4387  0.2940 
   00636    0.7350    -666.5211  0.3156 
   00637    0.6625    -646.1747  0.3198 
   00638    0.6550    -683.4181  0.2799 
   00639    0.6925    -683.0273  0.2825 
   00640    0.6700    -679.8401  0.3006 
   00641    0.7550    -666.3504  0.2757 
   00642    0.6700    -671.5061  0.2690 
   00643    0.7075    -663.6852  0.3064 
   00644    0.6725    -639.8922  0.2827 
   00645    0.7025    -640.0297  0.2875 
   00646    0.7225    -612.1966  0.2909 
   00647    0.6750    -687.6192  0.2840 
   00648    0.6500    -659.5815  0.2783 
   00649    0.7250    -633.3994  0.2720 
   00650    0.6875    -700.8086  0.2731 
   00651    0.6675    -685.5269  0.2729 
   00652    0.7175    -700.4388  0.2707 
   00653    0.6775    -667.8631  0.3212 
   00654    0.6525    -674.3618  0.2865 
   00655    0.6350    -678.0321  0.2839 
   00656    0.7025    -685.9838  0.2762 
   00657    0.6975    -697.1425  0.2549 
   00658    0.6725    -718.6738  0.2854 
   00659    0.6750    -671.6786  0.2851 
   00660    0.7475    -628.4450  0.3040 
   00661    0.7625    -592.8041  0.2608 
   00662    0.6975    -599.3755  0.2532 
   00663    0.7250    -620.5135  0.2656 
   00664    0.7625    -618.4508  0.2929 
   00665    0.7325    -655.2686  0.2813 
   00666    0.6425    -673.1829  0.2817 
   00667    0.6650    -619.5302  0.3025 
   00668    0.7300    -670.4949  0.3258 
   00669    0.7000    -648.2896  0.2955 
   00670    0.7200    -686.5978  0.3328 
   00671    0.7725    -583.6780  0.3356 
   00672    0.6975    -640.8786  0.3208 
   00673    0.6725    -639.7837  0.3239 
   00674    0.6950    -640.9803  0.3414 
   00675    0.7050    -649.5113  0.3144 
   00676    0.6850    -641.8309  0.2875 
   00677    0.7325    -694.4082  0.2702 
   00678    0.6825    -670.0696  0.2906 
   00679    0.7125    -674.2424  0.2695 
   00680    0.7325    -640.5477  0.2784 
   00681    0.7575    -643.8620  0.2933 
   00682    0.7250    -616.4165  0.3493 
   00683    0.7125    -670.8312  0.3410 
   00684    0.6975    -651.2612  0.3318 
   00685    0.6775    -715.6765  0.3315 
   00686    0.6850    -738.0952  0.3505 
   00687    0.6675    -731.3063  0.3619 
   00688    0.6975    -742.6341  0.3630 
   00689    0.6350    -773.4041  0.3547 
   00690    0.6525    -755.6437  0.3250 
   00691    0.6850    -726.3643  0.3401 
   00692    0.6525    -707.7075  0.3334 
   00693    0.6875    -697.2983  0.2890 
   00694    0.6850    -632.4465  0.2950 
   00695    0.6850    -654.3014  0.3042 
   00696    0.6900    -682.4764  0.3027 
   00697    0.7100    -604.4739  0.3018 
   00698    0.7150    -632.1359  0.3033 
   00699    0.6575    -623.9965  0.2751 
   00700    0.7000    -668.4272  0.2611 
   00701    0.6675    -681.1837  0.3084 
   00702    0.6550    -687.4103  0.3256 
   00703    0.6850    -657.9319  0.3321 
   00704    0.7175    -628.6530  0.3055 
   00705    0.6825    -640.4945  0.3431 
   00706    0.7100    -650.4707  0.3356 
   00707    0.7175    -670.7042  0.3625 
   00708    0.7100    -692.6076  0.3667 
   00709    0.6575    -675.6649  0.2983 
   00710    0.7150    -684.5606  0.2884 
   00711    0.6800    -701.1348  0.2818 
   00712    0.6975    -749.8275  0.2841 
   00713    0.6750    -748.1075  0.2821 
   00714    0.6800    -702.8705  0.3075 
   00715    0.6675    -696.3132  0.2718 
   00716    0.6850    -692.1889  0.3026 
   00717    0.6650    -660.5667  0.2874 
   00718    0.6950    -660.6345  0.2756 
   00719    0.6950    -678.2119  0.3247 
   00720    0.6825    -628.9020  0.3448 
   00721    0.7250    -611.1816  0.2952 
   00722    0.7225    -611.1086  0.3150 
   00723    0.7225    -589.5010  0.2730 
   00724    0.7225    -632.1037  0.2819 
   00725    0.6900    -662.4399  0.3149 
   00726    0.6750    -644.8957  0.3208 
   00727    0.6700    -706.1497  0.3210 
   00728    0.6525    -666.5948  0.3375 
   00729    0.7150    -658.0369  0.3161 
   00730    0.7375    -619.1781  0.2964 
   00731    0.7225    -682.5585  0.3542 
   00732    0.6700    -705.0001  0.3754 
   00733    0.6975    -727.6374  0.3559 
   00734    0.6625    -669.8292  0.3240 
   00735    0.6900    -691.5193  0.3745 
   00736    0.7325    -647.9395  0.3111 
   00737    0.7100    -651.1455  0.3013 
   00738    0.6950    -646.8561  0.2993 
   00739    0.6900    -682.0019  0.3105 
   00740    0.7000    -661.3627  0.3103 
   00741    0.7000    -695.2949  0.3347 
   00742    0.6575    -662.5225  0.3134 
   00743    0.6300    -682.6533  0.3294 
   00744    0.6675    -681.4406  0.3152 
   00745    0.6975    -669.8739  0.2630 
   00746    0.7000    -689.2862  0.3260 
   00747    0.7050    -662.5204  0.3046 
   00748    0.6925    -677.8202  0.2985 
   00749    0.6975    -649.1877  0.3013 
   00750    0.6950    -654.4854  0.3027 
   00751    0.7000    -628.7127  0.2904 
   00752    0.7475    -661.9348  0.3242 
   00753    0.6875    -691.4101  0.3187 
   00754    0.6425    -727.5476  0.3464 
   00755    0.6350    -694.4342  0.3481 
   00756    0.6900    -692.7900  0.3474 
   00757    0.6800    -737.6388  0.3046 
   00758    0.6800    -713.3562  0.2741 
   00759    0.7050    -718.1503  0.2891 
   00760    0.6950    -673.6493  0.2606 
   00761    0.6150    -689.1749  0.2912 
   00762    0.6650    -698.0354  0.2743 
   00763    0.6600    -688.5819  0.2636 
   00764    0.6775    -695.9660  0.2538 
   00765    0.7075    -658.5764  0.2665 
   00766    0.7250    -671.0271  0.2903 
   00767    0.7325    -628.2850  0.2663 
   00768    0.7200    -638.1212  0.2555 
   00769    0.7150    -662.5590  0.2910 
   00770    0.6700    -696.9528  0.2889 
   00771    0.6350    -698.7401  0.2553 
   00772    0.7125    -712.0681  0.3308 
   00773    0.6800    -660.9436  0.3284 
   00774    0.6950    -687.2456  0.3927 
   00775    0.7325    -660.9783  0.3441 
   00776    0.6625    -659.6626  0.3213 
   00777    0.6950    -632.0215  0.2802 
   00778    0.6925    -618.2410  0.2815 
   00779    0.7275    -669.2874  0.3014 
   00780    0.7025    -704.8485  0.3204 
   00781    0.6925    -700.3062  0.3412 
   00782    0.7100    -695.4476  0.3796 
   00783    0.6900    -645.4925  0.3669 
   00784    0.7125    -645.6639  0.3615 
   00785    0.7125    -676.8361  0.3443 
   00786    0.6800    -681.3952  0.3298 
   00787    0.7075    -644.2236  0.3358 
   00788    0.7100    -596.4105  0.2927 
   00789    0.7200    -586.2361  0.3036 
   00790    0.7575    -611.3137  0.2922 
   00791    0.7325    -620.9119  0.2788 
   00792    0.7325    -673.8137  0.2864 
   00793    0.6950    -637.2927  0.2997 
   00794    0.6675    -663.6269  0.2786 
   00795    0.7100    -685.3633  0.3099 
   00796    0.6700    -700.8227  0.3332 
   00797    0.6650    -682.8956  0.3298 
   00798    0.6525    -694.2441  0.3266 
   00799    0.6900    -676.4232  0.3351 
   00800    0.7250    -689.2010  0.3605 
   00801    0.6700    -686.2015  0.3300 
   00802    0.7225    -680.3786  0.3165 
   00803    0.6950    -660.0294  0.3263 
   00804    0.7250    -708.0584  0.3260 
   00805    0.6925    -681.5935  0.3306 
   00806    0.7225    -673.8912  0.3248 
   00807    0.7125    -649.3250  0.3167 
   00808    0.6475    -675.5112  0.2863 
   00809    0.6975    -709.1290  0.2897 
   00810    0.6900    -674.6554  0.2667 
   00811    0.7050    -653.5589  0.2841 
   00812    0.7025    -618.1617  0.2837 
   00813    0.7300    -650.7243  0.2763 
   00814    0.7100    -661.6820  0.3197 
   00815    0.6800    -625.7084  0.3536 
   00816    0.6850    -635.5868  0.3407 
   00817    0.6950    -644.7285  0.3276 
   00818    0.6950    -637.4539  0.3639 
   00819    0.6625    -698.2667  0.3696 
   00820    0.6925    -664.0522  0.3444 
   00821    0.6925    -721.5018  0.3149 
   00822    0.6500    -675.2450  0.3334 
   00823    0.6875    -683.1921  0.3564 
   00824    0.7200    -684.0696  0.3789 
   00825    0.7050    -711.7306  0.3639 
   00826    0.6875    -702.9265  0.3546 
   00827    0.7000    -669.2973  0.3441 
   00828    0.6825    -673.0131  0.3196 
   00829    0.6975    -673.4592  0.3048 
   00830    0.6700    -712.5483  0.2736 
   00831    0.7250    -663.2966  0.2713 
   00832    0.6700    -677.1694  0.2672 
   00833    0.6850    -662.8742  0.2538 
   00834    0.7100    -701.9614  0.2981 
   00835    0.6625    -651.8475  0.2980 
   00836    0.7150    -678.7940  0.3052 
   00837    0.7175    -692.7015  0.2957 
   00838    0.7025    -716.4422  0.3169 
   00839    0.6850    -712.1795  0.3241 
   00840    0.6675    -686.4819  0.2857 
   00841    0.6750    -680.5943  0.2873 
   00842    0.6950    -621.2591  0.2651 
   00843    0.6850    -624.8933  0.2931 
   00844    0.7450    -626.6144  0.2626 
   00845    0.6875    -620.7978  0.2981 
   00846    0.7300    -626.8645  0.2600 
   00847    0.7100    -605.3600  0.2683 
   00848    0.6675    -623.2348  0.2737 
   00849    0.7000    -669.2021  0.2654 
   00850    0.6975    -657.2645  0.2726 
   00851    0.6775    -739.2080  0.3112 
   00852    0.7075    -718.1812  0.3043 
   00853    0.6575    -696.1601  0.2967 
   00854    0.6925    -725.8605  0.2783 
   00855    0.6575    -720.9237  0.3046 
   00856    0.7275    -688.9875  0.2718 
   00857    0.7175    -652.8745  0.2563 
   00858    0.7000    -724.0008  0.2800 
   00859    0.6900    -684.9999  0.2995 
   00860    0.7500    -723.1038  0.2987 
   00861    0.6925    -709.5009  0.3196 
   00862    0.6775    -708.1513  0.3020 
   00863    0.6500    -673.0753  0.3103 
   00864    0.6600    -670.0376  0.3111 
   00865    0.6725    -672.3256  0.3114 
   00866    0.7100    -678.3689  0.3112 
   00867    0.7125    -654.5537  0.3198 
   00868    0.6975    -607.5329  0.3172 
   00869    0.7275    -624.5279  0.3193 
   00870    0.6925    -660.3389  0.3370 
   00871    0.7000    -655.9296  0.3892 
   00872    0.7175    -648.1670  0.3663 
   00873    0.7000    -660.5592  0.3338 
   00874    0.6600    -640.7962  0.3573 
   00875    0.7725    -596.4636  0.3614 
   00876    0.7175    -644.7598  0.3360 
   00877    0.7025    -667.4062  0.3369 
   00878    0.6925    -649.6117  0.3510 
   00879    0.6925    -682.1312  0.3679 
   00880    0.7100    -739.3834  0.3884 
   00881    0.6725    -709.7539  0.4118 
   00882    0.6675    -747.9790  0.3519 
   00883    0.6425    -713.3556  0.3342 
   00884    0.6400    -697.4077  0.3502 
   00885    0.6825    -660.4994  0.3793 
   00886    0.7200    -658.9649  0.3517 
   00887    0.7100    -629.9051  0.3690 
   00888    0.7000    -658.2756  0.3715 
   00889    0.6875    -689.4163  0.3639 
   00890    0.6725    -701.3337  0.3708 
   00891    0.7175    -650.5442  0.3606 
   00892    0.7200    -647.6510  0.3635 
   00893    0.7200    -607.1737  0.3284 
   00894    0.6775    -619.9252  0.3455 
   00895    0.7200    -598.3694  0.3348 
   00896    0.7475    -601.9512  0.2896 
   00897    0.7175    -640.9376  0.3215 
   00898    0.7750    -658.2252  0.2745 
   00899    0.7225    -639.8448  0.3142 
   00900    0.6775    -674.9712  0.2828 
   00901    0.7025    -672.1107  0.2824 
   00902    0.7025    -663.9248  0.3066 
   00903    0.6675    -674.3888  0.3003 
   00904    0.6900    -615.7756  0.2859 
   00905    0.7500    -671.3729  0.2775 
   00906    0.7325    -629.1225  0.2929 
   00907    0.7400    -638.9329  0.3024 
   00908    0.7700    -671.9782  0.2697 
   00909    0.6975    -623.9666  0.2729 
   00910    0.7150    -588.2213  0.2923 
   00911    0.7250    -674.4723  0.3073 
   00912    0.7050    -641.3005  0.3289 
   00913    0.7250    -644.6564  0.2835 
   00914    0.7150    -695.7892  0.3004 
   00915    0.7000    -650.0371  0.2691 
   00916    0.6975    -671.2838  0.2774 
   00917    0.6850    -688.7979  0.2989 
   00918    0.7100    -693.3134  0.2900 
   00919    0.6550    -685.2688  0.2937 
   00920    0.6850    -660.0610  0.3000 
   00921    0.6625    -675.7039  0.3018 
   00922    0.6775    -674.3097  0.3085 
   00923    0.7275    -612.5708  0.2771 
   00924    0.7150    -664.8904  0.2602 
   00925    0.7325    -645.2688  0.2566 
   00926    0.6925    -707.9354  0.2979 
   00927    0.6675    -685.1096  0.2797 
   00928    0.7100    -649.0939  0.3077 
   00929    0.7175    -594.0832  0.3007 
   00930    0.7250    -653.6852  0.3062 
   00931    0.7275    -638.6039  0.2891 
   00932    0.6900    -643.4040  0.3041 
   00933    0.6975    -666.3136  0.3202 
   00934    0.6975    -657.2497  0.3539 
   00935    0.7200    -625.5794  0.2748 
   00936    0.6775    -610.1749  0.2527 
   00937    0.6925    -700.6281  0.2697 
   00938    0.6775    -710.5849  0.2992 
   00939    0.7350    -676.0695  0.2767 
   00940    0.7075    -671.0088  0.2746 
   00941    0.6825    -644.1766  0.2688 
   00942    0.6800    -662.3138  0.2775 
   00943    0.6925    -693.5322  0.2931 
   00944    0.7150    -659.5928  0.2896 
   00945    0.6850    -674.2591  0.2790 
   00946    0.7225    -717.2723  0.2920 
   00947    0.7050    -661.9591  0.3198 
   00948    0.6875    -720.4719  0.3435 
   00949    0.7125    -713.4289  0.2781 
   00950    0.6625    -695.4471  0.3150 
   00951    0.7050    -714.0559  0.3672 
   00952    0.6675    -698.6473  0.3296 
   00953    0.6675    -727.4122  0.3033 
   00954    0.6875    -682.6154  0.2977 
   00955    0.6675    -707.1513  0.2760 
   00956    0.6725    -691.4089  0.2775 
   00957    0.6775    -672.6765  0.2790 
   00958    0.7125    -669.6839  0.2775 
   00959    0.7275    -663.2692  0.2786 
   00960    0.6825    -688.1382  0.2845 
   00961    0.7275    -711.8120  0.2962 
   00962    0.6775    -666.1839  0.2858 
   00963    0.6875    -649.2647  0.3361 
   00964    0.7375    -664.6260  0.3014 
   00965    0.7100    -659.0814  0.3208 
   00966    0.7375    -654.1934  0.3157 
   00967    0.6650    -683.3819  0.3534 
   00968    0.6900    -702.5993  0.3528 
   00969    0.7175    -688.1765  0.2897 
   00970    0.6875    -700.6951  0.2709 
   00971    0.6975    -735.8772  0.3320 
   00972    0.6925    -646.7380  0.3163 
   00973    0.7050    -693.4140  0.3038 
   00974    0.7500    -687.6087  0.3031 
   00975    0.7150    -711.4989  0.2872 
   00976    0.6925    -697.7212  0.3140 
   00977    0.6825    -637.9454  0.3044 
   00978    0.6850    -672.7617  0.3034 
   00979    0.7050    -662.9611  0.2982 
   00980    0.7000    -639.6495  0.3141 
   00981    0.7100    -629.9051  0.3071 
   00982    0.6725    -660.2641  0.3280 
   00983    0.6925    -665.9322  0.3390 
   00984    0.7375    -626.1522  0.3428 
   00985    0.7000    -626.6218  0.3131 
   00986    0.7050    -624.1800  0.2947 
   00987    0.6725    -605.2177  0.3066 
   00988    0.7600    -610.8619  0.3294 
   00989    0.6875    -670.2111  0.3001 
   00990    0.6925    -690.5904  0.2808 
   00991    0.6900    -677.3786  0.2540 
   00992    0.6900    -663.8674  0.2846 
   00993    0.7150    -663.0726  0.3128 
   00994    0.7350    -692.9268  0.2994 
   00995    0.6675    -692.4169  0.3425 
   00996    0.7400    -662.3818  0.3127 
   00997    0.7125    -618.9373  0.3015 
   00998    0.7100    -651.1976  0.3333 
   00999    0.7025    -611.8797  0.3118 
   01000    0.7325    -626.5035  0.3526 
