#=====================================================
# File created:        Mon-06-Nov-2023-at-03-13-48PM
# Size of lattice:     40x40
# Number of MC steps:  1000
# Reduced temperature: 0.200
# Run time (s):        7.430337
#=====================================================
# MC step:  Ratio:     Energy:   Order:
#=====================================================
   00000    0.5000   -1657.0173  0.2583 
   00001    0.6800   -2191.8266  0.2715 
   00002    0.6331   -2573.2102  0.2808 
   00003    0.6025   -2921.0294  0.2856 
   00004    0.5950   -3264.1930  0.2888 
   00005    0.5981   -3553.0342  0.2922 
   00006    0.5869   -3788.2621  0.2940 
   00007    0.5744   -4004.1915  0.3006 
   00008    0.5731   -4197.1879  0.2990 
   00009    0.5325   -4355.6816  0.3038 
   00010    0.5525   -4494.8821  0.3079 
   00011    0.5350   -4625.0027  0.3101 
   00012    0.5506   -4699.3891  0.3139 
   00013    0.5206   -4787.9865  0.3210 
   00014    0.5106   -4872.7016  0.3216 
   00015    0.5188   -4925.0692  0.3238 
   00016    0.5106   -5019.1953  0.3274 
   00017    0.5325   -5066.8645  0.3356 
   00018    0.5175   -5125.5315  0.3394 
   00019    0.5231   -5169.7119  0.3367 
   00020    0.4875   -5225.0227  0.3371 
   00021    0.5025   -5277.3100  0.3346 
   00022    0.5112   -5304.1772  0.3369 
   00023    0.4963   -5326.4181  0.3379 
   00024    0.5350   -5359.1103  0.3371 
   00025    0.4925   -5403.7926  0.3433 
   00026    0.4950   -5421.9830  0.3458 
   00027    0.4838   -5439.4719  0.3481 
   00028    0.4906   -5447.8635  0.3486 
   00029    0.5038   -5480.1457  0.3491 
   00030    0.5250   -5506.3032  0.3536 
   00031    0.4831   -5525.5503  0.3530 
   00032    0.4844   -5546.3118  0.3544 
   00033    0.4838   -5566.9014  0.3567 
   00034    0.4775   -5575.9056  0.3606 
   00035    0.4763   -5585.4041  0.3592 
   00036    0.4875   -5598.8048  0.3650 
   00037    0.5031   -5629.2826  0.3641 
   00038    0.4575   -5621.1379  0.3636 
   00039    0.4906   -5648.0121  0.3698 
   00040    0.4800   -5651.0772  0.3691 
   00041    0.4838   -5654.8584  0.3704 
   00042    0.4944   -5677.7766  0.3704 
   00043    0.4894   -5691.9264  0.3745 
   00044    0.4838   -5707.9814  0.3736 
   00045    0.4950   -5706.9368  0.3749 
   00046    0.4888   -5706.1645  0.3744 
   00047    0.4950   -5725.0602  0.3745 
   00048    0.4738   -5730.6631  0.3778 
   00049    0.4863   -5711.6456  0.3754 
   00050    0.4756   -5717.0520  0.3814 
   00051    0.4913   -5735.8670  0.3875 
   00052    0.4631   -5740.7633  0.3883 
   00053    0.4869   -5737.2890  0.3874 
   00054    0.4700   -5739.6294  0.3900 
   00055    0.4662   -5740.4067  0.3963 
   00056    0.4637   -5759.9717  0.3959 
   00057    0.4738   -5764.7309  0.3929 
   00058    0.4756   -5768.3171  0.3982 
   00059    0.4706   -5780.4242  0.3937 
   00060    0.4819   -5784.4375  0.3933 
   00061    0.4525   -5786.0792  0.3951 
   00062    0.4587   -5788.2716  0.3943 
   00063    0.4744   -5805.7540  0.3943 
   00064    0.5000   -5815.9744  0.3909 
   00065    0.5000   -5821.6817  0.3928 
   00066    0.4775   -5811.8899  0.3914 
   00067    0.4825   -5816.2066  0.3913 
   00068    0.4544   -5810.5102  0.3912 
   00069    0.4713   -5800.1573  0.3959 
   00070    0.4606   -5812.8919  0.3965 
   00071    0.4819   -5843.3773  0.3998 
   00072    0.4931   -5852.7796  0.4032 
   00073    0.4594   -5850.9093  0.4042 
   00074    0.4813   -5854.0278  0.4042 
   00075    0.4650   -5839.3290  0.4029 
   00076    0.4806   -5856.9362  0.4015 
   00077    0.4744   -5858.2532  0.4005 
   00078    0.4706   -5853.7590  0.4026 
   00079    0.4756   -5852.5061  0.4036 
   00080    0.4681   -5856.9903  0.4030 
   00081    0.4575   -5839.3067  0.4001 
   00082    0.4994   -5838.7853  0.4024 
   00083    0.4875   -5838.1685  0.4069 
   00084    0.4881   -5838.7337  0.4094 
   00085    0.4913   -5836.9418  0.4091 
   00086    0.4725   -5833.8547  0.4095 
   00087    0.4756   -5830.9237  0.4095 
   00088    0.4806   -5848.2108  0.4164 
   00089    0.4662   -5862.5763  0.4172 
   00090    0.4688   -5867.2254  0.4228 
   00091    0.4944   -5863.3851  0.4230 
   00092    0.4544   -5868.4360  0.4210 
   00093    0.4637   -5854.1221  0.4271 
   00094    0.4781   -5852.7772  0.4253 
   00095    0.4556   -5852.5104  0.4247 
   00096    0.4844   -5842.7209  0.4251 
   00097    0.4800   -5854.2008  0.4284 
   00098    0.4575   -5842.2648  0.4304 
   00099    0.4744   -5837.1849  0.4298 
   00100    0.4669   -5861.9601  0.4293 
   00101    0.4863   -5858.5021  0.4331 
   00102    0.5006   -5857.6490  0.4348 
   00103    0.4606   -5863.1640  0.4280 
   00104    0.4519   -5867.9739  0.4273 
   00105    0.4700   -5865.0475  0.4241 
   00106    0.4425   -5877.4534  0.4220 
   00107    0.4938   -5863.6095  0.4186 
   00108    0.4813   -5845.2795  0.4148 
   00109    0.4756   -5853.3788  0.4110 
   00110    0.4769   -5862.1461  0.4183 
   00111    0.4519   -5858.9383  0.4193 
   00112    0.4769   -5866.8544  0.4233 
   00113    0.4706   -5862.4591  0.4217 
   00114    0.4612   -5865.4631  0.4270 
   00115    0.4756   -5873.5201  0.4239 
   00116    0.4769   -5871.0449  0.4228 
   00117    0.4981   -5865.4702  0.4170 
   00118    0.4844   -5879.3335  0.4190 
   00119    0.4550   -5883.0411  0.4214 
   00120    0.4731   -5873.3237  0.4210 
   00121    0.4850   -5879.9082  0.4251 
   00122    0.4675   -5881.6826  0.4259 
   00123    0.4506   -5874.2157  0.4200 
   00124    0.4544   -5868.8494  0.4232 
   00125    0.4738   -5865.3572  0.4258 
   00126    0.4519   -5864.3075  0.4293 
   00127    0.4544   -5866.5049  0.4285 
   00128    0.4631   -5867.8507  0.4324 
   00129    0.4562   -5874.3749  0.4335 
   00130    0.4487   -5871.1459  0.4377 
   00131    0.4631   -5862.7604  0.4388 
   00132    0.4844   -5873.0549  0.4422 
   00133    0.4700   -5875.9926  0.4418 
   00134    0.4631   -5877.9832  0.4399 
   00135    0.4813   -5878.5000  0.4429 
   00136    0.4913   -5879.5093  0.4411 
   00137    0.4731   -5893.5696  0.4481 
   00138    0.4575   -5893.4157  0.4494 
   00139    0.4581   -5909.7994  0.4504 
   00140    0.4719   -5900.2378  0.4524 
   00141    0.4856   -5911.9561  0.4540 
   00142    0.4781   -5896.1801  0.4588 
   00143    0.4587   -5886.2012  0.4592 
   00144    0.4581   -5882.7551  0.4608 
   00145    0.4688   -5876.3003  0.4589 
   00146    0.4569   -5883.1491  0.4610 
   00147    0.4906   -5881.1702  0.4625 
   00148    0.4606   -5898.3674  0.4642 
   00149    0.4575   -5889.9797  0.4686 
   00150    0.4713   -5886.5025  0.4720 
   00151    0.4781   -5878.5481  0.4741 
   00152    0.4806   -5888.6566  0.4732 
   00153    0.4806   -5905.5976  0.4740 
   00154    0.4675   -5901.8961  0.4769 
   00155    0.4713   -5900.0247  0.4806 
   00156    0.4681   -5893.4506  0.4796 
   00157    0.4800   -5900.0609  0.4789 
   00158    0.4906   -5899.1513  0.4760 
   00159    0.4869   -5897.5512  0.4770 
   00160    0.4550   -5904.2118  0.4795 
   00161    0.4806   -5889.9823  0.4795 
   00162    0.4694   -5896.6266  0.4793 
   00163    0.4781   -5889.1510  0.4799 
   00164    0.4544   -5894.3578  0.4855 
   00165    0.4725   -5888.3509  0.4870 
   00166    0.4788   -5879.6114  0.4840 
   00167    0.4731   -5876.0641  0.4855 
   00168    0.4831   -5885.4268  0.4902 
   00169    0.4562   -5893.8671  0.4916 
   00170    0.4806   -5896.0528  0.4929 
   00171    0.4469   -5905.0438  0.4945 
   00172    0.4975   -5901.9504  0.4920 
   00173    0.4637   -5918.6169  0.4963 
   00174    0.4581   -5909.6828  0.4952 
   00175    0.4450   -5909.1257  0.4979 
   00176    0.4900   -5895.3137  0.4988 
   00177    0.4694   -5913.8237  0.4990 
   00178    0.4594   -5909.1717  0.4982 
   00179    0.4706   -5902.8187  0.5031 
   00180    0.4431   -5922.3277  0.5034 
   00181    0.4387   -5916.1588  0.5008 
   00182    0.4806   -5903.6143  0.4979 
   00183    0.4831   -5906.7719  0.4980 
   00184    0.4763   -5920.6608  0.4985 
   00185    0.4969   -5910.2082  0.5038 
   00186    0.5056   -5917.8838  0.5059 
   00187    0.4775   -5927.3739  0.5122 
   00188    0.4738   -5930.6524  0.5134 
   00189    0.4619   -5914.7941  0.5160 
   00190    0.4656   -5931.7054  0.5137 
   00191    0.4788   -5935.2033  0.5117 
   00192    0.4794   -5927.0479  0.5165 
   00193    0.4581   -5921.1861  0.5120 
   00194    0.4669   -5923.7288  0.5105 
   00195    0.4531   -5921.8587  0.5113 
   00196    0.4838   -5922.7988  0.5125 
   00197    0.5012   -5923.5676  0.5129 
   00198    0.4813   -5927.0076  0.5150 
   00199    0.4788   -5938.6219  0.5180 
   00200    0.4744   -5933.1050  0.5134 
   00201    0.4656   -5927.1243  0.5153 
   00202    0.4844   -5926.4499  0.5181 
   00203    0.4625   -5936.9703  0.5188 
   00204    0.4500   -5940.8697  0.5248 
   00205    0.4625   -5949.3429  0.5279 
   00206    0.4587   -5952.9678  0.5328 
   00207    0.4681   -5954.1492  0.5318 
   00208    0.4556   -5950.4761  0.5296 
   00209    0.4863   -5938.1311  0.5315 
   00210    0.4794   -5935.8559  0.5302 
   00211    0.4662   -5922.0251  0.5280 
   00212    0.4863   -5924.0759  0.5260 
   00213    0.4950   -5926.8757  0.5242 
   00214    0.4444   -5936.6818  0.5247 
   00215    0.4800   -5937.4006  0.5209 
   00216    0.4587   -5931.6713  0.5256 
   00217    0.4775   -5941.3834  0.5261 
   00218    0.4713   -5948.7477  0.5259 
   00219    0.4562   -5946.4735  0.5279 
   00220    0.4537   -5938.0837  0.5250 
   00221    0.4631   -5940.8031  0.5300 
   00222    0.4500   -5935.7125  0.5276 
   00223    0.4631   -5937.0988  0.5258 
   00224    0.4838   -5942.8965  0.5292 
   00225    0.4763   -5942.8839  0.5262 
   00226    0.4444   -5944.7173  0.5243 
   00227    0.4800   -5954.2958  0.5237 
   00228    0.4750   -5945.0256  0.5187 
   00229    0.4469   -5950.6873  0.5210 
   00230    0.4738   -5959.1099  0.5272 
   00231    0.4831   -5948.9555  0.5278 
   00232    0.4694   -5941.9188  0.5292 
   00233    0.4756   -5949.5532  0.5325 
   00234    0.4625   -5942.4502  0.5327 
   00235    0.4794   -5939.0911  0.5291 
   00236    0.4462   -5934.1181  0.5277 
   00237    0.4775   -5941.9440  0.5310 
   00238    0.4894   -5944.2318  0.5347 
   00239    0.4606   -5932.9116  0.5321 
   00240    0.4719   -5947.3376  0.5295 
   00241    0.4869   -5944.0162  0.5294 
   00242    0.4813   -5946.4200  0.5315 
   00243    0.4662   -5942.3299  0.5334 
   00244    0.4506   -5949.9602  0.5369 
   00245    0.4756   -5943.4231  0.5404 
   00246    0.4738   -5944.4113  0.5438 
   00247    0.4894   -5927.0765  0.5399 
   00248    0.4363   -5935.7093  0.5340 
   00249    0.4437   -5943.1808  0.5346 
   00250    0.4669   -5944.0626  0.5344 
   00251    0.4506   -5953.6993  0.5387 
   00252    0.4669   -5966.3329  0.5386 
   00253    0.4794   -5952.7389  0.5401 
   00254    0.4619   -5953.3512  0.5385 
   00255    0.4537   -5944.5238  0.5402 
   00256    0.4856   -5945.2593  0.5375 
   00257    0.4900   -5953.9132  0.5360 
   00258    0.4681   -5956.3724  0.5350 
   00259    0.4537   -5946.7400  0.5351 
   00260    0.4512   -5945.4767  0.5364 
   00261    0.4744   -5946.0400  0.5341 
   00262    0.4644   -5955.2365  0.5365 
   00263    0.4494   -5941.3961  0.5372 
   00264    0.4856   -5955.2430  0.5407 
   00265    0.4519   -5951.0095  0.5394 
   00266    0.4681   -5955.4807  0.5389 
   00267    0.4650   -5957.8075  0.5394 
   00268    0.4619   -5958.2607  0.5346 
   00269    0.4644   -5954.9292  0.5373 
   00270    0.4869   -5961.4960  0.5392 
   00271    0.4675   -5949.4978  0.5411 
   00272    0.4694   -5952.4347  0.5385 
   00273    0.4537   -5956.5098  0.5390 
   00274    0.4650   -5949.0228  0.5382 
   00275    0.4669   -5943.1241  0.5388 
   00276    0.4819   -5939.3984  0.5406 
   00277    0.4713   -5956.4263  0.5409 
   00278    0.4731   -5949.1212  0.5466 
   00279    0.4869   -5946.1341  0.5483 
   00280    0.4819   -5960.3622  0.5462 
   00281    0.4631   -5956.8676  0.5485 
   00282    0.4825   -5960.0191  0.5510 
   00283    0.4688   -5963.8398  0.5529 
   00284    0.4656   -5952.1793  0.5545 
   00285    0.4763   -5961.7663  0.5561 
   00286    0.4863   -5960.6367  0.5572 
   00287    0.4600   -5958.9446  0.5592 
   00288    0.4831   -5957.2583  0.5607 
   00289    0.4681   -5960.4547  0.5639 
   00290    0.4788   -5950.3628  0.5602 
   00291    0.4950   -5953.6584  0.5639 
   00292    0.4688   -5953.4312  0.5631 
   00293    0.4537   -5962.2781  0.5657 
   00294    0.4919   -5958.4555  0.5639 
   00295    0.4487   -5955.7723  0.5677 
   00296    0.4525   -5959.7314  0.5656 
   00297    0.4644   -5956.2302  0.5644 
   00298    0.4644   -5953.9986  0.5654 
   00299    0.4806   -5946.6388  0.5646 
   00300    0.4756   -5941.7923  0.5683 
   00301    0.4925   -5934.9393  0.5710 
   00302    0.4731   -5931.1778  0.5703 
   00303    0.4738   -5941.2146  0.5689 
   00304    0.4725   -5946.5029  0.5711 
   00305    0.4675   -5935.9200  0.5712 
   00306    0.4856   -5955.2456  0.5687 
   00307    0.4925   -5952.1297  0.5685 
   00308    0.4556   -5942.2254  0.5658 
   00309    0.4475   -5941.9037  0.5658 
   00310    0.4556   -5944.4205  0.5681 
   00311    0.4838   -5964.0200  0.5704 
   00312    0.4662   -5957.6269  0.5677 
   00313    0.4800   -5963.6539  0.5685 
   00314    0.4763   -5964.9422  0.5741 
   00315    0.4713   -5966.1752  0.5728 
   00316    0.4888   -5974.6317  0.5739 
   00317    0.4731   -5975.3620  0.5698 
   00318    0.4775   -5990.5091  0.5693 
   00319    0.4769   -5983.1201  0.5669 
   00320    0.4806   -5982.9083  0.5666 
   00321    0.4475   -5980.2487  0.5712 
   00322    0.4456   -5972.9319  0.5712 
   00323    0.4813   -5987.6085  0.5699 
   00324    0.4469   -5985.7183  0.5647 
   00325    0.4819   -5969.6003  0.5624 
   00326    0.4656   -5971.7149  0.5665 
   00327    0.4631   -5974.7322  0.5689 
   00328    0.4900   -5965.4173  0.5734 
   00329    0.4675   -5971.2983  0.5733 
   00330    0.4719   -5970.1750  0.5706 
   00331    0.4575   -5968.4048  0.5740 
   00332    0.4406   -5970.9686  0.5790 
   00333    0.4725   -5976.6116  0.5773 
   00334    0.4531   -5978.5002  0.5736 
   00335    0.4700   -5972.2250  0.5770 
   00336    0.4575   -5978.2294  0.5763 
   00337    0.4625   -5985.6105  0.5765 
   00338    0.4562   -5985.6398  0.5785 
   00339    0.4694   -5984.9449  0.5801 
   00340    0.4619   -5984.6825  0.5787 
   00341    0.4675   -5987.6650  0.5729 
   00342    0.4387   -5981.8642  0.5732 
   00343    0.4662   -5972.1134  0.5742 
   00344    0.4675   -5962.4104  0.5772 
   00345    0.4800   -5972.4569  0.5765 
   00346    0.4656   -5961.3671  0.5719 
   00347    0.4694   -5964.8748  0.5734 
   00348    0.4669   -5954.9251  0.5741 
   00349    0.4512   -5975.0569  0.5755 
   00350    0.4694   -5976.8908  0.5777 
   00351    0.4856   -5970.5975  0.5775 
   00352    0.4794   -5966.2807  0.5771 
   00353    0.4569   -5968.2089  0.5757 
   00354    0.4600   -5968.5143  0.5791 
   00355    0.4844   -5948.8308  0.5810 
   00356    0.4844   -5953.5159  0.5794 
   00357    0.4625   -5944.4984  0.5807 
   00358    0.4919   -5948.5023  0.5831 
   00359    0.4838   -5958.8941  0.5820 
   00360    0.4669   -5970.3082  0.5783 
   00361    0.4475   -5971.4251  0.5798 
   00362    0.4744   -5962.5624  0.5736 
   00363    0.4688   -5957.7595  0.5751 
   00364    0.4650   -5956.3156  0.5696 
   00365    0.4600   -5979.4796  0.5679 
   00366    0.4719   -5976.2217  0.5653 
   00367    0.4456   -5974.1269  0.5668 
   00368    0.4675   -5974.9997  0.5642 
   00369    0.4650   -5971.3035  0.5605 
   00370    0.4888   -5983.0847  0.5609 
   00371    0.4650   -5970.0705  0.5595 
   00372    0.4731   -5975.6484  0.5568 
   00373    0.4619   -5980.0637  0.5565 
   00374    0.4587   -5976.9835  0.5546 
   00375    0.4612   -5971.1455  0.5558 
   00376    0.4606   -5959.9612  0.5529 
   00377    0.4437   -5971.7047  0.5531 
   00378    0.4625   -5979.3212  0.5556 
   00379    0.4744   -5970.3326  0.5581 
   00380    0.4681   -5980.2669  0.5550 
   00381    0.4562   -5979.7754  0.5549 
   00382    0.4512   -5970.9953  0.5564 
   00383    0.4656   -5983.5828  0.5558 
   00384    0.4525   -5978.9349  0.5538 
   00385    0.4419   -5984.2663  0.5531 
   00386    0.4450   -5980.2742  0.5572 
   00387    0.4637   -5955.1916  0.5543 
   00388    0.4800   -5957.5340  0.5601 
   00389    0.4681   -5962.9924  0.5617 
   00390    0.4838   -5976.6184  0.5635 
   00391    0.4644   -5984.3606  0.5612 
   00392    0.4644   -5988.1390  0.5609 
   00393    0.4319   -5993.0620  0.5624 
   00394    0.4744   -5989.7657  0.5655 
   00395    0.4375   -5990.8364  0.5621 
   00396    0.4750   -5985.2174  0.5607 
   00397    0.4637   -5994.4620  0.5630 
   00398    0.4869   -5996.9160  0.5599 
   00399    0.4688   -6001.3797  0.5621 
   00400    0.4587   -5990.6624  0.5623 
   00401    0.4569   -6002.5450  0.5623 
   00402    0.4569   -5997.1754  0.5599 
   00403    0.4619   -5992.9186  0.5566 
   00404    0.4612   -6007.0925  0.5583 
   00405    0.4606   -6002.7718  0.5569 
   00406    0.4719   -5993.7565  0.5557 
   00407    0.4713   -5986.9561  0.5529 
   00408    0.4581   -5985.5438  0.5531 
   00409    0.4788   -5979.2812  0.5505 
   00410    0.4763   -5988.3102  0.5504 
   00411    0.4981   -5980.5840  0.5537 
   00412    0.4731   -5989.6748  0.5536 
   00413    0.4775   -5991.5255  0.5548 
   00414    0.4600   -5996.3939  0.5566 
   00415    0.4494   -5989.5458  0.5564 
   00416    0.4637   -5993.8322  0.5566 
   00417    0.4644   -5992.4489  0.5535 
   00418    0.4825   -5990.2827  0.5540 
   00419    0.4581   -5987.9910  0.5505 
   00420    0.4950   -5995.1129  0.5449 
   00421    0.4631   -6006.9414  0.5451 
   00422    0.4713   -5992.8581  0.5426 
   00423    0.4625   -5984.8824  0.5441 
   00424    0.4619   -5978.2074  0.5407 
   00425    0.4656   -5975.8957  0.5436 
   00426    0.4487   -5977.3865  0.5396 
   00427    0.4400   -5975.2431  0.5422 
   00428    0.4631   -5963.1355  0.5375 
   00429    0.4637   -5970.0243  0.5366 
   00430    0.4531   -5970.4003  0.5387 
   00431    0.4700   -5963.7039  0.5401 
   00432    0.4550   -5965.2565  0.5428 
   00433    0.4869   -5975.2748  0.5502 
   00434    0.4587   -5970.5795  0.5471 
   00435    0.4681   -5965.0466  0.5488 
   00436    0.4594   -5965.2565  0.5483 
   00437    0.4519   -5971.3328  0.5512 
   00438    0.4600   -5967.4027  0.5513 
   00439    0.4644   -5976.2142  0.5521 
   00440    0.4794   -5972.3921  0.5514 
   00441    0.4788   -5971.6766  0.5513 
   00442    0.4650   -5981.1604  0.5497 
   00443    0.4481   -5987.6889  0.5481 
   00444    0.4744   -5983.1538  0.5493 
   00445    0.4600   -5983.3740  0.5502 
   00446    0.4769   -5970.9987  0.5512 
   00447    0.4731   -5969.5129  0.5508 
   00448    0.4662   -5968.9025  0.5535 
   00449    0.4775   -5974.3526  0.5581 
   00450    0.4650   -5973.6757  0.5588 
   00451    0.4775   -5978.1417  0.5609 
   00452    0.4913   -5983.1256  0.5645 
   00453    0.4519   -5983.3653  0.5616 
   00454    0.4569   -5977.6688  0.5603 
   00455    0.4688   -5975.4648  0.5617 
   00456    0.4906   -5981.5851  0.5610 
   00457    0.4531   -5980.4850  0.5631 
   00458    0.4444   -5985.6788  0.5663 
   00459    0.4675   -5995.6052  0.5621 
   00460    0.4681   -5998.0559  0.5641 
   00461    0.4725   -5980.1132  0.5631 
   00462    0.4669   -5979.6330  0.5614 
   00463    0.4494   -5989.8784  0.5657 
   00464    0.4763   -5982.8235  0.5633 
   00465    0.4769   -5983.0919  0.5627 
   00466    0.4656   -5986.3172  0.5575 
   00467    0.4731   -5994.2019  0.5582 
   00468    0.4587   -5995.2584  0.5599 
   00469    0.4594   -5998.5437  0.5572 
   00470    0.4706   -5991.6289  0.5604 
   00471    0.4731   -6000.3378  0.5612 
   00472    0.4788   -5990.4383  0.5604 
   00473    0.4675   -5990.6764  0.5608 
   00474    0.4700   -5980.4542  0.5636 
   00475    0.4819   -5984.8760  0.5625 
   00476    0.4619   -5988.7555  0.5545 
   00477    0.4688   -5977.4985  0.5577 
   00478    0.4681   -5969.8364  0.5627 
   00479    0.4763   -5987.5628  0.5613 
   00480    0.4612   -5982.8398  0.5645 
   00481    0.4700   -5982.0706  0.5656 
   00482    0.4475   -5990.1907  0.5616 
   00483    0.4713   -5994.9126  0.5631 
   00484    0.4425   -5992.5678  0.5539 
   00485    0.4731   -6005.8068  0.5534 
   00486    0.4612   -6002.2920  0.5510 
   00487    0.4819   -5989.4461  0.5522 
   00488    0.4756   -6001.2703  0.5522 
   00489    0.4575   -5990.6592  0.5519 
   00490    0.4825   -5994.5528  0.5491 
   00491    0.4544   -6005.1664  0.5460 
   00492    0.4744   -5992.3390  0.5448 
   00493    0.4594   -5988.8788  0.5455 
   00494    0.4694   -5997.7923  0.5458 
   00495    0.4662   -6000.3099  0.5448 
   00496    0.4656   -6000.4991  0.5416 
   00497    0.4569   -6000.2921  0.5425 
   00498    0.4750   -5996.6604  0.5430 
   00499    0.4681   -5992.3653  0.5427 
   00500    0.4444   -5995.4761  0.5433 
   00501    0.4525   -5997.7220  0.5446 
   00502    0.4906   -6010.0644  0.5452 
   00503    0.4512   -5996.7706  0.5489 
   00504    0.4775   -5991.7944  0.5519 
   00505    0.4706   -5984.3557  0.5513 
   00506    0.4725   -5985.5831  0.5532 
   00507    0.4669   -5997.3101  0.5568 
   00508    0.4669   -5990.8274  0.5561 
   00509    0.4531   -5993.3227  0.5547 
   00510    0.4756   -5989.2883  0.5507 
   00511    0.4881   -5984.4513  0.5499 
   00512    0.4681   -5986.2799  0.5487 
   00513    0.4394   -5985.5880  0.5484 
   00514    0.4681   -5986.0395  0.5484 
   00515    0.4831   -6008.0371  0.5491 
   00516    0.4487   -6000.8203  0.5477 
   00517    0.4562   -5995.3584  0.5510 
   00518    0.4675   -5994.7841  0.5517 
   00519    0.4537   -6002.3933  0.5539 
   00520    0.4581   -6006.6679  0.5512 
   00521    0.4637   -6012.8399  0.5536 
   00522    0.4769   -6010.0996  0.5544 
   00523    0.4650   -5997.6163  0.5526 
   00524    0.4556   -5991.6727  0.5518 
   00525    0.4763   -5997.5961  0.5495 
   00526    0.4700   -5995.7195  0.5477 
   00527    0.4913   -5992.0400  0.5535 
   00528    0.4587   -6001.5441  0.5536 
   00529    0.4656   -5997.5057  0.5511 
   00530    0.4681   -5989.0539  0.5506 
   00531    0.4606   -5981.3513  0.5445 
   00532    0.4494   -5969.2734  0.5493 
   00533    0.4662   -5982.7359  0.5489 
   00534    0.4869   -5993.2385  0.5478 
   00535    0.4906   -6006.5707  0.5462 
   00536    0.4781   -5994.7957  0.5474 
   00537    0.4669   -5987.1443  0.5506 
   00538    0.4694   -5988.1628  0.5451 
   00539    0.4781   -5993.4182  0.5414 
   00540    0.4500   -5987.7011  0.5371 
   00541    0.4644   -5978.9008  0.5379 
   00542    0.4562   -5981.8583  0.5380 
   00543    0.4556   -5967.9300  0.5383 
   00544    0.4644   -5962.1749  0.5397 
   00545    0.4537   -5980.4437  0.5450 
   00546    0.4750   -5982.5163  0.5467 
   00547    0.4612   -5991.5949  0.5443 
   00548    0.4675   -5986.1149  0.5415 
   00549    0.4575   -5992.1031  0.5436 
   00550    0.4437   -5989.2631  0.5416 
   00551    0.4556   -5968.9755  0.5394 
   00552    0.4500   -5973.1204  0.5362 
   00553    0.4694   -5986.9980  0.5407 
   00554    0.4806   -5984.4630  0.5423 
   00555    0.4619   -5995.5987  0.5387 
   00556    0.4656   -5994.3329  0.5391 
   00557    0.4637   -6000.6429  0.5392 
   00558    0.4581   -6005.4367  0.5493 
   00559    0.4688   -5993.2105  0.5512 
   00560    0.4394   -5987.2082  0.5490 
   00561    0.4794   -5978.8810  0.5490 
   00562    0.4863   -5973.8244  0.5501 
   00563    0.4662   -5981.0891  0.5519 
   00564    0.4537   -5987.6287  0.5517 
   00565    0.4625   -5974.9909  0.5544 
   00566    0.4450   -5991.7357  0.5570 
   00567    0.4525   -5981.9259  0.5525 
   00568    0.4656   -5995.8013  0.5534 
   00569    0.4650   -5985.7986  0.5559 
   00570    0.4838   -5989.6208  0.5563 
   00571    0.4869   -6001.9163  0.5620 
   00572    0.4531   -6004.2986  0.5595 
   00573    0.4637   -5998.3579  0.5626 
   00574    0.4662   -5999.3411  0.5599 
   00575    0.4806   -6000.3551  0.5567 
   00576    0.4650   -6008.7162  0.5590 
   00577    0.4606   -6000.3465  0.5635 
   00578    0.4750   -5996.4309  0.5662 
   00579    0.4400   -5997.8757  0.5665 
   00580    0.4550   -5998.6452  0.5697 
   00581    0.4769   -6000.8686  0.5692 
   00582    0.4662   -5998.0459  0.5709 
   00583    0.4744   -5988.8662  0.5713 
   00584    0.4769   -5990.8725  0.5735 
   00585    0.4719   -5982.3536  0.5744 
   00586    0.4788   -5990.0293  0.5750 
   00587    0.4725   -5999.4169  0.5810 
   00588    0.4631   -6009.0558  0.5881 
   00589    0.4769   -6003.3636  0.5904 
   00590    0.4612   -6012.5910  0.5913 
   00591    0.4725   -6008.0003  0.5937 
   00592    0.4662   -5993.3280  0.5977 
   00593    0.4656   -5999.6833  0.5949 
   00594    0.4606   -6001.7541  0.5950 
   00595    0.4631   -5994.6230  0.5935 
   00596    0.4625   -6011.2602  0.5909 
   00597    0.4706   -5998.6874  0.5953 
   00598    0.4525   -5997.4538  0.5965 
   00599    0.4662   -6012.0282  0.5995 
   00600    0.4306   -6004.3619  0.5989 
   00601    0.4625   -5995.7935  0.5977 
   00602    0.4594   -5998.3774  0.5965 
   00603    0.4644   -6016.4776  0.5991 
   00604    0.4506   -6015.8655  0.5979 
   00605    0.4644   -6003.8067  0.5965 
   00606    0.4575   -6004.7577  0.5978 
   00607    0.4625   -6001.3980  0.5959 
   00608    0.4412   -5997.6725  0.5915 
   00609    0.4525   -6005.0142  0.5906 
   00610    0.4575   -6002.3418  0.5905 
   00611    0.4450   -6011.5369  0.5907 
   00612    0.4744   -5992.5975  0.5927 
   00613    0.4669   -5986.3876  0.5909 
   00614    0.4681   -5980.3350  0.5919 
   00615    0.4600   -5999.2846  0.5962 
   00616    0.4581   -5995.2019  0.5992 
   00617    0.4525   -6005.3677  0.6056 
   00618    0.4587   -5995.5663  0.6040 
   00619    0.4938   -5997.7474  0.6064 
   00620    0.4369   -5992.5847  0.6102 
   00621    0.4813   -6002.6005  0.6106 
   00622    0.4725   -5995.5400  0.6096 
   00623    0.4863   -6020.6263  0.6126 
   00624    0.4763   -6020.0899  0.6152 
   00625    0.4637   -6014.2061  0.6182 
   00626    0.4531   -6008.8177  0.6149 
   00627    0.4500   -6004.3412  0.6120 
   00628    0.4569   -6010.4426  0.6079 
   00629    0.4763   -6007.6707  0.6095 
   00630    0.4788   -6001.4257  0.6079 
   00631    0.4456   -6013.8649  0.6106 
   00632    0.4637   -6008.9327  0.6127 
   00633    0.4725   -6015.3991  0.6137 
   00634    0.4662   -6003.8801  0.6166 
   00635    0.4725   -5998.0561  0.6194 
   00636    0.4644   -5994.2105  0.6193 
   00637    0.4594   -5989.2409  0.6154 
   00638    0.4631   -5981.9471  0.6144 
   00639    0.4800   -6005.7457  0.6181 
   00640    0.4619   -6012.5538  0.6174 
   00641    0.4681   -6008.5696  0.6189 
   00642    0.4525   -6018.8247  0.6214 
   00643    0.4744   -6017.0166  0.6206 
   00644    0.4544   -6017.5164  0.6182 
   00645    0.4444   -6018.7267  0.6207 
   00646    0.4713   -6012.9305  0.6203 
   00647    0.4681   -6002.3985  0.6211 
   00648    0.4694   -6001.7751  0.6208 
   00649    0.4644   -6001.5584  0.6156 
   00650    0.4644   -5992.4440  0.6173 
   00651    0.4619   -6002.4869  0.6162 
   00652    0.4625   -6022.0672  0.6188 
   00653    0.4719   -6016.9021  0.6158 
   00654    0.4625   -6021.0851  0.6156 
   00655    0.4606   -6003.1135  0.6141 
   00656    0.4694   -6002.6977  0.6088 
   00657    0.4831   -5989.8232  0.6086 
   00658    0.4756   -5997.7351  0.6088 
   00659    0.4506   -6009.7175  0.6108 
   00660    0.4587   -6004.8240  0.6117 
   00661    0.4825   -5991.4037  0.6093 
   00662    0.4631   -5995.1303  0.6078 
   00663    0.4587   -5990.1056  0.6071 
   00664    0.4562   -5996.1973  0.6099 
   00665    0.4669   -6008.6034  0.6142 
   00666    0.4637   -5997.5112  0.6140 
   00667    0.4700   -5987.5434  0.6088 
   00668    0.4356   -5989.9028  0.6069 
   00669    0.4662   -5996.8298  0.6080 
   00670    0.4475   -5982.7848  0.6091 
   00671    0.4462   -5980.7906  0.6104 
   00672    0.4944   -5982.1341  0.6092 
   00673    0.4838   -5992.1365  0.6145 
   00674    0.4644   -6005.9579  0.6177 
   00675    0.4775   -5994.4563  0.6192 
   00676    0.4881   -5995.5072  0.6211 
   00677    0.4706   -5989.7562  0.6189 
   00678    0.4694   -5983.3835  0.6167 
   00679    0.4706   -5976.1733  0.6142 
   00680    0.4800   -5975.1442  0.6171 
   00681    0.4587   -5987.8856  0.6185 
   00682    0.4550   -5982.8407  0.6190 
   00683    0.4569   -5983.5530  0.6191 
   00684    0.4669   -5984.5807  0.6148 
   00685    0.4931   -5992.9030  0.6151 
   00686    0.4756   -5997.6008  0.6169 
   00687    0.4631   -6009.3278  0.6165 
   00688    0.4650   -6015.2141  0.6189 
   00689    0.4581   -6011.6718  0.6199 
   00690    0.4519   -5996.2514  0.6227 
   00691    0.4688   -5985.3808  0.6198 
   00692    0.4738   -5976.3506  0.6226 
   00693    0.4587   -5970.8669  0.6220 
   00694    0.4688   -5967.8355  0.6214 
   00695    0.4612   -5976.3211  0.6219 
   00696    0.4600   -5979.9393  0.6239 
   00697    0.4581   -5995.6682  0.6251 
   00698    0.4838   -5994.4792  0.6234 
   00699    0.4781   -6005.8800  0.6217 
   00700    0.4487   -6007.0124  0.6211 
   00701    0.4637   -6007.9159  0.6230 
   00702    0.4731   -6008.7846  0.6272 
   00703    0.4556   -5998.9608  0.6276 
   00704    0.4612   -5996.2349  0.6266 
   00705    0.4569   -5985.4715  0.6222 
   00706    0.4675   -5988.9124  0.6221 
   00707    0.5038   -6006.3393  0.6195 
   00708    0.4788   -6007.9772  0.6206 
   00709    0.4525   -5994.4851  0.6193 
   00710    0.4725   -6018.9537  0.6204 
   00711    0.4637   -6012.4407  0.6214 
   00712    0.4869   -5990.7049  0.6138 
   00713    0.4706   -5992.8180  0.6162 
   00714    0.4900   -6001.6502  0.6121 
   00715    0.4581   -5994.3392  0.6130 
   00716    0.4750   -5980.8701  0.6140 
   00717    0.4775   -5990.1700  0.6190 
   00718    0.4688   -5990.7596  0.6189 
   00719    0.4469   -5980.6601  0.6187 
   00720    0.4600   -5986.9636  0.6199 
   00721    0.4456   -5980.0116  0.6215 
   00722    0.4688   -5986.0985  0.6213 
   00723    0.4487   -5986.0967  0.6226 
   00724    0.4450   -5985.4402  0.6223 
   00725    0.4669   -5987.1253  0.6218 
   00726    0.4850   -5988.2490  0.6215 
   00727    0.4494   -5982.1851  0.6211 
   00728    0.4800   -5982.4269  0.6245 
   00729    0.4744   -5999.8868  0.6251 
   00730    0.4594   -6003.1544  0.6215 
   00731    0.4612   -6001.1945  0.6226 
   00732    0.4850   -5998.5687  0.6167 
   00733    0.4719   -6008.4319  0.6146 
   00734    0.4681   -5999.4152  0.6135 
   00735    0.4550   -5988.5852  0.6177 
   00736    0.4631   -5996.3894  0.6180 
   00737    0.4569   -5998.8836  0.6199 
   00738    0.4531   -6005.4279  0.6214 
   00739    0.4581   -6007.6040  0.6198 
   00740    0.4938   -6011.6134  0.6233 
   00741    0.4619   -6025.9555  0.6269 
   00742    0.4831   -6018.7308  0.6273 
   00743    0.4631   -6006.0489  0.6235 
   00744    0.4512   -5993.2220  0.6236 
   00745    0.4700   -5995.4814  0.6278 
   00746    0.4356   -6009.3251  0.6275 
   00747    0.4850   -6009.9508  0.6280 
   00748    0.4606   -6002.3162  0.6271 
   00749    0.4544   -6016.4417  0.6300 
   00750    0.4625   -6018.1886  0.6263 
   00751    0.4700   -6010.4235  0.6279 
   00752    0.4713   -6004.0277  0.6271 
   00753    0.4831   -5999.1763  0.6299 
   00754    0.4394   -5993.8206  0.6317 
   00755    0.4644   -5997.5097  0.6309 
   00756    0.4606   -5999.1679  0.6311 
   00757    0.4644   -6002.6015  0.6270 
   00758    0.4644   -6006.1805  0.6284 
   00759    0.4437   -6008.4823  0.6273 
   00760    0.4800   -5999.5197  0.6262 
   00761    0.4756   -6005.2527  0.6281 
   00762    0.4581   -5990.0335  0.6286 
   00763    0.4825   -6000.2460  0.6280 
   00764    0.4988   -6003.2888  0.6279 
   00765    0.4775   -5993.8293  0.6275 
   00766    0.4662   -5991.7785  0.6277 
   00767    0.4512   -5983.4032  0.6269 
   00768    0.4594   -5982.2512  0.6288 
   00769    0.4756   -5987.5480  0.6295 
   00770    0.4719   -5980.9538  0.6302 
   00771    0.4544   -5986.5864  0.6260 
   00772    0.4469   -6002.4373  0.6255 
   00773    0.4525   -6009.6635  0.6273 
   00774    0.4594   -6010.5371  0.6285 
   00775    0.4706   -6004.4860  0.6327 
   00776    0.4669   -6019.8694  0.6358 
   00777    0.4531   -6015.9816  0.6353 
   00778    0.4625   -6010.5712  0.6367 
   00779    0.4637   -6008.3770  0.6386 
   00780    0.4919   -6007.3269  0.6377 
   00781    0.4738   -5996.6290  0.6380 
   00782    0.4594   -5983.1168  0.6412 
   00783    0.4494   -5983.5980  0.6422 
   00784    0.4750   -5993.3413  0.6449 
   00785    0.4931   -5983.4458  0.6421 
   00786    0.4662   -5987.1276  0.6424 
   00787    0.4612   -5984.6600  0.6461 
   00788    0.4469   -5992.6905  0.6462 
   00789    0.4650   -5993.7426  0.6483 
   00790    0.4556   -5993.8307  0.6472 
   00791    0.4869   -5992.8668  0.6442 
   00792    0.4744   -5998.1010  0.6458 
   00793    0.4669   -6004.4772  0.6483 
   00794    0.4556   -6010.9816  0.6506 
   00795    0.4425   -6004.4209  0.6502 
   00796    0.4644   -6011.0750  0.6508 
   00797    0.4500   -5999.8777  0.6499 
   00798    0.4656   -5994.9597  0.6532 
   00799    0.4681   -5997.4226  0.6566 
   00800    0.4519   -5998.2009  0.6591 
   00801    0.4644   -6004.8248  0.6669 
   00802    0.4612   -5996.4373  0.6681 
   00803    0.4637   -5989.3083  0.6653 
   00804    0.4756   -5986.5247  0.6686 
   00805    0.4769   -5991.2971  0.6699 
   00806    0.4825   -5988.8429  0.6696 
   00807    0.4669   -5997.2328  0.6711 
   00808    0.4481   -5996.3447  0.6703 
   00809    0.4512   -6004.1378  0.6688 
   00810    0.4681   -6008.1874  0.6667 
   00811    0.4369   -6007.4213  0.6696 
   00812    0.4831   -5996.9786  0.6679 
   00813    0.4662   -5995.7804  0.6682 
   00814    0.4531   -6002.2982  0.6701 
   00815    0.4706   -6003.6067  0.6728 
   00816    0.4944   -5998.9022  0.6698 
   00817    0.4788   -6006.1888  0.6700 
   00818    0.4931   -6009.5740  0.6704 
   00819    0.4906   -5998.4735  0.6713 
   00820    0.4681   -5988.4087  0.6741 
   00821    0.4831   -5991.0141  0.6755 
   00822    0.4600   -5995.9826  0.6764 
   00823    0.4788   -5990.8879  0.6766 
   00824    0.4644   -5994.0725  0.6756 
   00825    0.4469   -5998.2882  0.6776 
   00826    0.4581   -5995.3066  0.6727 
   00827    0.4537   -6003.3840  0.6702 
   00828    0.4644   -6002.0590  0.6713 
   00829    0.4906   -6003.7903  0.6686 
   00830    0.4813   -6008.8991  0.6691 
   00831    0.4825   -5990.9364  0.6651 
   00832    0.4688   -5988.1306  0.6672 
   00833    0.4637   -5989.7408  0.6636 
   00834    0.4750   -5996.3349  0.6592 
   00835    0.4656   -6005.5067  0.6555 
   00836    0.4519   -6003.6905  0.6525 
   00837    0.4581   -6008.2810  0.6577 
   00838    0.4738   -6014.5777  0.6579 
   00839    0.4587   -6010.0541  0.6567 
   00840    0.4631   -5989.0786  0.6572 
   00841    0.4681   -5992.0878  0.6568 
   00842    0.4694   -5988.6572  0.6592 
   00843    0.4537   -6004.5073  0.6605 
   00844    0.4619   -6006.6867  0.6613 
   00845    0.4475   -6000.0222  0.6608 
   00846    0.4694   -5991.8363  0.6633 
   00847    0.4469   -5994.1553  0.6607 
   00848    0.4600   -6004.9911  0.6628 
   00849    0.4594   -6011.8602  0.6645 
   00850    0.4831   -6016.1641  0.6685 
   00851    0.4562   -6005.0747  0.6733 
   00852    0.4469   -5997.9679  0.6725 
   00853    0.4644   -6008.4095  0.6733 
   00854    0.4631   -5993.6107  0.6736 
   00855    0.4719   -5990.3330  0.6749 
   00856    0.4625   -5995.5421  0.6767 
   00857    0.4456   -6001.4191  0.6784 
   00858    0.4900   -5987.5223  0.6754 
   00859    0.4956   -6004.6602  0.6791 
   00860    0.4706   -6013.6023  0.6762 
   00861    0.4587   -6000.4317  0.6752 
   00862    0.4831   -6000.6083  0.6700 
   00863    0.4700   -5998.5213  0.6656 
   00864    0.4575   -5981.2624  0.6648 
   00865    0.4544   -5982.5002  0.6643 
   00866    0.4606   -6008.0485  0.6638 
   00867    0.4594   -6007.5931  0.6633 
   00868    0.4600   -6002.6710  0.6641 
   00869    0.4487   -6013.8215  0.6663 
   00870    0.4688   -6015.9305  0.6672 
   00871    0.4831   -5994.7891  0.6623 
   00872    0.4562   -5995.8447  0.6605 
   00873    0.4719   -6002.5530  0.6660 
   00874    0.4575   -5996.1492  0.6629 
   00875    0.4462   -5995.5151  0.6669 
   00876    0.4713   -5998.6318  0.6649 
   00877    0.4738   -6009.0470  0.6640 
   00878    0.4581   -6011.4156  0.6656 
   00879    0.4631   -6001.7513  0.6648 
   00880    0.4587   -5997.0153  0.6646 
   00881    0.4856   -5999.2861  0.6677 
   00882    0.4713   -6004.0547  0.6691 
   00883    0.4575   -5997.6121  0.6650 
   00884    0.4713   -6007.6258  0.6599 
   00885    0.4612   -5995.8618  0.6583 
   00886    0.4881   -5995.3300  0.6588 
   00887    0.4838   -5991.5718  0.6630 
   00888    0.4881   -6009.0290  0.6648 
   00889    0.4575   -6016.2384  0.6669 
   00890    0.4550   -6016.7697  0.6701 
   00891    0.4662   -6012.7997  0.6724 
   00892    0.4575   -6020.2466  0.6752 
   00893    0.4356   -6028.9094  0.6825 
   00894    0.4644   -6017.5120  0.6841 
   00895    0.4475   -6025.9163  0.6804 
   00896    0.4625   -6028.9414  0.6822 
   00897    0.4550   -6019.1554  0.6864 
   00898    0.4850   -6022.6233  0.6858 
   00899    0.4644   -6024.1373  0.6843 
   00900    0.4669   -6025.8168  0.6780 
   00901    0.4662   -6013.6278  0.6774 
   00902    0.4744   -6016.4774  0.6778 
   00903    0.4462   -6024.2762  0.6764 
   00904    0.4444   -6024.9615  0.6771 
   00905    0.4469   -6014.8106  0.6739 
   00906    0.4938   -6009.9362  0.6757 
   00907    0.4387   -6016.1821  0.6773 
   00908    0.4531   -6019.1097  0.6808 
   00909    0.4387   -6013.9179  0.6820 
   00910    0.4750   -6013.7862  0.6810 
   00911    0.4669   -6013.5546  0.6794 
   00912    0.4738   -6008.0460  0.6808 
   00913    0.4525   -5999.4973  0.6811 
   00914    0.4500   -6010.1245  0.6819 
   00915    0.4662   -6029.4443  0.6784 
   00916    0.4656   -6020.9326  0.6734 
   00917    0.4631   -6014.9719  0.6755 
   00918    0.4444   -6019.4244  0.6777 
   00919    0.4756   -6020.2242  0.6752 
   00920    0.4612   -6031.4319  0.6722 
   00921    0.4756   -6027.0644  0.6704 
   00922    0.4575   -6034.1199  0.6703 
   00923    0.4537   -6018.1506  0.6680 
   00924    0.4750   -6019.4108  0.6683 
   00925    0.4637   -5993.5004  0.6681 
   00926    0.4700   -6002.8679  0.6697 
   00927    0.4713   -6000.0714  0.6700 
   00928    0.4425   -6005.2734  0.6692 
   00929    0.4444   -6012.3746  0.6697 
   00930    0.4750   -6005.8631  0.6672 
   00931    0.4669   -6006.0085  0.6691 
   00932    0.4469   -6007.6534  0.6680 
   00933    0.4512   -6004.9827  0.6648 
   00934    0.4494   -6012.0433  0.6683 
   00935    0.4662   -6004.9196  0.6681 
   00936    0.4756   -5991.8480  0.6670 
   00937    0.4544   -5999.8633  0.6677 
   00938    0.4700   -5991.9411  0.6641 
   00939    0.4981   -5984.1447  0.6608 
   00940    0.4550   -6002.3345  0.6597 
   00941    0.4644   -5999.8058  0.6612 
   00942    0.4437   -5996.3041  0.6588 
   00943    0.4606   -5989.5521  0.6547 
   00944    0.4587   -5990.0699  0.6527 
   00945    0.4487   -6001.9032  0.6582 
   00946    0.4612   -6001.8308  0.6555 
   00947    0.4694   -5998.9975  0.6525 
   00948    0.4619   -5998.3257  0.6560 
   00949    0.4500   -5996.0750  0.6567 
   00950    0.4619   -5998.9134  0.6562 
   00951    0.4713   -6007.7114  0.6591 
   00952    0.4650   -6005.9152  0.6604 
   00953    0.4587   -6004.2907  0.6630 
   00954    0.4781   -6017.6035  0.6651 
   00955    0.4612   -6003.7475  0.6644 
   00956    0.4400   -6018.0662  0.6647 
   00957    0.4694   -6023.1704  0.6698 
   00958    0.4756   -6010.4590  0.6688 
   00959    0.4688   -6004.3542  0.6657 
   00960    0.4681   -6005.7778  0.6700 
   00961    0.4838   -6013.3232  0.6706 
   00962    0.4581   -6018.4256  0.6733 
   00963    0.4625   -6025.1702  0.6700 
   00964    0.4625   -6024.9909  0.6714 
   00965    0.4631   -6011.8246  0.6680 
   00966    0.4850   -6006.0410  0.6689 
   00967    0.4544   -6010.5465  0.6677 
   00968    0.4681   -6015.0491  0.6665 
   00969    0.4619   -6007.9894  0.6654 
   00970    0.4606   -6000.8097  0.6661 
   00971    0.4825   -6002.6713  0.6621 
   00972    0.4531   -6004.2383  0.6631 
   00973    0.4469   -6014.4826  0.6632 
   00974    0.4544   -5997.7261  0.6607 
   00975    0.4556   -5996.3921  0.6594 
   00976    0.4669   -6004.3860  0.6637 
   00977    0.4525   -5996.2135  0.6630 
   00978    0.4769   -6001.9174  0.6659 
   00979    0.4731   -5991.1062  0.6671 
   00980    0.4587   -5986.6426  0.6651 
   00981    0.4644   -5986.1386  0.6611 
   00982    0.4469   -5979.7069  0.6608 
   00983    0.4744   -5990.0730  0.6616 
   00984    0.4662   -5989.1999  0.6596 
   00985    0.4831   -5991.9123  0.6602 
   00986    0.4512   -6001.4146  0.6613 
   00987    0.4525   -5997.2279  0.6655 
   00988    0.4800   -6006.8619  0.6665 
   00989    0.4606   -5998.2725  0.6648 
   00990    0.4688   -6006.6198  0.6659 
   00991    0.4750   -6014.1582  0.6683 
   00992    0.4619   -6020.3620  0.6687 
   00993    0.4600   -6028.4844  0.6690 
   00994    0.4456   -6040.3011  0.6738 
   00995    0.4669   -6041.8121  0.6730 
   00996    0.4594   -6039.6706  0.6754 
   00997    0.4531   -6030.2381  0.6754 
   00998    0.4938   -6011.3686  0.6750 
   00999    0.4719   -5998.1783  0.6761 
   01000    0.4706   -6005.3317  0.6750 
