#=====================================================
# File created:        Mon-06-Nov-2023-at-02-30-39PM
# Size of lattice:     40x40
# Number of MC steps:  1000
# Reduced temperature: 1.400
# Run time (s):        34.934970
#=====================================================
# MC step:  Ratio:     Energy:   Order:
#=====================================================
   00000    0.5000   -1609.6618  0.2952 
   00001    0.7244   -2357.3648  0.2820 
   00002    0.6713   -2620.6312  0.2917 
   00003    0.6644   -2759.9409  0.2734 
   00004    0.6550   -2895.5957  0.2961 
   00005    0.6294   -2962.4429  0.2817 
   00006    0.6094   -3007.5300  0.2844 
   00007    0.6031   -3084.1833  0.2873 
   00008    0.6088   -3097.5555  0.2897 
   00009    0.6069   -3170.7540  0.2824 
   00010    0.6038   -3167.4832  0.2856 
   00011    0.6006   -3171.1249  0.2831 
   00012    0.6006   -3169.0036  0.2922 
   00013    0.6088   -2990.9246  0.2779 
   00014    0.6294   -2881.8859  0.2810 
   00015    0.6100   -2937.1624  0.2934 
   00016    0.6281   -2997.8551  0.2906 
   00017    0.6119   -3103.2918  0.2894 
   00018    0.5913   -3114.4106  0.2945 
   00019    0.6075   -3093.2799  0.2786 
   00020    0.6175   -3163.8639  0.2686 
   00021    0.6000   -3128.5667  0.2799 
   00022    0.5988   -3054.6523  0.2565 
   00023    0.5969   -3075.2482  0.2718 
   00024    0.6200   -3118.6334  0.2841 
   00025    0.6006   -3088.4944  0.2879 
   00026    0.5956   -3167.7143  0.3018 
   00027    0.5994   -3052.7999  0.2928 
   00028    0.5900   -3147.1483  0.2908 
   00029    0.6169   -3069.5799  0.2689 
   00030    0.6100   -3080.1781  0.2678 
   00031    0.6125   -3178.1644  0.2973 
   00032    0.6056   -3095.3702  0.3024 
   00033    0.5744   -3069.9223  0.2832 
   00034    0.6081   -3148.7116  0.2945 
   00035    0.6094   -3120.9946  0.2803 
   00036    0.6056   -3052.4719  0.2927 
   00037    0.6156   -3023.6505  0.2741 
   00038    0.5994   -2985.0995  0.2738 
   00039    0.5994   -3069.2037  0.2828 
   00040    0.6244   -2949.1340  0.2666 
   00041    0.6131   -3045.0649  0.2602 
   00042    0.6288   -2988.2090  0.2637 
   00043    0.6200   -3019.9846  0.2665 
   00044    0.6006   -2972.0882  0.2755 
   00045    0.6156   -3084.2338  0.2890 
   00046    0.6262   -3080.4086  0.2980 
   00047    0.6106   -3116.5258  0.2818 
   00048    0.6031   -3098.1856  0.2849 
   00049    0.5931   -3039.5579  0.2598 
   00050    0.6106   -2934.4215  0.2653 
   00051    0.6206   -2933.9817  0.2661 
   00052    0.6275   -2947.4637  0.2603 
   00053    0.6288   -2953.5080  0.2561 
   00054    0.6181   -2934.9238  0.2642 
   00055    0.6356   -2949.5670  0.2617 
   00056    0.6188   -2961.1680  0.2627 
   00057    0.6312   -3054.6438  0.2798 
   00058    0.6075   -3020.6721  0.2786 
   00059    0.6300   -3045.6115  0.2770 
   00060    0.6125   -3031.2064  0.2606 
   00061    0.6075   -2921.6336  0.2626 
   00062    0.6369   -2991.9051  0.2580 
   00063    0.6106   -2970.9978  0.2646 
   00064    0.6062   -2974.8930  0.2565 
   00065    0.6375   -2967.3153  0.2734 
   00066    0.5931   -3034.3110  0.2887 
   00067    0.6381   -3085.6655  0.3028 
   00068    0.5969   -3107.4323  0.2914 
   00069    0.5988   -3001.7729  0.2729 
   00070    0.6106   -3068.9624  0.2883 
   00071    0.6006   -3116.8405  0.2872 
   00072    0.6025   -3030.4507  0.2921 
   00073    0.6381   -3003.0429  0.2938 
   00074    0.6225   -3051.1296  0.2823 
   00075    0.6244   -2939.6329  0.2795 
   00076    0.6119   -2991.4577  0.2558 
   00077    0.6312   -3053.5048  0.2593 
   00078    0.6081   -3111.7580  0.2677 
   00079    0.6106   -3118.5119  0.2672 
   00080    0.6069   -3097.5826  0.2717 
   00081    0.5988   -3034.4372  0.2872 
   00082    0.5981   -3105.2408  0.2667 
   00083    0.6194   -3044.1989  0.2571 
   00084    0.6294   -2943.5179  0.2509 
   00085    0.6319   -2929.7455  0.2607 
   00086    0.6381   -3050.4158  0.2727 
   00087    0.6262   -2977.6237  0.2690 
   00088    0.6256   -3036.0182  0.2799 
   00089    0.6094   -3014.2206  0.2761 
   00090    0.6119   -3047.9884  0.2881 
   00091    0.5856   -3097.1325  0.3033 
   00092    0.6188   -3107.8487  0.3036 
   00093    0.6169   -3057.2346  0.3404 
   00094    0.6044   -3069.8538  0.3325 
   00095    0.6119   -3057.7565  0.3177 
   00096    0.6219   -2994.9956  0.3037 
   00097    0.6112   -3129.8845  0.3166 
   00098    0.6088   -3068.5015  0.3032 
   00099    0.6012   -2985.6330  0.3021 
   00100    0.6175   -3072.0411  0.3203 
   00101    0.5706   -3172.4545  0.3264 
   00102    0.6119   -3012.1608  0.3250 
   00103    0.6069   -3079.0592  0.3182 
   00104    0.6281   -2933.3185  0.2884 
   00105    0.6306   -2990.5606  0.2717 
   00106    0.6219   -3073.5752  0.2931 
   00107    0.6094   -3195.7111  0.2796 
   00108    0.5844   -3153.3449  0.2713 
   00109    0.5781   -3041.7337  0.2951 
   00110    0.6088   -3015.2379  0.2975 
   00111    0.6256   -3025.1510  0.3031 
   00112    0.5925   -3043.3969  0.3020 
   00113    0.6188   -2982.7159  0.3230 
   00114    0.6025   -3095.7044  0.3218 
   00115    0.6094   -3077.5481  0.3335 
   00116    0.6019   -3076.0682  0.3480 
   00117    0.5887   -3078.6536  0.3452 
   00118    0.6056   -3081.7730  0.3379 
   00119    0.6038   -3231.2036  0.3314 
   00120    0.5969   -3105.8708  0.3307 
   00121    0.6262   -3167.6752  0.3302 
   00122    0.6081   -2983.3584  0.3144 
   00123    0.6231   -2902.1772  0.3047 
   00124    0.6050   -3054.0185  0.2744 
   00125    0.6038   -2997.5991  0.2594 
   00126    0.6212   -3001.6521  0.2811 
   00127    0.6081   -3027.9520  0.2893 
   00128    0.6119   -3036.6562  0.2899 
   00129    0.5925   -3083.8866  0.2884 
   00130    0.6275   -3037.1442  0.2949 
   00131    0.6025   -3099.2434  0.3096 
   00132    0.6006   -3058.9636  0.3130 
   00133    0.6194   -3042.9591  0.3097 
   00134    0.6162   -3014.6050  0.3104 
   00135    0.6044   -3114.8939  0.2987 
   00136    0.5900   -3083.0514  0.2989 
   00137    0.6031   -2923.4405  0.2697 
   00138    0.6050   -3019.9160  0.2784 
   00139    0.6225   -3076.0663  0.2864 
   00140    0.6169   -2995.3141  0.2697 
   00141    0.6112   -3000.2846  0.2695 
   00142    0.5950   -3089.9858  0.2735 
   00143    0.6056   -3007.0512  0.2723 
   00144    0.6094   -3029.8689  0.2662 
   00145    0.6112   -3076.8926  0.2691 
   00146    0.5969   -3118.0758  0.2667 
   00147    0.6075   -3031.0928  0.2682 
   00148    0.6019   -2979.9912  0.2717 
   00149    0.6081   -2974.4457  0.2818 
   00150    0.6100   -3092.8879  0.2980 
   00151    0.6238   -3021.5863  0.2992 
   00152    0.6306   -3002.2396  0.2978 
   00153    0.6156   -3019.7375  0.2764 
   00154    0.6438   -3023.8269  0.2632 
   00155    0.6138   -3073.3303  0.2615 
   00156    0.5988   -2989.1632  0.2700 
   00157    0.5988   -3029.3102  0.2736 
   00158    0.6250   -2954.1911  0.2728 
   00159    0.6331   -3044.6375  0.2706 
   00160    0.6394   -2977.0195  0.2747 
   00161    0.5962   -3076.7297  0.2707 
   00162    0.6219   -3113.0338  0.2741 
   00163    0.6075   -3062.8711  0.2662 
   00164    0.6181   -3053.4766  0.2783 
   00165    0.6269   -3010.5388  0.2694 
   00166    0.5988   -3049.0235  0.2836 
   00167    0.6250   -3079.1314  0.2760 
   00168    0.6075   -3023.9517  0.2720 
   00169    0.6294   -3041.6057  0.2687 
   00170    0.6056   -2997.6607  0.2752 
   00171    0.6144   -2958.7288  0.2626 
   00172    0.6175   -3002.9589  0.2684 
   00173    0.6325   -2933.5960  0.2794 
   00174    0.6325   -2913.0099  0.2664 
   00175    0.6231   -2965.1332  0.2839 
   00176    0.6294   -3002.0413  0.2811 
   00177    0.6306   -2897.6628  0.2872 
   00178    0.6119   -2977.6164  0.2741 
   00179    0.5950   -2968.1478  0.2740 
   00180    0.6331   -2933.9777  0.2932 
   00181    0.6300   -3017.5711  0.2802 
   00182    0.6056   -3026.0848  0.2632 
   00183    0.6031   -3010.5009  0.2662 
   00184    0.6231   -3011.5394  0.2618 
   00185    0.6262   -3006.0354  0.2670 
   00186    0.6400   -3009.2020  0.2568 
   00187    0.6344   -2995.5609  0.2612 
   00188    0.6069   -3063.5780  0.2718 
   00189    0.6169   -3129.8591  0.2746 
   00190    0.6056   -3235.0010  0.2830 
   00191    0.6056   -3146.7503  0.2780 
   00192    0.5875   -3120.2090  0.2803 
   00193    0.6188   -3031.6049  0.2937 
   00194    0.6231   -3070.9670  0.2968 
   00195    0.6031   -2990.4963  0.2942 
   00196    0.6044   -3004.6012  0.2893 
   00197    0.6325   -3041.6178  0.2872 
   00198    0.6000   -2987.5327  0.2860 
   00199    0.6200   -3000.7881  0.2756 
   00200    0.6200   -3026.5134  0.2860 
   00201    0.6169   -3077.0371  0.2683 
   00202    0.6119   -2952.5921  0.2657 
   00203    0.6069   -3052.3860  0.2801 
   00204    0.6319   -2999.2746  0.2889 
   00205    0.5969   -3044.7083  0.2899 
   00206    0.6350   -2972.6658  0.2942 
   00207    0.6031   -3026.8448  0.2908 
   00208    0.6162   -3130.2309  0.2893 
   00209    0.5956   -3017.1698  0.2593 
   00210    0.6119   -3020.6305  0.2707 
   00211    0.6200   -3049.9652  0.2748 
   00212    0.6300   -3014.9448  0.2726 
   00213    0.6088   -3085.4797  0.2737 
   00214    0.6094   -3061.7855  0.2703 
   00215    0.5994   -3069.2598  0.2726 
   00216    0.6131   -3091.3267  0.2702 
   00217    0.6194   -2996.7784  0.2587 
   00218    0.6069   -3106.8318  0.2561 
   00219    0.5919   -3122.3977  0.2542 
   00220    0.5869   -3078.4691  0.2633 
   00221    0.6106   -3067.0381  0.2634 
   00222    0.5956   -3078.6694  0.2660 
   00223    0.6169   -3029.7255  0.2572 
   00224    0.6006   -3092.9841  0.2682 
   00225    0.6038   -3095.8307  0.2664 
   00226    0.6138   -3040.2002  0.2788 
   00227    0.6019   -3058.9166  0.2723 
   00228    0.6194   -3138.5132  0.2839 
   00229    0.6150   -3018.3793  0.2907 
   00230    0.6000   -3071.0949  0.2896 
   00231    0.5962   -3044.6877  0.2735 
   00232    0.5919   -3046.4701  0.2700 
   00233    0.6269   -3023.4403  0.2830 
   00234    0.5938   -3076.8010  0.2723 
   00235    0.6194   -3063.8130  0.2712 
   00236    0.6050   -3050.2479  0.2733 
   00237    0.6256   -3008.8451  0.2711 
   00238    0.6250   -3019.7620  0.2956 
   00239    0.6312   -3069.4559  0.3064 
   00240    0.6050   -3118.0261  0.3145 
   00241    0.6062   -3051.1711  0.2953 
   00242    0.6069   -2997.3589  0.2859 
   00243    0.6250   -2931.7618  0.2785 
   00244    0.6319   -2923.4581  0.2827 
   00245    0.6225   -2948.4184  0.2640 
   00246    0.6150   -3028.5992  0.2682 
   00247    0.6050   -3091.5264  0.2815 
   00248    0.6062   -3022.9609  0.2585 
   00249    0.6119   -3066.6445  0.2536 
   00250    0.5887   -3165.8873  0.2643 
   00251    0.5781   -3232.9159  0.2826 
   00252    0.6212   -3172.5481  0.2816 
   00253    0.6031   -3077.1542  0.2892 
   00254    0.6081   -3083.5820  0.2924 
   00255    0.5994   -2940.8245  0.2900 
   00256    0.6238   -2982.6380  0.2937 
   00257    0.6069   -2950.6784  0.2727 
   00258    0.6256   -2979.4965  0.2755 
   00259    0.6112   -3005.2478  0.2801 
   00260    0.6131   -3019.3474  0.2951 
   00261    0.6162   -2985.0509  0.2879 
   00262    0.6200   -3031.9585  0.2806 
   00263    0.6012   -3049.8739  0.2912 
   00264    0.6119   -2996.1605  0.2758 
   00265    0.6131   -3055.5902  0.2785 
   00266    0.6006   -3086.3976  0.2643 
   00267    0.5938   -3158.1297  0.2539 
   00268    0.6112   -3042.7128  0.2619 
   00269    0.6138   -2961.9295  0.2617 
   00270    0.6050   -3034.0431  0.2890 
   00271    0.5994   -3046.7708  0.2957 
   00272    0.5994   -3115.0378  0.3032 
   00273    0.6131   -3095.8689  0.2986 
   00274    0.5975   -3157.3832  0.3035 
   00275    0.6025   -3038.4721  0.2969 
   00276    0.6019   -3022.0681  0.3118 
   00277    0.6056   -3099.9842  0.3107 
   00278    0.6075   -3122.6244  0.3043 
   00279    0.5919   -3116.4143  0.3033 
   00280    0.5962   -3106.6690  0.3135 
   00281    0.6006   -3086.1979  0.3207 
   00282    0.6044   -3116.8042  0.3157 
   00283    0.5956   -3095.8673  0.3275 
   00284    0.6000   -3054.5517  0.3277 
   00285    0.6119   -3045.3457  0.3119 
   00286    0.5887   -3154.4189  0.3027 
   00287    0.6125   -2961.8096  0.2956 
   00288    0.6194   -2999.5406  0.2753 
   00289    0.5856   -3172.6448  0.2600 
   00290    0.6138   -3118.6911  0.2697 
   00291    0.5950   -3045.2204  0.2693 
   00292    0.6112   -3250.2878  0.2783 
   00293    0.5988   -3218.7409  0.2622 
   00294    0.5906   -3155.1714  0.2627 
   00295    0.5969   -3144.7227  0.2531 
   00296    0.6112   -3146.4851  0.2854 
   00297    0.5831   -3142.5987  0.2695 
   00298    0.6150   -3072.4318  0.2619 
   00299    0.6050   -3125.4710  0.2817 
   00300    0.6000   -3177.1781  0.2800 
   00301    0.5850   -3124.9365  0.2802 
   00302    0.6225   -3089.4569  0.2903 
   00303    0.6044   -2997.8503  0.3166 
   00304    0.6306   -2927.9746  0.3185 
   00305    0.5906   -2996.6652  0.3151 
   00306    0.6188   -3008.7476  0.2896 
   00307    0.6156   -3017.1153  0.3090 
   00308    0.5944   -3040.0206  0.3125 
   00309    0.6062   -3046.0391  0.3288 
   00310    0.6138   -2985.3018  0.3094 
   00311    0.6112   -3045.9995  0.3040 
   00312    0.6031   -2998.3168  0.3145 
   00313    0.6225   -3014.9704  0.3135 
   00314    0.6019   -3083.3283  0.3079 
   00315    0.6256   -3029.8316  0.3061 
   00316    0.6319   -3002.7018  0.3064 
   00317    0.6069   -3055.2509  0.2928 
   00318    0.6100   -2993.0497  0.3015 
   00319    0.6288   -2949.1469  0.2934 
   00320    0.6381   -2912.6785  0.2846 
   00321    0.6312   -2797.2476  0.2763 
   00322    0.6256   -2932.4797  0.2692 
   00323    0.6275   -2995.9745  0.2831 
   00324    0.6106   -2995.1276  0.2886 
   00325    0.6231   -3080.9477  0.2990 
   00326    0.6219   -2986.8633  0.2930 
   00327    0.6144   -3054.6500  0.2762 
   00328    0.6194   -2957.4626  0.2744 
   00329    0.6038   -2968.9466  0.2841 
   00330    0.6269   -3015.8525  0.2851 
   00331    0.6012   -3051.9821  0.2983 
   00332    0.6038   -3180.5962  0.3147 
   00333    0.6206   -3089.1167  0.3021 
   00334    0.6250   -3033.9354  0.3033 
   00335    0.6256   -3095.8011  0.3058 
   00336    0.6119   -3104.2616  0.3054 
   00337    0.6244   -2968.8225  0.3015 
   00338    0.6338   -2983.3814  0.3067 
   00339    0.6119   -2993.2084  0.3030 
   00340    0.6456   -2958.1570  0.2981 
   00341    0.6444   -2950.5138  0.3163 
   00342    0.6050   -3016.0119  0.2975 
   00343    0.6181   -3056.2083  0.2838 
   00344    0.6181   -3083.6263  0.2926 
   00345    0.5975   -3038.3487  0.2751 
   00346    0.6019   -3046.8115  0.2659 
   00347    0.6094   -3033.5243  0.2717 
   00348    0.6175   -3030.0889  0.2742 
   00349    0.5981   -3049.4957  0.2848 
   00350    0.6306   -2946.4131  0.2860 
   00351    0.6106   -3043.1307  0.2839 
   00352    0.6144   -3023.7262  0.2737 
   00353    0.5863   -2966.8631  0.2731 
   00354    0.6100   -2999.5746  0.2893 
   00355    0.6212   -3122.2413  0.2795 
   00356    0.6094   -3100.3735  0.2756 
   00357    0.6106   -3095.0922  0.2738 
   00358    0.6044   -3107.2436  0.2631 
   00359    0.5938   -3042.3590  0.2679 
   00360    0.6175   -3094.3067  0.2719 
   00361    0.6088   -3046.7984  0.2841 
   00362    0.6281   -3080.4889  0.2827 
   00363    0.6212   -3051.6485  0.2800 
   00364    0.6325   -3046.6198  0.2838 
   00365    0.6138   -3029.6984  0.2835 
   00366    0.6288   -2933.7508  0.2750 
   00367    0.6369   -2930.2350  0.2811 
   00368    0.6131   -2940.6046  0.3083 
   00369    0.6194   -2978.7177  0.3273 
   00370    0.5913   -2967.6212  0.3037 
   00371    0.6050   -3007.6184  0.2902 
   00372    0.6225   -2889.5638  0.3009 
   00373    0.6294   -2980.3588  0.2954 
   00374    0.6219   -2946.3242  0.2753 
   00375    0.6350   -2996.1462  0.2964 
   00376    0.6156   -2985.2843  0.2763 
   00377    0.6200   -3074.1824  0.2753 
   00378    0.6162   -3056.6336  0.2652 
   00379    0.6119   -3043.6565  0.2802 
   00380    0.6256   -3038.7686  0.3088 
   00381    0.6244   -3051.7130  0.2803 
   00382    0.6219   -3004.5376  0.2969 
   00383    0.6125   -3055.0405  0.2956 
   00384    0.6131   -3010.0325  0.2818 
   00385    0.6469   -2974.6897  0.2921 
   00386    0.6131   -3007.7319  0.2953 
   00387    0.6406   -2932.7955  0.3205 
   00388    0.6256   -2968.2089  0.3097 
   00389    0.6175   -3003.5078  0.2807 
   00390    0.6100   -3145.5111  0.2682 
   00391    0.6138   -3148.9802  0.2684 
   00392    0.6150   -3067.1452  0.2559 
   00393    0.5962   -3134.2702  0.2615 
   00394    0.6075   -3099.7454  0.2648 
   00395    0.6238   -2956.5340  0.2626 
   00396    0.6306   -2918.1061  0.2634 
   00397    0.6100   -2972.5922  0.2760 
   00398    0.5938   -3095.1821  0.2597 
   00399    0.6156   -3110.5090  0.2655 
   00400    0.6119   -3045.1281  0.2694 
   00401    0.6269   -3008.9497  0.2598 
   00402    0.6012   -3093.2065  0.2901 
   00403    0.6175   -3004.1203  0.2831 
   00404    0.6169   -3125.2789  0.3092 
   00405    0.5956   -3142.7641  0.3002 
   00406    0.5844   -3154.8105  0.3030 
   00407    0.6119   -3058.9225  0.3085 
   00408    0.6056   -3079.7427  0.3079 
   00409    0.5950   -2997.3564  0.3037 
   00410    0.5981   -3017.8110  0.3084 
   00411    0.6119   -3034.2831  0.3041 
   00412    0.6012   -3078.8561  0.2844 
   00413    0.6269   -2975.1694  0.2908 
   00414    0.5944   -2961.4973  0.2859 
   00415    0.6062   -2893.0048  0.2893 
   00416    0.6269   -2931.7160  0.2821 
   00417    0.6381   -2973.8824  0.2914 
   00418    0.6125   -3018.8683  0.2962 
   00419    0.6019   -3045.8647  0.2883 
   00420    0.5900   -3072.9834  0.2811 
   00421    0.5969   -3046.1640  0.2804 
   00422    0.6044   -3029.6341  0.2768 
   00423    0.6081   -2995.5891  0.2816 
   00424    0.6238   -3062.0881  0.2677 
   00425    0.5906   -3018.5909  0.2726 
   00426    0.6238   -2968.3393  0.2701 
   00427    0.6206   -3047.3456  0.2886 
   00428    0.6119   -3081.4127  0.2982 
   00429    0.5837   -3186.4807  0.2948 
   00430    0.5863   -3169.0444  0.3042 
   00431    0.5850   -3165.6855  0.3152 
   00432    0.6081   -3157.9276  0.3154 
   00433    0.5913   -3175.0472  0.3207 
   00434    0.6112   -3125.7395  0.3306 
   00435    0.6044   -3060.8457  0.3237 
   00436    0.6131   -3087.0474  0.2942 
   00437    0.6212   -3026.8665  0.2949 
   00438    0.6006   -3012.3646  0.2930 
   00439    0.6212   -3027.8089  0.2795 
   00440    0.6244   -3020.1896  0.2677 
   00441    0.6069   -3023.1792  0.2702 
   00442    0.6100   -2996.0134  0.2707 
   00443    0.5994   -2994.3552  0.2768 
   00444    0.6200   -3040.3627  0.2770 
   00445    0.6106   -2950.1846  0.3033 
   00446    0.6106   -3006.7849  0.3171 
   00447    0.5975   -3043.5331  0.3196 
   00448    0.5956   -3128.5347  0.3170 
   00449    0.6219   -3026.3547  0.3220 
   00450    0.6331   -2865.8167  0.2984 
   00451    0.6206   -3010.4557  0.2946 
   00452    0.6200   -3059.3741  0.3079 
   00453    0.5869   -3128.2596  0.3060 
   00454    0.6319   -3041.5201  0.2998 
   00455    0.5950   -2972.2540  0.2959 
   00456    0.6262   -3000.0168  0.2970 
   00457    0.6062   -3079.1900  0.3103 
   00458    0.6281   -2969.8672  0.2942 
   00459    0.6231   -3000.5240  0.2833 
   00460    0.6169   -3065.1138  0.2830 
   00461    0.6119   -3108.0004  0.2958 
   00462    0.5938   -3034.5411  0.2884 
   00463    0.6219   -3077.4629  0.2785 
   00464    0.5831   -3038.1461  0.2669 
   00465    0.6081   -2989.4330  0.2759 
   00466    0.6325   -3026.2921  0.2676 
   00467    0.6100   -3020.8801  0.2722 
   00468    0.6444   -2948.4231  0.2930 
   00469    0.6406   -2976.0731  0.2924 
   00470    0.6262   -3029.5518  0.2748 
   00471    0.5981   -2990.7008  0.2665 
   00472    0.6025   -2893.5857  0.2561 
   00473    0.6256   -2904.9363  0.2622 
   00474    0.6300   -2890.9398  0.2598 
   00475    0.6150   -2932.6570  0.2647 
   00476    0.6469   -2951.5653  0.2553 
   00477    0.6344   -2930.2724  0.2574 
   00478    0.6106   -2985.4508  0.2651 
   00479    0.6150   -3065.0407  0.2602 
   00480    0.6031   -3008.4100  0.2742 
   00481    0.6056   -3119.8471  0.2997 
   00482    0.6012   -3107.4979  0.2868 
   00483    0.6112   -3037.4535  0.2757 
   00484    0.6200   -3141.1090  0.2897 
   00485    0.5950   -3058.8063  0.2992 
   00486    0.6150   -3089.4595  0.3073 
   00487    0.6081   -3027.9937  0.2896 
   00488    0.6206   -3084.4139  0.2778 
   00489    0.6094   -3029.7349  0.2664 
   00490    0.6188   -3010.1416  0.2688 
   00491    0.6250   -3054.2726  0.2544 
   00492    0.6088   -3040.0116  0.2734 
   00493    0.6106   -3085.8778  0.2890 
   00494    0.6112   -3211.1115  0.3179 
   00495    0.6081   -3125.9199  0.3119 
   00496    0.6144   -3067.2604  0.2858 
   00497    0.6231   -3017.8260  0.2816 
   00498    0.5950   -3034.4218  0.2985 
   00499    0.5988   -3022.4834  0.2925 
   00500    0.6069   -3083.4347  0.2840 
   00501    0.6431   -2947.8785  0.2674 
   00502    0.6112   -2880.4675  0.2717 
   00503    0.6531   -2952.7204  0.2718 
   00504    0.6300   -2945.0553  0.2721 
   00505    0.6125   -2940.3951  0.2712 
   00506    0.6125   -2975.4570  0.2566 
   00507    0.6306   -2900.8368  0.2665 
   00508    0.6456   -2787.0127  0.2821 
   00509    0.6419   -2850.8344  0.2870 
   00510    0.6238   -2905.4034  0.3085 
   00511    0.6250   -3022.2401  0.3233 
   00512    0.6062   -3053.8188  0.3092 
   00513    0.5944   -3122.5083  0.3410 
   00514    0.6062   -3099.2848  0.3220 
   00515    0.5906   -3067.7125  0.3082 
   00516    0.6012   -3003.6661  0.3112 
   00517    0.6006   -3112.3885  0.3095 
   00518    0.6106   -3116.4764  0.2999 
   00519    0.6144   -2972.7243  0.3188 
   00520    0.6256   -3091.0880  0.3225 
   00521    0.6081   -3063.5791  0.3252 
   00522    0.6188   -3029.2427  0.3112 
   00523    0.6238   -3042.4505  0.3150 
   00524    0.6131   -2983.6002  0.2965 
   00525    0.6119   -2933.2267  0.2772 
   00526    0.6088   -2999.8558  0.2903 
   00527    0.6075   -2999.4851  0.3017 
   00528    0.6112   -3012.7013  0.2938 
   00529    0.5925   -2970.5391  0.2956 
   00530    0.6212   -2987.9766  0.2981 
   00531    0.5981   -3028.3563  0.2909 
   00532    0.6075   -2967.8812  0.3086 
   00533    0.6256   -3056.8767  0.2963 
   00534    0.6069   -3021.7075  0.3124 
   00535    0.6200   -2990.9782  0.3064 
   00536    0.6088   -3001.4502  0.3104 
   00537    0.6150   -3046.4360  0.3157 
   00538    0.6044   -3018.6084  0.3091 
   00539    0.6088   -3072.5287  0.3179 
   00540    0.6119   -3087.2724  0.3096 
   00541    0.6056   -2990.2530  0.3130 
   00542    0.6125   -3044.4861  0.3198 
   00543    0.6088   -3024.2551  0.2867 
   00544    0.6212   -3004.6915  0.2730 
   00545    0.6000   -3094.0422  0.2945 
   00546    0.6106   -3104.6766  0.2892 
   00547    0.6088   -3081.8484  0.2913 
   00548    0.5956   -3124.4824  0.2802 
   00549    0.6244   -3077.3088  0.2710 
   00550    0.6338   -3027.8382  0.2715 
   00551    0.6162   -2992.6516  0.2858 
   00552    0.6338   -2973.5966  0.2987 
   00553    0.6138   -3062.4667  0.2936 
   00554    0.6300   -3096.1086  0.2881 
   00555    0.6075   -2969.1497  0.2782 
   00556    0.6262   -2967.7769  0.2769 
   00557    0.5988   -2937.2585  0.2801 
   00558    0.6194   -2959.4096  0.2530 
   00559    0.6094   -3087.9590  0.2628 
   00560    0.5938   -3072.2777  0.2787 
   00561    0.5969   -2956.1096  0.2791 
   00562    0.6219   -2977.1954  0.2586 
   00563    0.6062   -3107.3368  0.2629 
   00564    0.6012   -3034.4663  0.2631 
   00565    0.6031   -3016.3839  0.2666 
   00566    0.6206   -2940.7666  0.2635 
   00567    0.5944   -2942.8114  0.2701 
   00568    0.6362   -2940.3747  0.2664 
   00569    0.6262   -3023.4727  0.2714 
   00570    0.6088   -3053.9466  0.2938 
   00571    0.6256   -2989.5957  0.2991 
   00572    0.6294   -3098.8863  0.2878 
   00573    0.6094   -3046.3002  0.2608 
   00574    0.5975   -3085.8057  0.2602 
   00575    0.6069   -3123.3389  0.2810 
   00576    0.6050   -3048.8170  0.2708 
   00577    0.6081   -3041.7805  0.2967 
   00578    0.6088   -2948.2090  0.3084 
   00579    0.6212   -2973.2735  0.3220 
   00580    0.6225   -3035.3231  0.3116 
   00581    0.6200   -3113.9598  0.3140 
   00582    0.6044   -3159.0039  0.3136 
   00583    0.5956   -3052.9215  0.3024 
   00584    0.6000   -3068.0984  0.3007 
   00585    0.6131   -3083.8863  0.3131 
   00586    0.6175   -3059.3650  0.2978 
   00587    0.5894   -3095.0658  0.2938 
   00588    0.6088   -3045.0418  0.2949 
   00589    0.5881   -3143.3088  0.3013 
   00590    0.6062   -3193.8365  0.2948 
   00591    0.5950   -3121.7280  0.3088 
   00592    0.6119   -3108.7918  0.3177 
   00593    0.6006   -2950.1644  0.3050 
   00594    0.6106   -3046.2626  0.3008 
   00595    0.6062   -3078.1308  0.2899 
   00596    0.5881   -3097.2919  0.2734 
   00597    0.5837   -3038.1257  0.2732 
   00598    0.6156   -3092.4192  0.2846 
   00599    0.6031   -3165.1956  0.2852 
   00600    0.6031   -3138.3278  0.2910 
   00601    0.5938   -3123.0760  0.2827 
   00602    0.6169   -3023.1852  0.2754 
   00603    0.6331   -2949.1914  0.2692 
   00604    0.6206   -3071.0715  0.2714 
   00605    0.5969   -3144.3426  0.2669 
   00606    0.6081   -3062.0742  0.2552 
   00607    0.6262   -2982.8657  0.2599 
   00608    0.6156   -2910.1487  0.2711 
   00609    0.6562   -2913.0525  0.2629 
   00610    0.6444   -3001.4271  0.2635 
   00611    0.6200   -2973.7016  0.2728 
   00612    0.6069   -2946.9248  0.2704 
   00613    0.6138   -2890.8736  0.2842 
   00614    0.5919   -2985.9650  0.2781 
   00615    0.6200   -2939.8455  0.2676 
   00616    0.6300   -3001.1307  0.2951 
   00617    0.6262   -3031.6583  0.2754 
   00618    0.5875   -3061.3750  0.2841 
   00619    0.5956   -3129.1299  0.2871 
   00620    0.5881   -3078.3587  0.2796 
   00621    0.5956   -3170.4751  0.2768 
   00622    0.5994   -3082.6733  0.2682 
   00623    0.6131   -3034.6784  0.2568 
   00624    0.6225   -3044.8695  0.2594 
   00625    0.5988   -3084.7550  0.2575 
   00626    0.6231   -3032.1553  0.2560 
   00627    0.6344   -2951.7421  0.2545 
   00628    0.6381   -2928.3445  0.2699 
   00629    0.6138   -2984.6420  0.2756 
   00630    0.6131   -2990.3606  0.2792 
   00631    0.6262   -2956.0240  0.2695 
   00632    0.6356   -3026.0353  0.2607 
   00633    0.5975   -3065.1596  0.2590 
   00634    0.5981   -3109.1206  0.2730 
   00635    0.5944   -3067.9604  0.2945 
   00636    0.6031   -3083.5543  0.2717 
   00637    0.6200   -3086.2271  0.2778 
   00638    0.6169   -2954.3196  0.2577 
   00639    0.6256   -2987.5513  0.2750 
   00640    0.5962   -3075.8523  0.2830 
   00641    0.5919   -3101.9752  0.2657 
   00642    0.6294   -3001.3978  0.2687 
   00643    0.6462   -2973.6844  0.2895 
   00644    0.6275   -3053.1905  0.2825 
   00645    0.6256   -3006.2138  0.2844 
   00646    0.6188   -2881.4584  0.2850 
   00647    0.6469   -2889.2886  0.3033 
   00648    0.6188   -2955.2613  0.2970 
   00649    0.6275   -2967.8082  0.2816 
   00650    0.6169   -2969.6359  0.2996 
   00651    0.6269   -2977.1974  0.2853 
   00652    0.6081   -3019.0303  0.2837 
   00653    0.6131   -2992.4036  0.2950 
   00654    0.6219   -2989.5549  0.2942 
   00655    0.6238   -3016.8799  0.2882 
   00656    0.6081   -3022.9619  0.2657 
   00657    0.6112   -2934.2029  0.2693 
   00658    0.6125   -3034.5205  0.2733 
   00659    0.6025   -3002.9074  0.2684 
   00660    0.6150   -3011.6180  0.2705 
   00661    0.6231   -3057.6013  0.2702 
   00662    0.6088   -3023.5508  0.2759 
   00663    0.6131   -3033.1029  0.2670 
   00664    0.6294   -3108.2496  0.2715 
   00665    0.6050   -3083.4182  0.2712 
   00666    0.6075   -3073.5954  0.2853 
   00667    0.6156   -3010.6428  0.3019 
   00668    0.6250   -3011.4429  0.3038 
   00669    0.6219   -3095.1736  0.3096 
   00670    0.6144   -3108.6000  0.3062 
   00671    0.6131   -3022.6596  0.3104 
   00672    0.6262   -2992.9687  0.2955 
   00673    0.6206   -3034.5003  0.3107 
   00674    0.6256   -2908.4410  0.3017 
   00675    0.6081   -3006.4475  0.3137 
   00676    0.6044   -3096.7454  0.3106 
   00677    0.6150   -3053.6080  0.2863 
   00678    0.6144   -3103.3713  0.3083 
   00679    0.6081   -3091.8415  0.2961 
   00680    0.6256   -3064.5729  0.2968 
   00681    0.6269   -2971.1560  0.2873 
   00682    0.6156   -2929.0447  0.3065 
   00683    0.6400   -2887.6744  0.2939 
   00684    0.5981   -2923.5067  0.3022 
   00685    0.6162   -2888.3758  0.3081 
   00686    0.6188   -2937.6840  0.2763 
   00687    0.6062   -3026.9111  0.2909 
   00688    0.6162   -3050.9975  0.2717 
   00689    0.6194   -3021.1205  0.2685 
   00690    0.6238   -3000.7149  0.2659 
   00691    0.6031   -3001.8798  0.2619 
   00692    0.6175   -3068.9089  0.2761 
   00693    0.6050   -3047.1853  0.2919 
   00694    0.5925   -3076.6840  0.2812 
   00695    0.6150   -3168.1994  0.2693 
   00696    0.5931   -3101.8719  0.2732 
   00697    0.6081   -3052.2837  0.2794 
   00698    0.5919   -3046.2389  0.2802 
   00699    0.6200   -2968.8360  0.2744 
   00700    0.6225   -2953.3749  0.2718 
   00701    0.6138   -2982.5155  0.2864 
   00702    0.6300   -2879.7807  0.2613 
   00703    0.6144   -2971.8796  0.2589 
   00704    0.6138   -2976.2388  0.2789 
   00705    0.6294   -2966.8955  0.2878 
   00706    0.6194   -2977.6533  0.2816 
   00707    0.6112   -3003.9355  0.2851 
   00708    0.6100   -3029.6047  0.2948 
   00709    0.5844   -3122.7323  0.2952 
   00710    0.5787   -3170.5794  0.2816 
   00711    0.5925   -3104.8396  0.2809 
   00712    0.5863   -3056.8467  0.2998 
   00713    0.6075   -3008.7065  0.3139 
   00714    0.6231   -3041.2496  0.3406 
   00715    0.6162   -3060.5998  0.3415 
   00716    0.6000   -3139.0076  0.3351 
   00717    0.6219   -2971.8073  0.3052 
   00718    0.6069   -2979.5112  0.2906 
   00719    0.6044   -2988.7201  0.2917 
   00720    0.6275   -3019.5297  0.2753 
   00721    0.6319   -3094.6705  0.2838 
   00722    0.6194   -2960.1237  0.2843 
   00723    0.6425   -2999.8480  0.3153 
   00724    0.5975   -3113.7070  0.3257 
   00725    0.6169   -3207.6931  0.3203 
   00726    0.5894   -3195.5005  0.3242 
   00727    0.5931   -3054.4896  0.3196 
   00728    0.6106   -3061.2577  0.3139 
   00729    0.5994   -3111.6642  0.3089 
   00730    0.6419   -3042.9238  0.2986 
   00731    0.6088   -3044.9757  0.2862 
   00732    0.6050   -3028.6617  0.2851 
   00733    0.6088   -3105.6129  0.3031 
   00734    0.6000   -3084.5683  0.3276 
   00735    0.6200   -3104.2971  0.3196 
   00736    0.6006   -3087.5985  0.3116 
   00737    0.6194   -3087.4384  0.3063 
   00738    0.6256   -3023.1638  0.2972 
   00739    0.6294   -3091.9509  0.3019 
   00740    0.5900   -3063.6664  0.2970 
   00741    0.6119   -3065.0281  0.2875 
   00742    0.5994   -3126.5559  0.3068 
   00743    0.6075   -3040.2343  0.3062 
   00744    0.5906   -3073.7463  0.3277 
   00745    0.5806   -3092.9828  0.3109 
   00746    0.6169   -3043.3149  0.2984 
   00747    0.6344   -3028.4018  0.3138 
   00748    0.6125   -3060.3427  0.3103 
   00749    0.6262   -3005.2578  0.3006 
   00750    0.6181   -2949.6364  0.2969 
   00751    0.6069   -2917.3757  0.3160 
   00752    0.6294   -3001.1792  0.3097 
   00753    0.6038   -2969.4819  0.3169 
   00754    0.6162   -3019.9993  0.3148 
   00755    0.5956   -3006.9466  0.3168 
   00756    0.6356   -2958.7408  0.2931 
   00757    0.6075   -3023.2536  0.2977 
   00758    0.6219   -2977.3271  0.2798 
   00759    0.6131   -3027.9548  0.2756 
   00760    0.6069   -2971.7691  0.2949 
   00761    0.6112   -3048.6343  0.2826 
   00762    0.6300   -3024.1577  0.2773 
   00763    0.6106   -3020.2506  0.2701 
   00764    0.6181   -3069.5038  0.2797 
   00765    0.5869   -3031.0738  0.2938 
   00766    0.6319   -3035.1868  0.2788 
   00767    0.6281   -3034.0897  0.2963 
   00768    0.6162   -3056.8115  0.2874 
   00769    0.6006   -3112.9556  0.2771 
   00770    0.6069   -3136.2593  0.2797 
   00771    0.6219   -3059.4713  0.2766 
   00772    0.6169   -3087.3825  0.2869 
   00773    0.5913   -3073.0129  0.2733 
   00774    0.5950   -3075.8636  0.2791 
   00775    0.6150   -3003.5587  0.2841 
   00776    0.6231   -2976.8242  0.2883 
   00777    0.6150   -2901.4519  0.2913 
   00778    0.6362   -3003.7876  0.2988 
   00779    0.6238   -3092.5887  0.2819 
   00780    0.5925   -3071.8035  0.2741 
   00781    0.6188   -3078.2116  0.2787 
   00782    0.6131   -3052.1903  0.2868 
   00783    0.6156   -2982.1924  0.2948 
   00784    0.6119   -2956.6705  0.3026 
   00785    0.6106   -3004.4143  0.2815 
   00786    0.6012   -3073.8526  0.3033 
   00787    0.6131   -3097.4987  0.3229 
   00788    0.6125   -3003.7861  0.3180 
   00789    0.6088   -3059.9379  0.3177 
   00790    0.6081   -3000.9414  0.3227 
   00791    0.6056   -3039.1730  0.3372 
   00792    0.6281   -2918.2298  0.3047 
   00793    0.5900   -2997.0372  0.2968 
   00794    0.6288   -3052.4082  0.3043 
   00795    0.6225   -3078.4087  0.3033 
   00796    0.6144   -2987.9060  0.2988 
   00797    0.6319   -3010.2447  0.2993 
   00798    0.6094   -3006.4927  0.3153 
   00799    0.6062   -3006.9061  0.3056 
   00800    0.6006   -2992.2216  0.2853 
   00801    0.6338   -3000.7445  0.2765 
   00802    0.6156   -3039.9535  0.2848 
   00803    0.5881   -3048.5656  0.2826 
   00804    0.5919   -3091.1119  0.2640 
   00805    0.6112   -3117.4648  0.2562 
   00806    0.6181   -2974.6773  0.2731 
   00807    0.6294   -2973.5737  0.2950 
   00808    0.6044   -2958.0643  0.2915 
   00809    0.6106   -2999.8060  0.2935 
   00810    0.6219   -3061.7232  0.3048 
   00811    0.6000   -3046.2030  0.3043 
   00812    0.6138   -3038.1874  0.3087 
   00813    0.6081   -3010.3291  0.2906 
   00814    0.6069   -3043.2850  0.3087 
   00815    0.6112   -3012.0333  0.3003 
   00816    0.6225   -3039.6203  0.3169 
   00817    0.6375   -2960.7460  0.3111 
   00818    0.6400   -2932.5994  0.3207 
   00819    0.6100   -3015.6327  0.3231 
   00820    0.5956   -3042.9819  0.3204 
   00821    0.6306   -3027.6238  0.3062 
   00822    0.6112   -3098.6722  0.3168 
   00823    0.5988   -3036.1422  0.3090 
   00824    0.6150   -2914.5035  0.2843 
   00825    0.6344   -2885.4317  0.2838 
   00826    0.6012   -3020.8455  0.2780 
   00827    0.6125   -3025.0435  0.2665 
   00828    0.6106   -2939.9181  0.2821 
   00829    0.6150   -2935.0154  0.2928 
   00830    0.6188   -3007.5283  0.3261 
   00831    0.6081   -3044.3143  0.2777 
   00832    0.5906   -2998.4327  0.2713 
   00833    0.6056   -2938.5061  0.2720 
   00834    0.6269   -2911.0172  0.2786 
   00835    0.6450   -2871.6201  0.3031 
   00836    0.6056   -2952.3800  0.3121 
   00837    0.6306   -2920.0584  0.3234 
   00838    0.6406   -3012.3507  0.3291 
   00839    0.6244   -3053.7580  0.3119 
   00840    0.5906   -3099.5887  0.2963 
   00841    0.6194   -3014.6803  0.2940 
   00842    0.6044   -3087.9103  0.2902 
   00843    0.6031   -3167.2212  0.3216 
   00844    0.5856   -3064.6189  0.3059 
   00845    0.5969   -3060.6334  0.3056 
   00846    0.5981   -3116.4566  0.3175 
   00847    0.5988   -3093.8326  0.3158 
   00848    0.6112   -3072.0053  0.3348 
   00849    0.6088   -3142.9216  0.3327 
   00850    0.6012   -3127.0476  0.3208 
   00851    0.6088   -3037.9030  0.3103 
   00852    0.6006   -3052.6602  0.3029 
   00853    0.6244   -2993.1982  0.2998 
   00854    0.6544   -3064.9572  0.2926 
   00855    0.6125   -3009.0331  0.2734 
   00856    0.6212   -2977.1347  0.2750 
   00857    0.6375   -3029.6608  0.2619 
   00858    0.6250   -3016.5411  0.2572 
   00859    0.6056   -3004.7173  0.2766 
   00860    0.6544   -2968.0793  0.2677 
   00861    0.6106   -3005.1448  0.2923 
   00862    0.6200   -3019.4266  0.3019 
   00863    0.6181   -2961.9665  0.2943 
   00864    0.6356   -2919.2522  0.2883 
   00865    0.6269   -2995.4889  0.2757 
   00866    0.6456   -3025.8608  0.2590 
   00867    0.6256   -2962.4157  0.2541 
   00868    0.6081   -2968.2949  0.2860 
   00869    0.6088   -2923.2274  0.2822 
   00870    0.5919   -2989.3994  0.2838 
   00871    0.6050   -3002.6735  0.2828 
   00872    0.6275   -2971.0343  0.2721 
   00873    0.6238   -3023.1176  0.2955 
   00874    0.6244   -2892.7427  0.2970 
   00875    0.5962   -2944.0891  0.2899 
   00876    0.6325   -2976.4515  0.2576 
   00877    0.6162   -2972.2865  0.2733 
   00878    0.6106   -2960.3787  0.2667 
   00879    0.6288   -2946.9241  0.2715 
   00880    0.6450   -3015.8219  0.2657 
   00881    0.6131   -3016.4916  0.2689 
   00882    0.6075   -2990.7303  0.2797 
   00883    0.6206   -2927.4713  0.2827 
   00884    0.6294   -2971.8378  0.2851 
   00885    0.6319   -3033.5500  0.2918 
   00886    0.6300   -2965.8631  0.2899 
   00887    0.6188   -3020.5963  0.2803 
   00888    0.6288   -3018.1046  0.2778 
   00889    0.5938   -3007.7276  0.2899 
   00890    0.6125   -2990.7513  0.2876 
   00891    0.6094   -2915.4026  0.2648 
   00892    0.6375   -2959.7845  0.2849 
   00893    0.6194   -2881.7852  0.2837 
   00894    0.6156   -2904.1662  0.2822 
   00895    0.6356   -3090.5037  0.2817 
   00896    0.6050   -3068.4453  0.2733 
   00897    0.6062   -3108.8180  0.2851 
   00898    0.6106   -3064.7912  0.2772 
   00899    0.6100   -3019.8023  0.2779 
   00900    0.6044   -3000.3887  0.2724 
   00901    0.6138   -3016.3091  0.2677 
   00902    0.6162   -2993.2395  0.2675 
   00903    0.6319   -3009.3373  0.2814 
   00904    0.6162   -3040.6610  0.2544 
   00905    0.5938   -3022.8464  0.2754 
   00906    0.6038   -3079.3094  0.2764 
   00907    0.6225   -2950.3798  0.3013 
   00908    0.6188   -3058.0805  0.2991 
   00909    0.6194   -3033.5867  0.2833 
   00910    0.6206   -3012.2042  0.2887 
   00911    0.6181   -3002.4686  0.2810 
   00912    0.6262   -2950.7379  0.3167 
   00913    0.6238   -3007.7602  0.3094 
   00914    0.6188   -3051.7067  0.3142 
   00915    0.6200   -2989.2119  0.3068 
   00916    0.6169   -3067.6629  0.2987 
   00917    0.6094   -3091.7264  0.3127 
   00918    0.6062   -3114.3235  0.3103 
   00919    0.6125   -3040.2260  0.3211 
   00920    0.5931   -3075.6357  0.3186 
   00921    0.6069   -2986.0004  0.3183 
   00922    0.5950   -3070.9683  0.3272 
   00923    0.6194   -3133.5072  0.3267 
   00924    0.5806   -3156.4033  0.3084 
   00925    0.5794   -3186.3613  0.3250 
   00926    0.5819   -3083.1952  0.3162 
   00927    0.5831   -3122.5208  0.3229 
   00928    0.5994   -3148.7429  0.3119 
   00929    0.5894   -3080.2140  0.2914 
   00930    0.6138   -3033.2167  0.2912 
   00931    0.6288   -3102.7753  0.2739 
   00932    0.6019   -3070.0611  0.2628 
   00933    0.5887   -3035.1743  0.2732 
   00934    0.6194   -3071.0782  0.2780 
   00935    0.6131   -3176.0346  0.2722 
   00936    0.5913   -3166.3688  0.2873 
   00937    0.5931   -3134.1137  0.2987 
   00938    0.6162   -3044.2255  0.2882 
   00939    0.6175   -3113.6429  0.2950 
   00940    0.6131   -3082.9762  0.2911 
   00941    0.6006   -3059.6915  0.2765 
   00942    0.6338   -3030.1834  0.2685 
   00943    0.6225   -2968.9355  0.2672 
   00944    0.6294   -2917.7636  0.2811 
   00945    0.6106   -2990.7073  0.2822 
   00946    0.6156   -2945.6724  0.2864 
   00947    0.5919   -2928.9159  0.2831 
   00948    0.6188   -2963.1047  0.2828 
   00949    0.6275   -2954.9875  0.2726 
   00950    0.6294   -2919.3738  0.2617 
   00951    0.6331   -2946.6650  0.2620 
   00952    0.6300   -2899.1143  0.2898 
   00953    0.6494   -2892.2665  0.2845 
   00954    0.6306   -2910.7195  0.2801 
   00955    0.6450   -2904.1963  0.2751 
   00956    0.6281   -2892.5364  0.2661 
   00957    0.6469   -2980.9911  0.2617 
   00958    0.6331   -2975.7918  0.2835 
   00959    0.6162   -2973.8800  0.3133 
   00960    0.6212   -2936.0653  0.2964 
   00961    0.6394   -2955.7189  0.2884 
   00962    0.6300   -2924.4192  0.2682 
   00963    0.6394   -3033.9659  0.2610 
   00964    0.6219   -2969.6493  0.2914 
   00965    0.6219   -3046.0582  0.2643 
   00966    0.6419   -2963.2917  0.2737 
   00967    0.6162   -3031.2633  0.2789 
   00968    0.6425   -3060.5519  0.2858 
   00969    0.5962   -3097.4733  0.2917 
   00970    0.6231   -3004.7640  0.3078 
   00971    0.6019   -3066.5335  0.3092 
   00972    0.6156   -3059.4772  0.3104 
   00973    0.6112   -2992.4794  0.3291 
   00974    0.6519   -3048.8569  0.3199 
   00975    0.6200   -3124.6449  0.3233 
   00976    0.6281   -3067.5012  0.3194 
   00977    0.6275   -3042.7718  0.3242 
   00978    0.5800   -3172.0758  0.2967 
   00979    0.5925   -3063.1981  0.3127 
   00980    0.6175   -3068.0653  0.2870 
   00981    0.6162   -3132.7596  0.3051 
   00982    0.6088   -2965.7750  0.2796 
   00983    0.6169   -2946.9044  0.2927 
   00984    0.6350   -2942.5316  0.2835 
   00985    0.6162   -2995.1728  0.2843 
   00986    0.6062   -2984.9223  0.2805 
   00987    0.6300   -3041.1472  0.2644 
   00988    0.6225   -3029.3721  0.2716 
   00989    0.6338   -2959.6098  0.2658 
   00990    0.6331   -2918.4481  0.2812 
   00991    0.6462   -2994.8447  0.2888 
   00992    0.5919   -3062.2564  0.3005 
   00993    0.6150   -2996.2536  0.2929 
   00994    0.6181   -3009.6797  0.3028 
   00995    0.6212   -3008.5237  0.2875 
   00996    0.6175   -3061.8919  0.2950 
   00997    0.5931   -3067.9028  0.2807 
   00998    0.6088   -3023.6002  0.2809 
   00999    0.6019   -3075.4676  0.2855 
   01000    0.6181   -3047.8442  0.2956 
