#=====================================================
# File created:        Mon-06-Nov-2023-at-02-21-48PM
# Size of lattice:     20x20
# Number of MC steps:  1000
# Reduced temperature: 0.800
# Run time (s):        9.647272
#=====================================================
# MC step:  Ratio:     Energy:   Order:
#=====================================================
   00000    0.5000    -421.5210  0.2741 
   00001    0.6975    -639.5074  0.3171 
   00002    0.5875    -761.2064  0.3495 
   00003    0.5975    -837.7462  0.3837 
   00004    0.5125    -861.7685  0.4180 
   00005    0.5400    -902.7019  0.4178 
   00006    0.5425    -935.8074  0.4326 
   00007    0.4425    -947.1379  0.4234 
   00008    0.5050    -952.7267  0.4336 
   00009    0.5050    -957.9192  0.4280 
   00010    0.4800    -963.5088  0.4336 
   00011    0.5050    -968.2972  0.4279 
   00012    0.4850    -991.7572  0.4658 
   00013    0.4550   -1013.4497  0.4708 
   00014    0.4800   -1078.3492  0.4840 
   00015    0.4650   -1076.7195  0.5190 
   00016    0.4250   -1075.6802  0.5029 
   00017    0.4625   -1087.1897  0.5048 
   00018    0.4825   -1097.6810  0.5207 
   00019    0.4250   -1095.1315  0.5027 
   00020    0.4425   -1090.2699  0.5382 
   00021    0.4200   -1094.0336  0.5461 
   00022    0.4625   -1091.8307  0.5382 
   00023    0.4850   -1082.0914  0.5393 
   00024    0.4400   -1073.8852  0.5144 
   00025    0.4425   -1104.4197  0.5225 
   00026    0.4525   -1080.1442  0.5094 
   00027    0.4300   -1071.3783  0.5033 
   00028    0.4325   -1070.7677  0.5161 
   00029    0.4350   -1055.8936  0.5000 
   00030    0.4150   -1052.0658  0.5187 
   00031    0.4550   -1039.5689  0.5570 
   00032    0.4625   -1059.3266  0.5460 
   00033    0.4600   -1075.2925  0.5574 
   00034    0.4950   -1090.7920  0.5564 
   00035    0.4400   -1100.3364  0.5571 
   00036    0.4050   -1086.6345  0.5599 
   00037    0.3750   -1112.8549  0.5663 
   00038    0.4475   -1096.1211  0.5439 
   00039    0.4150   -1120.0040  0.5630 
   00040    0.4850   -1105.2037  0.5752 
   00041    0.4675   -1119.5980  0.6011 
   00042    0.4100   -1097.4989  0.5662 
   00043    0.4025   -1126.2594  0.5730 
   00044    0.4075   -1119.7858  0.5798 
   00045    0.3900   -1100.4697  0.5637 
   00046    0.4825   -1098.3542  0.5783 
   00047    0.4150   -1099.9703  0.5830 
   00048    0.4425   -1104.4317  0.5721 
   00049    0.4100   -1112.7255  0.5737 
   00050    0.4275   -1099.0678  0.5859 
   00051    0.4225   -1083.9005  0.5571 
   00052    0.4675   -1077.4497  0.5719 
   00053    0.4425   -1095.1068  0.5959 
   00054    0.4700   -1113.0086  0.5892 
   00055    0.4225   -1116.3705  0.5987 
   00056    0.4475   -1119.7669  0.5823 
   00057    0.3750   -1144.1894  0.6006 
   00058    0.4425   -1113.8387  0.6131 
   00059    0.4475   -1129.1346  0.6046 
   00060    0.4225   -1127.9647  0.5907 
   00061    0.4500   -1137.4211  0.5849 
   00062    0.4425   -1135.2090  0.6001 
   00063    0.4750   -1123.9959  0.6160 
   00064    0.4350   -1124.4917  0.6072 
   00065    0.4275   -1116.1520  0.5782 
   00066    0.4350   -1124.9847  0.5889 
   00067    0.4525   -1148.2508  0.5864 
   00068    0.4075   -1137.2621  0.5893 
   00069    0.4225   -1139.3289  0.5687 
   00070    0.4450   -1111.9031  0.5305 
   00071    0.4400   -1120.1460  0.5471 
   00072    0.4350   -1123.6411  0.5766 
   00073    0.4500   -1121.5079  0.5881 
   00074    0.4200   -1115.9629  0.5939 
   00075    0.4350   -1098.6785  0.5636 
   00076    0.4275   -1060.5482  0.5326 
   00077    0.4200   -1110.3969  0.5433 
   00078    0.4550   -1079.2695  0.5425 
   00079    0.4725   -1092.5634  0.5321 
   00080    0.4675   -1098.6075  0.5322 
   00081    0.4400   -1118.6112  0.5474 
   00082    0.4375   -1113.8807  0.5715 
   00083    0.4000   -1129.9140  0.5819 
   00084    0.3875   -1132.5175  0.6120 
   00085    0.4425   -1147.0285  0.6088 
   00086    0.3950   -1161.8540  0.6146 
   00087    0.4000   -1155.7194  0.6206 
   00088    0.3700   -1142.7485  0.6104 
   00089    0.3850   -1142.4117  0.5951 
   00090    0.3950   -1150.9653  0.6084 
   00091    0.4475   -1133.9917  0.6274 
   00092    0.4150   -1153.9560  0.6314 
   00093    0.3775   -1149.6014  0.6343 
   00094    0.4075   -1115.8068  0.6277 
   00095    0.3825   -1146.4055  0.6664 
   00096    0.4775   -1142.3657  0.6634 
   00097    0.4500   -1170.5399  0.6621 
   00098    0.4525   -1124.2117  0.6416 
   00099    0.4550   -1161.9560  0.6570 
   00100    0.3900   -1185.4111  0.6710 
   00101    0.4175   -1153.0792  0.6773 
   00102    0.4425   -1163.3468  0.6778 
   00103    0.4075   -1151.5667  0.6688 
   00104    0.3925   -1149.6148  0.6804 
   00105    0.4150   -1135.1752  0.6814 
   00106    0.4150   -1175.9216  0.6687 
   00107    0.4175   -1141.2161  0.6725 
   00108    0.4475   -1169.7061  0.6574 
   00109    0.4000   -1155.3457  0.6386 
   00110    0.4475   -1155.8818  0.6542 
   00111    0.3975   -1126.8709  0.6546 
   00112    0.4525   -1153.6871  0.6560 
   00113    0.4300   -1128.3735  0.6513 
   00114    0.4525   -1115.3104  0.6443 
   00115    0.4075   -1122.6946  0.6410 
   00116    0.3925   -1118.2207  0.6548 
   00117    0.4650   -1062.8605  0.6325 
   00118    0.4825   -1064.0472  0.6228 
   00119    0.4200   -1069.2809  0.6171 
   00120    0.4575   -1104.4269  0.6223 
   00121    0.4225   -1072.5958  0.6151 
   00122    0.4175   -1040.3371  0.6115 
   00123    0.4475   -1080.3888  0.6387 
   00124    0.4425   -1098.6324  0.6452 
   00125    0.4550   -1074.8969  0.6069 
   00126    0.4300   -1061.3732  0.5911 
   00127    0.4625   -1097.5452  0.6154 
   00128    0.4100   -1099.2854  0.6171 
   00129    0.4250   -1065.7076  0.5998 
   00130    0.4825   -1098.1189  0.6131 
   00131    0.4450   -1121.1530  0.6144 
   00132    0.4450   -1129.2992  0.6073 
   00133    0.4675   -1124.3093  0.6087 
   00134    0.4375   -1128.8883  0.6050 
   00135    0.4475   -1132.1993  0.5958 
   00136    0.4325   -1114.9814  0.5894 
   00137    0.4550   -1099.1112  0.5888 
   00138    0.4625   -1089.1563  0.5738 
   00139    0.4325   -1079.2769  0.5700 
   00140    0.4750   -1088.1578  0.5681 
   00141    0.4175   -1056.9899  0.5350 
   00142    0.4425   -1066.8731  0.5593 
   00143    0.4725   -1090.6828  0.5576 
   00144    0.3975   -1087.2561  0.5391 
   00145    0.3925   -1115.0243  0.5110 
   00146    0.4200   -1102.2045  0.5000 
   00147    0.4250   -1114.1622  0.4976 
   00148    0.4125   -1125.1289  0.4940 
   00149    0.4100   -1123.5560  0.4911 
   00150    0.4850   -1125.7006  0.4884 
   00151    0.4350   -1126.0535  0.5099 
   00152    0.4675   -1117.4868  0.5184 
   00153    0.4175   -1127.1334  0.5082 
   00154    0.4425   -1141.3410  0.5326 
   00155    0.4450   -1112.6391  0.5235 
   00156    0.4525   -1089.7255  0.5263 
   00157    0.4600   -1102.1420  0.5431 
   00158    0.4800   -1084.4764  0.5375 
   00159    0.4375   -1052.2680  0.5163 
   00160    0.4775   -1057.2534  0.5183 
   00161    0.4400   -1060.2463  0.5221 
   00162    0.4275   -1051.9810  0.5067 
   00163    0.4725   -1086.6564  0.5253 
   00164    0.4600   -1075.4511  0.5390 
   00165    0.4525   -1085.6739  0.5318 
   00166    0.3675   -1071.7886  0.5169 
   00167    0.4550   -1086.3997  0.5110 
   00168    0.4050   -1122.5895  0.5519 
   00169    0.4375   -1097.8838  0.5377 
   00170    0.4300   -1090.8828  0.5220 
   00171    0.4475   -1079.8323  0.5136 
   00172    0.4125   -1106.7746  0.4996 
   00173    0.4900   -1102.1485  0.4907 
   00174    0.4325   -1089.5803  0.4773 
   00175    0.4150   -1089.0856  0.4662 
   00176    0.4525   -1078.2842  0.4992 
   00177    0.4225   -1097.5859  0.4946 
   00178    0.4150   -1132.0973  0.4965 
   00179    0.4325   -1154.2430  0.5055 
   00180    0.4475   -1141.0418  0.4885 
   00181    0.4600   -1133.4384  0.4727 
   00182    0.4175   -1136.5149  0.4998 
   00183    0.4475   -1115.9620  0.4860 
   00184    0.4300   -1115.4983  0.4653 
   00185    0.4550   -1102.1228  0.4441 
   00186    0.4175   -1106.6525  0.4497 
   00187    0.4425   -1108.6338  0.4599 
   00188    0.4100   -1105.6519  0.4781 
   00189    0.4225   -1098.9780  0.4934 
   00190    0.4725   -1101.6838  0.4975 
   00191    0.4475   -1075.9854  0.4658 
   00192    0.4850   -1078.3277  0.4965 
   00193    0.4425   -1083.5548  0.5029 
   00194    0.4675   -1089.6341  0.5134 
   00195    0.4825   -1114.9237  0.4946 
   00196    0.4700   -1098.4527  0.4797 
   00197    0.4300   -1100.3744  0.4704 
   00198    0.4725   -1109.8390  0.4793 
   00199    0.4650   -1095.2553  0.4958 
   00200    0.4525   -1072.5738  0.5028 
   00201    0.4525   -1058.6600  0.4910 
   00202    0.4425   -1053.0893  0.4721 
   00203    0.4125   -1077.2861  0.4546 
   00204    0.4275   -1049.6026  0.4540 
   00205    0.4650   -1041.5179  0.4505 
   00206    0.4475   -1056.8565  0.4632 
   00207    0.4300   -1075.8917  0.4796 
   00208    0.4625   -1103.6061  0.4786 
   00209    0.4175   -1113.6291  0.4819 
   00210    0.4550   -1079.1606  0.5047 
   00211    0.4250   -1110.6874  0.5337 
   00212    0.4525   -1110.3101  0.5530 
   00213    0.3925   -1123.2215  0.5431 
   00214    0.4500   -1110.3637  0.5482 
   00215    0.4300   -1095.6248  0.5551 
   00216    0.4350   -1123.4115  0.5546 
   00217    0.4100   -1114.8557  0.5223 
   00218    0.4450   -1095.2571  0.5084 
   00219    0.4575   -1091.4615  0.5206 
   00220    0.4250   -1091.8909  0.5125 
   00221    0.4400   -1078.0368  0.4976 
   00222    0.4025   -1110.8475  0.5179 
   00223    0.4375   -1108.0612  0.5146 
   00224    0.4500   -1064.3638  0.4894 
   00225    0.4950   -1056.6669  0.4714 
   00226    0.4200   -1083.3200  0.4765 
   00227    0.4475   -1103.9205  0.4748 
   00228    0.4975   -1081.0130  0.4849 
   00229    0.4675   -1078.8613  0.4837 
   00230    0.4700   -1078.6816  0.4691 
   00231    0.4725   -1085.8725  0.4681 
   00232    0.3650   -1092.1632  0.4566 
   00233    0.4375   -1082.2951  0.4671 
   00234    0.4625   -1039.6589  0.4597 
   00235    0.4900   -1057.6623  0.4774 
   00236    0.4400   -1053.2868  0.4730 
   00237    0.4600   -1104.9528  0.4630 
   00238    0.4025   -1069.5769  0.4702 
   00239    0.4450   -1033.9888  0.4730 
   00240    0.4600   -1043.8524  0.4782 
   00241    0.4200   -1053.5174  0.4602 
   00242    0.4200   -1047.8615  0.4663 
   00243    0.4600   -1027.8612  0.4755 
   00244    0.4475   -1037.0587  0.4848 
   00245    0.4850   -1035.8288  0.4901 
   00246    0.4775   -1045.2447  0.4513 
   00247    0.4975   -1043.7006  0.4433 
   00248    0.4500   -1061.6471  0.4169 
   00249    0.4200   -1080.5906  0.4423 
   00250    0.4125   -1111.9107  0.4373 
   00251    0.3850   -1112.7066  0.4642 
   00252    0.4250   -1122.8879  0.4754 
   00253    0.4600   -1143.6097  0.4571 
   00254    0.3875   -1116.4166  0.4462 
   00255    0.3825   -1093.3020  0.4279 
   00256    0.4175   -1102.4128  0.4288 
   00257    0.4700   -1102.4636  0.4090 
   00258    0.4350   -1146.3897  0.4233 
   00259    0.4100   -1127.1327  0.4143 
   00260    0.4450   -1137.6722  0.4039 
   00261    0.4475   -1144.4176  0.4024 
   00262    0.4325   -1162.6318  0.3962 
   00263    0.4150   -1141.2872  0.3931 
   00264    0.4175   -1129.4828  0.4015 
   00265    0.4225   -1143.7928  0.4080 
   00266    0.3900   -1152.0310  0.3934 
   00267    0.4675   -1105.1526  0.3795 
   00268    0.4175   -1118.8484  0.3759 
   00269    0.4350   -1125.1550  0.3712 
   00270    0.4475   -1083.4589  0.3745 
   00271    0.4425   -1066.0806  0.3579 
   00272    0.4500   -1074.2341  0.3657 
   00273    0.4700   -1089.0045  0.3733 
   00274    0.3875   -1086.6678  0.3739 
   00275    0.4600   -1041.8113  0.3665 
   00276    0.4475   -1070.1054  0.3776 
   00277    0.4450   -1049.0450  0.3733 
   00278    0.4525   -1034.2726  0.3629 
   00279    0.4875   -1033.5845  0.3663 
   00280    0.4250   -1048.4907  0.3487 
   00281    0.4625   -1048.4034  0.3700 
   00282    0.4575   -1073.9135  0.3543 
   00283    0.4025   -1075.9680  0.3319 
   00284    0.4325   -1123.4199  0.3397 
   00285    0.4350   -1119.0588  0.3567 
   00286    0.3725   -1124.5154  0.3454 
   00287    0.4400   -1098.4932  0.3414 
   00288    0.4550   -1092.1014  0.3482 
   00289    0.4325   -1117.2951  0.3399 
   00290    0.3950   -1130.3101  0.3452 
   00291    0.4950   -1094.1687  0.3311 
   00292    0.4675   -1085.7056  0.3207 
   00293    0.4350   -1077.7983  0.3508 
   00294    0.4600   -1054.3374  0.3138 
   00295    0.4125   -1056.1234  0.3147 
   00296    0.4225   -1057.5900  0.2976 
   00297    0.4900   -1053.9098  0.3145 
   00298    0.4125   -1070.0682  0.3246 
   00299    0.4425   -1075.1360  0.3220 
   00300    0.4175   -1094.8865  0.3319 
   00301    0.4650   -1071.1173  0.3373 
   00302    0.4150   -1060.2378  0.2967 
   00303    0.4375   -1083.5499  0.2744 
   00304    0.4600   -1089.5384  0.3000 
   00305    0.4575   -1076.1032  0.2953 
   00306    0.4650   -1070.9972  0.2895 
   00307    0.4375   -1065.3233  0.2760 
   00308    0.4525   -1066.3259  0.3143 
   00309    0.4350   -1093.2820  0.3022 
   00310    0.4475   -1069.7977  0.3249 
   00311    0.5050   -1041.7103  0.3329 
   00312    0.4825   -1044.6101  0.3314 
   00313    0.4575   -1026.8669  0.3150 
   00314    0.4600   -1037.2160  0.3195 
   00315    0.4700   -1051.5349  0.3279 
   00316    0.4450   -1047.8614  0.3295 
   00317    0.4500   -1063.9240  0.3205 
   00318    0.4050   -1034.6796  0.3163 
   00319    0.4025   -1084.6048  0.3167 
   00320    0.4150   -1097.9907  0.3402 
   00321    0.4175   -1079.3928  0.3520 
   00322    0.4300   -1063.4366  0.3548 
   00323    0.4275   -1058.6862  0.3686 
   00324    0.4675   -1052.4174  0.4005 
   00325    0.4550   -1049.1325  0.4141 
   00326    0.4675   -1071.7441  0.4255 
   00327    0.4675   -1076.1627  0.4268 
   00328    0.4475   -1051.9708  0.4153 
   00329    0.4275   -1053.3100  0.4238 
   00330    0.4525   -1025.6062  0.4430 
   00331    0.4550   -1038.4817  0.4455 
   00332    0.4800   -1021.5229  0.4372 
   00333    0.4475   -1040.7860  0.4583 
   00334    0.4575   -1029.0474  0.4447 
   00335    0.4475   -1036.1436  0.4423 
   00336    0.4225   -1051.6949  0.4574 
   00337    0.4625   -1063.9984  0.4442 
   00338    0.5200   -1029.7846  0.4848 
   00339    0.4825   -1051.1369  0.4771 
   00340    0.4525   -1041.7056  0.4626 
   00341    0.4550   -1023.4822  0.4654 
   00342    0.4850   -1014.9439  0.4665 
   00343    0.4900    -995.8159  0.4681 
   00344    0.4975   -1029.5937  0.4888 
   00345    0.4775   -1019.1125  0.4719 
   00346    0.4975   -1053.6621  0.4548 
   00347    0.4525   -1075.9956  0.4699 
   00348    0.4425   -1071.7943  0.4875 
   00349    0.4400   -1050.2217  0.4954 
   00350    0.4750   -1081.0137  0.4760 
   00351    0.4375   -1069.0399  0.4661 
   00352    0.4225   -1082.9557  0.4498 
   00353    0.4100   -1085.6914  0.4540 
   00354    0.4500   -1090.4662  0.4659 
   00355    0.4525   -1103.3244  0.4501 
   00356    0.4575   -1091.6620  0.4312 
   00357    0.3950   -1082.1064  0.4088 
   00358    0.4625   -1085.5973  0.4038 
   00359    0.4250   -1052.3245  0.3901 
   00360    0.4850   -1044.9068  0.3969 
   00361    0.4600   -1056.1477  0.4072 
   00362    0.4375   -1063.5413  0.4331 
   00363    0.5025   -1066.3419  0.4474 
   00364    0.4100   -1062.6918  0.4723 
   00365    0.4950   -1014.0759  0.5005 
   00366    0.4650   -1020.4224  0.5065 
   00367    0.4675   -1057.1497  0.5009 
   00368    0.4450   -1069.7289  0.4863 
   00369    0.4200   -1082.9922  0.5054 
   00370    0.4225   -1063.5711  0.5188 
   00371    0.4425   -1061.9944  0.5001 
   00372    0.4400   -1072.0621  0.5014 
   00373    0.4250   -1081.7301  0.5248 
   00374    0.4200   -1063.8171  0.5286 
   00375    0.4425   -1085.3556  0.5547 
   00376    0.4275   -1059.7346  0.5572 
   00377    0.4750   -1058.2095  0.5575 
   00378    0.4500   -1053.9766  0.5431 
   00379    0.4325   -1091.8860  0.5607 
   00380    0.4325   -1093.7517  0.5727 
   00381    0.4350   -1082.1834  0.5728 
   00382    0.4375   -1080.2507  0.5500 
   00383    0.4375   -1077.5571  0.5669 
   00384    0.4425   -1087.1548  0.5583 
   00385    0.4600   -1038.8182  0.5626 
   00386    0.4225   -1077.6849  0.5544 
   00387    0.5225   -1075.3201  0.5625 
   00388    0.4575   -1084.4178  0.5951 
   00389    0.4325   -1081.7100  0.5963 
   00390    0.3775   -1100.6532  0.5961 
   00391    0.4575   -1085.3758  0.5987 
   00392    0.4350   -1056.1295  0.5762 
   00393    0.4725   -1053.3040  0.5642 
   00394    0.4400   -1091.5564  0.5824 
   00395    0.4075   -1106.1325  0.5847 
   00396    0.4275   -1098.3873  0.5846 
   00397    0.4425   -1102.8855  0.5944 
   00398    0.4325   -1103.4234  0.6042 
   00399    0.4325   -1121.4235  0.6103 
   00400    0.4450   -1134.2642  0.6261 
   00401    0.4475   -1137.7371  0.6076 
   00402    0.3975   -1145.4719  0.6143 
   00403    0.4025   -1128.7027  0.6082 
   00404    0.4125   -1155.1095  0.6200 
   00405    0.4400   -1136.8008  0.6262 
   00406    0.4075   -1121.4527  0.6229 
   00407    0.4550   -1100.7512  0.6098 
   00408    0.4675   -1097.2496  0.6073 
   00409    0.4200   -1093.5011  0.6007 
   00410    0.4350   -1125.7859  0.6097 
   00411    0.4250   -1138.0359  0.6254 
   00412    0.3950   -1132.5532  0.6163 
   00413    0.4750   -1075.4494  0.5842 
   00414    0.4025   -1089.0271  0.5763 
   00415    0.4375   -1066.0457  0.5850 
   00416    0.4850   -1096.1105  0.5951 
   00417    0.4575   -1110.7878  0.6054 
   00418    0.4675   -1141.0525  0.6303 
   00419    0.4125   -1132.5640  0.6253 
   00420    0.4000   -1130.3214  0.6285 
   00421    0.3875   -1164.3365  0.6390 
   00422    0.4425   -1146.7614  0.6282 
   00423    0.4050   -1142.2433  0.6276 
   00424    0.4350   -1122.0427  0.6147 
   00425    0.4225   -1126.6319  0.6278 
   00426    0.3600   -1120.1813  0.6355 
   00427    0.3875   -1137.5115  0.6216 
   00428    0.3900   -1147.9278  0.6228 
   00429    0.4450   -1160.2408  0.6312 
   00430    0.4275   -1169.5714  0.6121 
   00431    0.4275   -1176.7345  0.6237 
   00432    0.3500   -1178.9912  0.6300 
   00433    0.3975   -1188.1104  0.6242 
   00434    0.3800   -1194.2247  0.6064 
   00435    0.4550   -1200.3576  0.6185 
   00436    0.3775   -1228.6291  0.6382 
   00437    0.4225   -1224.5758  0.6267 
   00438    0.3950   -1212.8921  0.6284 
   00439    0.3700   -1238.0280  0.6348 
   00440    0.3900   -1225.3720  0.6194 
   00441    0.3750   -1231.8332  0.6057 
   00442    0.4000   -1225.8457  0.6045 
   00443    0.3925   -1241.3131  0.6086 
   00444    0.3650   -1202.8470  0.5943 
   00445    0.3800   -1188.2268  0.5738 
   00446    0.4375   -1160.6221  0.5625 
   00447    0.4275   -1134.8559  0.5582 
   00448    0.4475   -1140.0610  0.5550 
   00449    0.4450   -1123.8616  0.5595 
   00450    0.4350   -1104.7012  0.5465 
   00451    0.4300   -1121.6207  0.5828 
   00452    0.4200   -1170.9825  0.5933 
   00453    0.4275   -1153.3048  0.5946 
   00454    0.3725   -1145.7599  0.5880 
   00455    0.4300   -1131.0974  0.5873 
   00456    0.3950   -1085.8386  0.5711 
   00457    0.4325   -1111.8288  0.5488 
   00458    0.4375   -1098.8326  0.5451 
   00459    0.4725   -1125.4583  0.5792 
   00460    0.4225   -1107.9106  0.5835 
   00461    0.3875   -1123.5418  0.5952 
   00462    0.4550   -1123.2610  0.5865 
   00463    0.4475   -1147.2368  0.5865 
   00464    0.4150   -1141.7926  0.6022 
   00465    0.4250   -1140.7334  0.5860 
   00466    0.4025   -1122.3244  0.5743 
   00467    0.4500   -1089.6596  0.5626 
   00468    0.4600   -1108.4462  0.5953 
   00469    0.4025   -1131.6721  0.6070 
   00470    0.4125   -1152.1639  0.6016 
   00471    0.4900   -1157.7738  0.6191 
   00472    0.4000   -1187.0520  0.6327 
   00473    0.4300   -1173.0535  0.6132 
   00474    0.4000   -1155.9898  0.6004 
   00475    0.4350   -1154.9616  0.6096 
   00476    0.4450   -1139.2934  0.6138 
   00477    0.4375   -1124.9388  0.6037 
   00478    0.3850   -1134.5235  0.6153 
   00479    0.3900   -1113.6804  0.6125 
   00480    0.3975   -1122.7395  0.6332 
   00481    0.4400   -1131.8769  0.6185 
   00482    0.3725   -1134.8204  0.6163 
   00483    0.4000   -1119.1645  0.6271 
   00484    0.4225   -1092.8777  0.6225 
   00485    0.3775   -1095.3878  0.6189 
   00486    0.4250   -1145.2417  0.6372 
   00487    0.3900   -1149.9913  0.6490 
   00488    0.4175   -1135.0840  0.6565 
   00489    0.4475   -1144.3687  0.6896 
   00490    0.4000   -1138.9583  0.6715 
   00491    0.3900   -1159.3395  0.7129 
   00492    0.4450   -1170.0374  0.7180 
   00493    0.3900   -1189.8369  0.7126 
   00494    0.4575   -1113.1332  0.6777 
   00495    0.4550   -1135.8212  0.6731 
   00496    0.4350   -1131.3548  0.6795 
   00497    0.4300   -1104.5122  0.6627 
   00498    0.3925   -1125.8728  0.6760 
   00499    0.4175   -1149.2291  0.6918 
   00500    0.4550   -1145.2395  0.6838 
   00501    0.3675   -1153.3259  0.6968 
   00502    0.4175   -1146.9800  0.7133 
   00503    0.4050   -1151.7253  0.6953 
   00504    0.3975   -1167.0791  0.7048 
   00505    0.4200   -1169.1277  0.6956 
   00506    0.3600   -1197.7606  0.7027 
   00507    0.4100   -1169.3820  0.6866 
   00508    0.4375   -1167.8024  0.6845 
   00509    0.4200   -1178.1930  0.6796 
   00510    0.4075   -1166.0110  0.6612 
   00511    0.3900   -1168.1488  0.6477 
   00512    0.4075   -1172.2996  0.6544 
   00513    0.4025   -1140.8963  0.6401 
   00514    0.4600   -1153.5531  0.6226 
   00515    0.3475   -1154.4748  0.6150 
   00516    0.4325   -1142.5750  0.6081 
   00517    0.4175   -1123.9075  0.5989 
   00518    0.4525   -1132.3137  0.6005 
   00519    0.4525   -1096.1047  0.6017 
   00520    0.4725   -1098.5703  0.5840 
   00521    0.4225   -1074.5888  0.5921 
   00522    0.3950   -1094.9819  0.6043 
   00523    0.4325   -1126.2571  0.6153 
   00524    0.4200   -1137.3866  0.6060 
   00525    0.4000   -1159.6955  0.6149 
   00526    0.4675   -1156.3864  0.6327 
   00527    0.4000   -1132.3660  0.6333 
   00528    0.3875   -1145.2119  0.6261 
   00529    0.4450   -1140.9119  0.6230 
   00530    0.4050   -1114.0694  0.6058 
   00531    0.4450   -1120.7745  0.6134 
   00532    0.4350   -1127.4399  0.6108 
   00533    0.4075   -1126.6588  0.6218 
   00534    0.4375   -1137.4937  0.6427 
   00535    0.4200   -1158.7239  0.6354 
   00536    0.3800   -1166.3790  0.6404 
   00537    0.4050   -1158.9143  0.6533 
   00538    0.4475   -1151.2303  0.6471 
   00539    0.3825   -1159.2513  0.6603 
   00540    0.4075   -1184.7778  0.6559 
   00541    0.4100   -1156.8804  0.6493 
   00542    0.4425   -1195.2560  0.6390 
   00543    0.3700   -1219.5530  0.6245 
   00544    0.3775   -1179.6802  0.6233 
   00545    0.3750   -1158.5726  0.6068 
   00546    0.4350   -1184.9554  0.6148 
   00547    0.3950   -1143.5277  0.6036 
   00548    0.3775   -1134.5702  0.6036 
   00549    0.3500   -1150.3934  0.5966 
   00550    0.4400   -1153.3293  0.6017 
   00551    0.3575   -1156.9497  0.6083 
   00552    0.4125   -1121.5495  0.5880 
   00553    0.4325   -1146.6015  0.5895 
   00554    0.4675   -1127.9664  0.5951 
   00555    0.4125   -1112.7979  0.6097 
   00556    0.4225   -1124.6892  0.6182 
   00557    0.4525   -1147.9095  0.6223 
   00558    0.3925   -1138.5613  0.6203 
   00559    0.4475   -1179.3228  0.6406 
   00560    0.4325   -1193.3612  0.6573 
   00561    0.4175   -1195.6149  0.6647 
   00562    0.4100   -1169.1908  0.6407 
   00563    0.3900   -1186.5382  0.6299 
   00564    0.4250   -1158.1042  0.6403 
   00565    0.4100   -1136.1149  0.6480 
   00566    0.4400   -1110.2808  0.6352 
   00567    0.3950   -1121.4816  0.6215 
   00568    0.4450   -1099.0141  0.6103 
   00569    0.4300   -1121.0738  0.6319 
   00570    0.4325   -1121.2475  0.6459 
   00571    0.4000   -1114.6668  0.6508 
   00572    0.4275   -1129.7510  0.6461 
   00573    0.4200   -1134.8031  0.6373 
   00574    0.3625   -1130.2432  0.6425 
   00575    0.3825   -1143.0158  0.6542 
   00576    0.4475   -1166.6009  0.6809 
   00577    0.3850   -1167.7228  0.6881 
   00578    0.3775   -1161.8776  0.6779 
   00579    0.4175   -1154.6513  0.6914 
   00580    0.3900   -1162.3901  0.6915 
   00581    0.4050   -1156.6564  0.6952 
   00582    0.4250   -1136.0226  0.6853 
   00583    0.4275   -1129.2015  0.6742 
   00584    0.4200   -1146.8347  0.6683 
   00585    0.4225   -1164.2694  0.6579 
   00586    0.3775   -1153.1877  0.6620 
   00587    0.4250   -1135.1375  0.6341 
   00588    0.3900   -1139.7912  0.6165 
   00589    0.4150   -1103.2346  0.6067 
   00590    0.4125   -1087.5327  0.5970 
   00591    0.4375   -1077.8433  0.5940 
   00592    0.4175   -1099.5900  0.6106 
   00593    0.4575   -1125.6531  0.6226 
   00594    0.3900   -1133.4444  0.6170 
   00595    0.3675   -1102.4415  0.6147 
   00596    0.4725   -1082.4140  0.6009 
   00597    0.4250   -1090.2980  0.5949 
   00598    0.4475   -1071.7983  0.5878 
   00599    0.4300   -1056.0037  0.5485 
   00600    0.4575   -1076.7984  0.5678 
   00601    0.4250   -1093.5392  0.5809 
   00602    0.4250   -1074.9527  0.5794 
   00603    0.4475   -1099.6687  0.5588 
   00604    0.4125   -1127.1121  0.5630 
   00605    0.4250   -1100.0720  0.5480 
   00606    0.3925   -1127.5332  0.5449 
   00607    0.4100   -1136.3270  0.5413 
   00608    0.4225   -1134.3417  0.5591 
   00609    0.3875   -1109.6834  0.5709 
   00610    0.4175   -1097.0532  0.5671 
   00611    0.4225   -1080.7117  0.5899 
   00612    0.4175   -1097.3979  0.6017 
   00613    0.4650   -1050.0259  0.5766 
   00614    0.4250   -1012.2188  0.5467 
   00615    0.4775   -1044.2210  0.5575 
   00616    0.4675   -1079.9205  0.5695 
   00617    0.4700   -1125.1574  0.5828 
   00618    0.4475   -1103.7548  0.5717 
   00619    0.4325   -1106.9092  0.5631 
   00620    0.4800   -1098.3819  0.5670 
   00621    0.4550   -1109.6966  0.5785 
   00622    0.4500   -1125.8916  0.5868 
   00623    0.3975   -1152.5896  0.6097 
   00624    0.4000   -1132.9102  0.6088 
   00625    0.4400   -1131.6022  0.6203 
   00626    0.4300   -1150.7843  0.6138 
   00627    0.4100   -1141.9794  0.5839 
   00628    0.4475   -1126.3918  0.5725 
   00629    0.4300   -1097.0611  0.5560 
   00630    0.4225   -1127.1850  0.5751 
   00631    0.4150   -1088.9054  0.5553 
   00632    0.4375   -1113.6625  0.5410 
   00633    0.4225   -1114.6011  0.5567 
   00634    0.4100   -1143.2042  0.5487 
   00635    0.3900   -1136.5698  0.5474 
   00636    0.3825   -1104.9128  0.5460 
   00637    0.4125   -1122.6764  0.5435 
   00638    0.4300   -1121.2366  0.5820 
   00639    0.4475   -1138.0851  0.5659 
   00640    0.4325   -1132.7253  0.5410 
   00641    0.4550   -1133.1172  0.5424 
   00642    0.4250   -1151.5402  0.5442 
   00643    0.4000   -1132.5591  0.5520 
   00644    0.4400   -1093.7394  0.5387 
   00645    0.4700   -1090.3368  0.5191 
   00646    0.4050   -1097.7905  0.5329 
   00647    0.4375   -1117.7303  0.5501 
   00648    0.4350   -1062.9580  0.5491 
   00649    0.4300   -1078.7922  0.5488 
   00650    0.4125   -1108.0949  0.5550 
   00651    0.4525   -1122.6597  0.5494 
   00652    0.4025   -1129.4632  0.5495 
   00653    0.4000   -1142.8982  0.5505 
   00654    0.3950   -1147.9709  0.5792 
   00655    0.4575   -1131.2321  0.5975 
   00656    0.4450   -1123.6227  0.6236 
   00657    0.4450   -1167.4657  0.6373 
   00658    0.3875   -1136.8293  0.6268 
   00659    0.3725   -1152.7144  0.6134 
   00660    0.4300   -1137.8459  0.6298 
   00661    0.4650   -1138.6721  0.6356 
   00662    0.4075   -1130.8222  0.6304 
   00663    0.4325   -1111.0508  0.6291 
   00664    0.4350   -1146.8479  0.6296 
   00665    0.4475   -1147.0185  0.6364 
   00666    0.3750   -1148.7457  0.6430 
   00667    0.4025   -1161.0775  0.6424 
   00668    0.4225   -1164.0973  0.6200 
   00669    0.4100   -1184.1908  0.6240 
   00670    0.4225   -1167.1808  0.6076 
   00671    0.4000   -1204.1912  0.6224 
   00672    0.3900   -1199.6362  0.6231 
   00673    0.3275   -1160.5018  0.6386 
   00674    0.4275   -1165.6818  0.6282 
   00675    0.4375   -1159.4163  0.6170 
   00676    0.4425   -1177.1146  0.6061 
   00677    0.3700   -1173.3034  0.5967 
   00678    0.4150   -1202.2939  0.5861 
   00679    0.3725   -1187.9907  0.5949 
   00680    0.4100   -1179.4471  0.5987 
   00681    0.3975   -1186.1536  0.6011 
   00682    0.3975   -1185.6578  0.5875 
   00683    0.4000   -1174.4797  0.5878 
   00684    0.4200   -1146.6316  0.5934 
   00685    0.4500   -1145.5815  0.5600 
   00686    0.3725   -1152.3172  0.5737 
   00687    0.4300   -1153.0698  0.5727 
   00688    0.4025   -1156.4463  0.5707 
   00689    0.3975   -1139.5238  0.5801 
   00690    0.4150   -1156.8310  0.5785 
   00691    0.4450   -1118.7696  0.5748 
   00692    0.3700   -1148.8243  0.5896 
   00693    0.4775   -1136.6835  0.5782 
   00694    0.3875   -1131.1849  0.5799 
   00695    0.4225   -1120.7331  0.5588 
   00696    0.4200   -1141.4531  0.5627 
   00697    0.4125   -1125.6719  0.5384 
   00698    0.4350   -1090.0591  0.5245 
   00699    0.4325   -1051.8039  0.5276 
   00700    0.4050   -1057.1103  0.5182 
   00701    0.4550   -1078.6858  0.5118 
   00702    0.4075   -1090.4161  0.5101 
   00703    0.4100   -1093.6693  0.5289 
   00704    0.4650   -1110.7048  0.5567 
   00705    0.3750   -1116.5017  0.5467 
   00706    0.4425   -1141.5227  0.5350 
   00707    0.4525   -1141.4135  0.5299 
   00708    0.4400   -1110.7710  0.5192 
   00709    0.4050   -1088.6259  0.5271 
   00710    0.4425   -1109.2260  0.5490 
   00711    0.4300   -1096.9589  0.5493 
   00712    0.4150   -1128.2240  0.5644 
   00713    0.4000   -1164.6466  0.5736 
   00714    0.4575   -1164.7758  0.5992 
   00715    0.4425   -1125.7758  0.5866 
   00716    0.4350   -1117.1516  0.5850 
   00717    0.3800   -1133.2679  0.5963 
   00718    0.4225   -1134.9836  0.5838 
   00719    0.4700   -1123.1562  0.5826 
   00720    0.4600   -1108.8408  0.5617 
   00721    0.4300   -1130.2688  0.5755 
   00722    0.4425   -1092.2929  0.5686 
   00723    0.4575   -1093.9914  0.5652 
   00724    0.4675   -1088.1778  0.5859 
   00725    0.4650   -1121.8367  0.5621 
   00726    0.4100   -1137.7840  0.5634 
   00727    0.4400   -1150.4128  0.5743 
   00728    0.4300   -1126.5828  0.5763 
   00729    0.4100   -1135.6849  0.5759 
   00730    0.4300   -1135.2148  0.5921 
   00731    0.4050   -1156.9988  0.6033 
   00732    0.4475   -1144.2862  0.5861 
   00733    0.4300   -1137.7073  0.5955 
   00734    0.4275   -1136.0211  0.6160 
   00735    0.3625   -1156.2577  0.6225 
   00736    0.4100   -1205.1086  0.6316 
   00737    0.4350   -1173.7405  0.6213 
   00738    0.4600   -1142.3204  0.6126 
   00739    0.4275   -1116.4532  0.6138 
   00740    0.4275   -1135.8832  0.6341 
   00741    0.4925   -1111.9477  0.6247 
   00742    0.4400   -1144.4354  0.6162 
   00743    0.4075   -1133.5818  0.6223 
   00744    0.4450   -1107.7156  0.6091 
   00745    0.4150   -1124.2845  0.6074 
   00746    0.4150   -1135.9039  0.6237 
   00747    0.4100   -1156.8003  0.6225 
   00748    0.4025   -1175.0227  0.6322 
   00749    0.4675   -1198.2535  0.6488 
   00750    0.4450   -1184.7509  0.6520 
   00751    0.4275   -1169.7307  0.6333 
   00752    0.4025   -1151.7606  0.6214 
   00753    0.4325   -1151.5159  0.5966 
   00754    0.4550   -1147.2097  0.5907 
   00755    0.4350   -1117.7064  0.6183 
   00756    0.4125   -1097.6370  0.6055 
   00757    0.4075   -1111.3235  0.6065 
   00758    0.4425   -1148.8534  0.6057 
   00759    0.3850   -1146.6629  0.6086 
   00760    0.4350   -1177.9184  0.6233 
   00761    0.4525   -1142.3802  0.6052 
   00762    0.4250   -1153.1742  0.6072 
   00763    0.4000   -1154.8110  0.6146 
   00764    0.4350   -1164.4028  0.6250 
   00765    0.4200   -1147.9118  0.6310 
   00766    0.4200   -1158.1829  0.6136 
   00767    0.3900   -1129.1862  0.6334 
   00768    0.4150   -1159.0417  0.6366 
   00769    0.4100   -1170.1815  0.6400 
   00770    0.4400   -1199.3353  0.6568 
   00771    0.3350   -1212.2262  0.6629 
   00772    0.3950   -1225.7250  0.6639 
   00773    0.3100   -1210.4850  0.6492 
   00774    0.4125   -1215.9787  0.6780 
   00775    0.4100   -1237.6713  0.6905 
   00776    0.3850   -1203.9741  0.6834 
   00777    0.4050   -1161.8294  0.6970 
   00778    0.4300   -1159.5393  0.6912 
   00779    0.3900   -1146.6141  0.7131 
   00780    0.4100   -1156.8186  0.7113 
   00781    0.4175   -1160.0020  0.7194 
   00782    0.4350   -1146.9080  0.7080 
   00783    0.3900   -1157.0051  0.7268 
   00784    0.4375   -1180.6121  0.7279 
   00785    0.3825   -1207.8325  0.7415 
   00786    0.3975   -1223.3318  0.7380 
   00787    0.3425   -1214.4755  0.7388 
   00788    0.4200   -1219.4275  0.7356 
   00789    0.4375   -1214.5929  0.7548 
   00790    0.4000   -1200.6485  0.7372 
   00791    0.4025   -1210.9558  0.7442 
   00792    0.4050   -1200.4905  0.7457 
   00793    0.4125   -1245.5958  0.7694 
   00794    0.3525   -1243.7881  0.7656 
   00795    0.3700   -1237.4746  0.7678 
   00796    0.3900   -1215.8942  0.7628 
   00797    0.4300   -1207.0942  0.7595 
   00798    0.4625   -1208.7905  0.7573 
   00799    0.4000   -1207.2505  0.7543 
   00800    0.3950   -1191.5295  0.7549 
   00801    0.3925   -1189.7582  0.7608 
   00802    0.4175   -1187.2692  0.7744 
   00803    0.3925   -1178.8812  0.7598 
   00804    0.4575   -1186.9027  0.7815 
   00805    0.4050   -1181.6956  0.7761 
   00806    0.4250   -1184.4117  0.7803 
   00807    0.4375   -1201.0521  0.7794 
   00808    0.3650   -1188.3235  0.7767 
   00809    0.3700   -1206.0222  0.7911 
   00810    0.3450   -1225.1462  0.7977 
   00811    0.4150   -1179.1930  0.7845 
   00812    0.4175   -1160.4273  0.7735 
   00813    0.3975   -1170.5664  0.7695 
   00814    0.4400   -1174.1686  0.7732 
   00815    0.4150   -1177.3325  0.7698 
   00816    0.3725   -1184.9264  0.7578 
   00817    0.3750   -1194.1107  0.7623 
   00818    0.4225   -1186.2897  0.7569 
   00819    0.4150   -1181.0481  0.7428 
   00820    0.3975   -1174.8832  0.7504 
   00821    0.4225   -1165.3718  0.7454 
   00822    0.3975   -1164.4308  0.7379 
   00823    0.3875   -1159.1372  0.7374 
   00824    0.3775   -1167.5111  0.7334 
   00825    0.3875   -1158.8581  0.7240 
   00826    0.4475   -1181.4411  0.7242 
   00827    0.4300   -1151.7243  0.7121 
   00828    0.3975   -1163.4391  0.7167 
   00829    0.4125   -1120.5867  0.7047 
   00830    0.4200   -1154.4445  0.7277 
   00831    0.3850   -1155.3340  0.7353 
   00832    0.3925   -1170.6193  0.7419 
   00833    0.4175   -1165.2733  0.7531 
   00834    0.3700   -1144.2306  0.7339 
   00835    0.4275   -1127.7100  0.7396 
   00836    0.4150   -1144.9065  0.7274 
   00837    0.4075   -1130.4577  0.7205 
   00838    0.4125   -1158.9021  0.7270 
   00839    0.4200   -1147.4386  0.7228 
   00840    0.4325   -1165.9266  0.7216 
   00841    0.4400   -1171.3306  0.7179 
   00842    0.4350   -1193.8730  0.7372 
   00843    0.4100   -1187.4989  0.7402 
   00844    0.4100   -1203.7361  0.7587 
   00845    0.3900   -1223.6032  0.7635 
   00846    0.3550   -1210.2559  0.7622 
   00847    0.4350   -1213.7355  0.7615 
   00848    0.4325   -1176.4352  0.7339 
   00849    0.4075   -1177.3427  0.7326 
   00850    0.3475   -1197.1556  0.7513 
   00851    0.4100   -1205.3904  0.7391 
   00852    0.4075   -1163.6924  0.7216 
   00853    0.3825   -1153.0176  0.7150 
   00854    0.4125   -1138.2347  0.7054 
   00855    0.4100   -1178.1540  0.7114 
   00856    0.4275   -1182.7089  0.7192 
   00857    0.4050   -1202.1299  0.7225 
   00858    0.3975   -1226.9369  0.7364 
   00859    0.3875   -1211.5362  0.7269 
   00860    0.4050   -1182.6516  0.7325 
   00861    0.4175   -1184.9635  0.7383 
   00862    0.3900   -1174.1443  0.7482 
   00863    0.4125   -1197.5144  0.7528 
   00864    0.4000   -1192.7716  0.7472 
   00865    0.3875   -1181.1334  0.7501 
   00866    0.4125   -1175.5542  0.7381 
   00867    0.4550   -1167.2641  0.7227 
   00868    0.4600   -1205.1485  0.7368 
   00869    0.3950   -1189.2473  0.7406 
   00870    0.4375   -1201.5057  0.7363 
   00871    0.4150   -1159.8279  0.7307 
   00872    0.4300   -1170.9762  0.7500 
   00873    0.4225   -1147.2694  0.7266 
   00874    0.4025   -1134.8225  0.7234 
   00875    0.3850   -1086.7393  0.6975 
   00876    0.4350   -1076.0542  0.7052 
   00877    0.4250   -1072.1166  0.7000 
   00878    0.4500   -1107.3320  0.7131 
   00879    0.4050   -1110.9482  0.7234 
   00880    0.4650   -1128.8304  0.7222 
   00881    0.4400   -1130.6763  0.7186 
   00882    0.4375   -1123.3894  0.6993 
   00883    0.4425   -1137.8505  0.6781 
   00884    0.3950   -1122.2123  0.6730 
   00885    0.3850   -1137.0747  0.6719 
   00886    0.4275   -1110.7248  0.6447 
   00887    0.4350   -1126.8924  0.6491 
   00888    0.4275   -1104.8096  0.6256 
   00889    0.4525   -1087.3208  0.6398 
   00890    0.4000   -1100.9385  0.6354 
   00891    0.4100   -1081.4084  0.6250 
   00892    0.4750   -1098.2016  0.6210 
   00893    0.4225   -1116.5976  0.6382 
   00894    0.4250   -1144.8381  0.6692 
   00895    0.4325   -1143.6060  0.6863 
   00896    0.3925   -1153.7410  0.6847 
   00897    0.4475   -1136.6540  0.6633 
   00898    0.4125   -1146.5785  0.6589 
   00899    0.3825   -1165.2491  0.6653 
   00900    0.4150   -1152.8325  0.6772 
   00901    0.3925   -1147.8671  0.6727 
   00902    0.4525   -1132.2419  0.6516 
   00903    0.3700   -1135.8311  0.6544 
   00904    0.4075   -1148.0796  0.6786 
   00905    0.4300   -1202.8956  0.6966 
   00906    0.3850   -1188.3324  0.6923 
   00907    0.4050   -1199.8739  0.7176 
   00908    0.3775   -1189.5150  0.7088 
   00909    0.3900   -1217.9590  0.7282 
   00910    0.4000   -1153.6267  0.7031 
   00911    0.4300   -1195.5279  0.7065 
   00912    0.3875   -1188.8108  0.6810 
   00913    0.4350   -1158.0297  0.6954 
   00914    0.4325   -1184.1444  0.6894 
   00915    0.4075   -1195.4578  0.6990 
   00916    0.3475   -1210.0105  0.7027 
   00917    0.3725   -1217.5590  0.6819 
   00918    0.4025   -1232.5049  0.7003 
   00919    0.3700   -1224.7821  0.6969 
   00920    0.4175   -1197.2486  0.6809 
   00921    0.4625   -1220.6867  0.6802 
   00922    0.3950   -1194.3297  0.6683 
   00923    0.4200   -1185.7892  0.6629 
   00924    0.4150   -1180.1205  0.6592 
   00925    0.4425   -1199.9410  0.6723 
   00926    0.4050   -1164.4895  0.6540 
   00927    0.4350   -1142.3266  0.6511 
   00928    0.4375   -1144.4279  0.6156 
   00929    0.4225   -1145.1581  0.6035 
   00930    0.3975   -1145.5535  0.6121 
   00931    0.4475   -1148.2658  0.6265 
   00932    0.3825   -1144.6532  0.6196 
   00933    0.4375   -1170.9873  0.6311 
   00934    0.3800   -1158.2338  0.6167 
   00935    0.4350   -1167.0163  0.6095 
   00936    0.4150   -1171.6680  0.5997 
   00937    0.4175   -1176.4836  0.6104 
   00938    0.4125   -1176.5405  0.6002 
   00939    0.4025   -1157.9264  0.6164 
   00940    0.4375   -1163.0332  0.6164 
   00941    0.4325   -1197.7323  0.6277 
   00942    0.4225   -1188.3207  0.6233 
   00943    0.4225   -1188.4594  0.6185 
   00944    0.3850   -1200.2648  0.6099 
   00945    0.4175   -1196.3879  0.6304 
   00946    0.4025   -1196.8676  0.6099 
   00947    0.4325   -1184.7478  0.5974 
   00948    0.4050   -1169.7605  0.6042 
   00949    0.3925   -1183.0186  0.6011 
   00950    0.3775   -1158.0038  0.5889 
   00951    0.3950   -1192.2288  0.5897 
   00952    0.4250   -1164.9651  0.6133 
   00953    0.4025   -1142.2132  0.6010 
   00954    0.4025   -1171.5816  0.5970 
   00955    0.4300   -1151.9481  0.5846 
   00956    0.3675   -1181.5732  0.5755 
   00957    0.3925   -1167.6668  0.5703 
   00958    0.3675   -1172.5459  0.5868 
   00959    0.4100   -1141.5680  0.5703 
   00960    0.4025   -1101.0849  0.5438 
   00961    0.4275   -1112.6848  0.5505 
   00962    0.4450   -1119.7396  0.5316 
   00963    0.4500   -1129.0027  0.5580 
   00964    0.4025   -1153.2347  0.5647 
   00965    0.4075   -1153.8556  0.5611 
   00966    0.4425   -1177.9689  0.5664 
   00967    0.4225   -1169.8293  0.5365 
   00968    0.4075   -1154.1989  0.5490 
   00969    0.4300   -1160.5651  0.5709 
   00970    0.4000   -1123.9675  0.5447 
   00971    0.3900   -1137.8684  0.5398 
   00972    0.4075   -1131.8319  0.5177 
   00973    0.4150   -1126.7472  0.5047 
   00974    0.4150   -1167.6876  0.5081 
   00975    0.4425   -1153.4664  0.4867 
   00976    0.3800   -1164.8719  0.4700 
   00977    0.3875   -1145.2078  0.4806 
   00978    0.4275   -1129.9977  0.4895 
   00979    0.4150   -1179.5190  0.4964 
   00980    0.3800   -1172.5959  0.4681 
   00981    0.4275   -1180.2315  0.4677 
   00982    0.4125   -1145.7179  0.4821 
   00983    0.4250   -1130.2358  0.4861 
   00984    0.4225   -1127.5670  0.4790 
   00985    0.4325   -1149.4296  0.4854 
   00986    0.3475   -1158.6638  0.4803 
   00987    0.4325   -1152.7924  0.5023 
   00988    0.4600   -1120.6652  0.5042 
   00989    0.4300   -1110.4347  0.4959 
   00990    0.4275   -1106.1578  0.4972 
   00991    0.4175   -1107.9278  0.5078 
   00992    0.4525   -1134.5109  0.4935 
   00993    0.4075   -1123.6938  0.4919 
   00994    0.4300   -1155.1031  0.5088 
   00995    0.4525   -1091.8813  0.5135 
   00996    0.4400   -1105.5388  0.5111 
   00997    0.4450   -1097.9006  0.5294 
   00998    0.4500   -1107.9054  0.5262 
   00999    0.4500   -1088.7937  0.5342 
   01000    0.4225   -1078.0195  0.5523 
