#=====================================================
# File created:        Mon-06-Nov-2023-at-11-23-35AM
# Size of lattice:     60x60
# Number of MC steps:  1000
# Reduced temperature: 0.400
# Run time (s):        92.419628
#=====================================================
# MC step:  Ratio:     Energy:   Order:
#=====================================================
   00000    0.5000   -3599.2573  0.2524 
   00001    0.6489   -3993.9791  0.2551 
   00002    0.6156   -4426.1609  0.2540 
   00003    0.6056   -4796.2958  0.2544 
   00004    0.6244   -5168.6893  0.2537 
   00005    0.6022   -5472.2706  0.2530 
   00006    0.6111   -5710.6215  0.2548 
   00007    0.5600   -5928.1109  0.2547 
   00008    0.5667   -6174.4258  0.2570 
   00009    0.5956   -6377.8712  0.2632 
   00010    0.5411   -6610.8723  0.2580 
   00011    0.5622   -6807.2181  0.2583 
   00012    0.5622   -7043.5836  0.2614 
   00013    0.5700   -7235.9332  0.2575 
   00014    0.5444   -7409.0312  0.2590 
   00015    0.5156   -7552.7381  0.2563 
   00016    0.5267   -7722.1730  0.2551 
   00017    0.5444   -7875.7087  0.2528 
   00018    0.5067   -8009.9511  0.2538 
   00019    0.5089   -8132.5312  0.2545 
   00020    0.4933   -8282.3569  0.2567 
   00021    0.5044   -8378.3765  0.2578 
   00022    0.5122   -8499.7926  0.2575 
   00023    0.5244   -8593.1636  0.2528 
   00024    0.4889   -8700.6010  0.2533 
   00025    0.5144   -8815.9551  0.2515 
   00026    0.4711   -8892.2796  0.2527 
   00027    0.4689   -8977.8030  0.2519 
   00028    0.4844   -9064.1089  0.2519 
   00029    0.4911   -9161.3345  0.2554 
   00030    0.4700   -9258.3022  0.2577 
   00031    0.4622   -9335.4978  0.2582 
   00032    0.4978   -9389.8885  0.2589 
   00033    0.4822   -9468.2043  0.2591 
   00034    0.4733   -9528.4148  0.2639 
   00035    0.5089   -9601.1152  0.2650 
   00036    0.4689   -9674.2773  0.2658 
   00037    0.4822   -9738.3243  0.2652 
   00038    0.4844   -9806.2425  0.2626 
   00039    0.4633   -9858.0664  0.2639 
   00040    0.4800   -9913.9012  0.2620 
   00041    0.4444   -9965.4215  0.2615 
   00042    0.4567  -10002.4383  0.2609 
   00043    0.4800  -10046.7816  0.2612 
   00044    0.4556  -10097.5216  0.2620 
   00045    0.5100  -10118.7126  0.2601 
   00046    0.4322  -10180.3660  0.2583 
   00047    0.4567  -10236.1726  0.2608 
   00048    0.4289  -10283.2385  0.2622 
   00049    0.4911  -10314.5098  0.2636 
   00050    0.4489  -10368.5530  0.2656 
   00051    0.4656  -10405.5518  0.2670 
   00052    0.4533  -10450.6653  0.2691 
   00053    0.4411  -10489.7545  0.2669 
   00054    0.4689  -10542.9303  0.2661 
   00055    0.4533  -10563.0482  0.2660 
   00056    0.4756  -10598.0788  0.2655 
   00057    0.4311  -10613.1112  0.2672 
   00058    0.4489  -10648.6483  0.2660 
   00059    0.4322  -10689.8074  0.2650 
   00060    0.4100  -10728.2861  0.2635 
   00061    0.4500  -10762.8737  0.2629 
   00062    0.4622  -10773.0248  0.2642 
   00063    0.4478  -10799.4635  0.2635 
   00064    0.4333  -10855.5815  0.2635 
   00065    0.4378  -10854.5889  0.2627 
   00066    0.4544  -10892.0755  0.2674 
   00067    0.4222  -10925.2429  0.2664 
   00068    0.4333  -10927.1405  0.2642 
   00069    0.4433  -10948.6828  0.2637 
   00070    0.4322  -10968.5262  0.2628 
   00071    0.4311  -10995.3155  0.2626 
   00072    0.4389  -11011.4781  0.2619 
   00073    0.4411  -11029.8508  0.2623 
   00074    0.4289  -11033.3880  0.2621 
   00075    0.4422  -11037.3725  0.2637 
   00076    0.4311  -11059.4813  0.2659 
   00077    0.4389  -11102.5544  0.2683 
   00078    0.4544  -11150.0708  0.2699 
   00079    0.4344  -11182.1883  0.2721 
   00080    0.4278  -11224.4758  0.2742 
   00081    0.4011  -11232.0471  0.2739 
   00082    0.4489  -11247.1830  0.2734 
   00083    0.4467  -11261.8768  0.2717 
   00084    0.4178  -11267.8427  0.2724 
   00085    0.4067  -11280.1199  0.2726 
   00086    0.4422  -11288.6473  0.2738 
   00087    0.4233  -11292.6891  0.2725 
   00088    0.4411  -11283.0639  0.2747 
   00089    0.4089  -11295.8585  0.2753 
   00090    0.4367  -11334.9090  0.2754 
   00091    0.4322  -11365.3662  0.2733 
   00092    0.4311  -11388.9899  0.2733 
   00093    0.4089  -11399.3362  0.2726 
   00094    0.4000  -11445.7456  0.2712 
   00095    0.4144  -11451.6119  0.2697 
   00096    0.4089  -11483.7329  0.2704 
   00097    0.4278  -11492.8922  0.2685 
   00098    0.4211  -11473.5126  0.2694 
   00099    0.4500  -11484.1609  0.2691 
   00100    0.4533  -11538.2449  0.2699 
   00101    0.4233  -11571.6348  0.2701 
   00102    0.4267  -11594.4686  0.2692 
   00103    0.4278  -11602.7121  0.2686 
   00104    0.4278  -11612.5974  0.2662 
   00105    0.4233  -11605.5134  0.2655 
   00106    0.4289  -11614.6253  0.2663 
   00107    0.4478  -11619.1514  0.2662 
   00108    0.4289  -11642.1397  0.2651 
   00109    0.4067  -11681.0175  0.2655 
   00110    0.4178  -11681.1497  0.2677 
   00111    0.4256  -11687.3381  0.2688 
   00112    0.3922  -11698.9427  0.2690 
   00113    0.4378  -11687.6823  0.2724 
   00114    0.4467  -11689.2077  0.2725 
   00115    0.4233  -11707.7338  0.2740 
   00116    0.4333  -11694.8008  0.2732 
   00117    0.4056  -11682.9450  0.2710 
   00118    0.4322  -11687.6132  0.2686 
   00119    0.4489  -11722.1590  0.2681 
   00120    0.4011  -11740.3463  0.2675 
   00121    0.4200  -11764.3428  0.2670 
   00122    0.4056  -11749.7040  0.2661 
   00123    0.4256  -11755.5832  0.2675 
   00124    0.4267  -11769.3185  0.2661 
   00125    0.3933  -11784.8022  0.2642 
   00126    0.4267  -11788.8554  0.2638 
   00127    0.4411  -11796.2771  0.2626 
   00128    0.4089  -11798.4993  0.2608 
   00129    0.4411  -11804.5741  0.2605 
   00130    0.3956  -11833.3454  0.2609 
   00131    0.3956  -11846.1625  0.2636 
   00132    0.4278  -11848.3794  0.2644 
   00133    0.4044  -11857.3013  0.2683 
   00134    0.4267  -11866.1938  0.2681 
   00135    0.4122  -11853.5721  0.2681 
   00136    0.4244  -11834.8306  0.2675 
   00137    0.4311  -11850.4702  0.2680 
   00138    0.4033  -11850.9992  0.2663 
   00139    0.4267  -11844.1993  0.2671 
   00140    0.3956  -11834.5218  0.2689 
   00141    0.4033  -11846.8914  0.2675 
   00142    0.4089  -11876.9203  0.2667 
   00143    0.4122  -11893.7730  0.2679 
   00144    0.4122  -11898.2816  0.2681 
   00145    0.4122  -11894.4337  0.2716 
   00146    0.4178  -11906.4507  0.2720 
   00147    0.4311  -11928.7853  0.2723 
   00148    0.4244  -11942.5077  0.2709 
   00149    0.4233  -11947.7555  0.2731 
   00150    0.4378  -11947.0782  0.2716 
   00151    0.4178  -11949.4075  0.2701 
   00152    0.4122  -11957.9001  0.2712 
   00153    0.3978  -11955.3619  0.2722 
   00154    0.4122  -11939.2846  0.2701 
   00155    0.4000  -11970.4042  0.2687 
   00156    0.4011  -11991.9396  0.2688 
   00157    0.3700  -11982.9727  0.2706 
   00158    0.4233  -11969.8692  0.2714 
   00159    0.4433  -12005.9257  0.2707 
   00160    0.4133  -12016.1467  0.2710 
   00161    0.3911  -12026.7123  0.2722 
   00162    0.4056  -12021.5632  0.2728 
   00163    0.4089  -12017.1597  0.2731 
   00164    0.3956  -12009.8127  0.2738 
   00165    0.3989  -12031.5858  0.2694 
   00166    0.4144  -12030.0974  0.2683 
   00167    0.4233  -12014.6218  0.2697 
   00168    0.4022  -11995.2252  0.2703 
   00169    0.4256  -12006.7722  0.2707 
   00170    0.4000  -11998.1467  0.2678 
   00171    0.4278  -12008.2348  0.2653 
   00172    0.4367  -12001.6620  0.2644 
   00173    0.4278  -12020.9707  0.2656 
   00174    0.3944  -12007.3291  0.2665 
   00175    0.4011  -12021.4894  0.2639 
   00176    0.3967  -12027.0901  0.2647 
   00177    0.4178  -12030.7774  0.2671 
   00178    0.4167  -12032.1294  0.2654 
   00179    0.4356  -12042.5839  0.2673 
   00180    0.4144  -12051.8626  0.2667 
   00181    0.3967  -12061.2416  0.2670 
   00182    0.4267  -12043.2546  0.2700 
   00183    0.4233  -12039.9174  0.2704 
   00184    0.4111  -12022.2994  0.2722 
   00185    0.4211  -12030.8588  0.2731 
   00186    0.3856  -12034.2269  0.2732 
   00187    0.4067  -12027.5759  0.2722 
   00188    0.4222  -12015.0538  0.2729 
   00189    0.4056  -12037.1767  0.2704 
   00190    0.3911  -12043.6006  0.2713 
   00191    0.4400  -12040.8944  0.2724 
   00192    0.3911  -12045.5220  0.2725 
   00193    0.4033  -12060.6090  0.2714 
   00194    0.4100  -12087.2793  0.2715 
   00195    0.4144  -12089.4477  0.2720 
   00196    0.4289  -12093.6004  0.2698 
   00197    0.4056  -12077.7798  0.2683 
   00198    0.4078  -12084.1693  0.2661 
   00199    0.3911  -12088.7663  0.2650 
   00200    0.3878  -12088.8781  0.2672 
   00201    0.3844  -12080.2885  0.2678 
   00202    0.4167  -12073.1083  0.2684 
   00203    0.4056  -12069.5293  0.2675 
   00204    0.4100  -12078.2022  0.2663 
   00205    0.4089  -12087.2469  0.2668 
   00206    0.4289  -12100.5535  0.2674 
   00207    0.4267  -12094.0397  0.2682 
   00208    0.4156  -12093.8843  0.2694 
   00209    0.4133  -12109.8641  0.2691 
   00210    0.4022  -12128.3447  0.2701 
   00211    0.4333  -12107.9392  0.2710 
   00212    0.4233  -12112.5801  0.2700 
   00213    0.4156  -12099.2053  0.2702 
   00214    0.4000  -12127.2858  0.2694 
   00215    0.4333  -12110.7476  0.2675 
   00216    0.4056  -12077.8966  0.2669 
   00217    0.3978  -12073.7829  0.2679 
   00218    0.4400  -12075.5676  0.2698 
   00219    0.4289  -12088.9527  0.2711 
   00220    0.4111  -12099.1113  0.2699 
   00221    0.4033  -12100.5973  0.2721 
   00222    0.3989  -12097.1545  0.2720 
   00223    0.4022  -12089.2276  0.2745 
   00224    0.4200  -12093.4913  0.2747 
   00225    0.3933  -12123.7915  0.2749 
   00226    0.3844  -12127.6830  0.2732 
   00227    0.4067  -12128.1003  0.2745 
   00228    0.4011  -12136.6342  0.2739 
   00229    0.4433  -12142.0992  0.2722 
   00230    0.4033  -12155.4992  0.2713 
   00231    0.4378  -12151.3814  0.2741 
   00232    0.3789  -12149.4542  0.2721 
   00233    0.4233  -12162.8774  0.2733 
   00234    0.4344  -12182.2170  0.2762 
   00235    0.4078  -12156.3241  0.2762 
   00236    0.3956  -12174.0448  0.2769 
   00237    0.4311  -12174.0044  0.2763 
   00238    0.3967  -12165.3697  0.2772 
   00239    0.4078  -12162.6280  0.2757 
   00240    0.4111  -12168.8899  0.2750 
   00241    0.3922  -12161.2463  0.2741 
   00242    0.4133  -12161.5244  0.2737 
   00243    0.4200  -12124.5792  0.2749 
   00244    0.4133  -12135.8990  0.2727 
   00245    0.3922  -12138.1116  0.2710 
   00246    0.4067  -12136.5159  0.2705 
   00247    0.4322  -12172.4918  0.2715 
   00248    0.4122  -12172.0318  0.2723 
   00249    0.3889  -12153.7993  0.2724 
   00250    0.3811  -12168.6771  0.2748 
   00251    0.3989  -12189.7749  0.2713 
   00252    0.3989  -12204.8390  0.2738 
   00253    0.4122  -12198.0997  0.2738 
   00254    0.4389  -12199.8718  0.2751 
   00255    0.4100  -12197.7170  0.2760 
   00256    0.4144  -12203.9665  0.2772 
   00257    0.4156  -12189.5302  0.2767 
   00258    0.4300  -12202.2354  0.2777 
   00259    0.4200  -12204.8368  0.2779 
   00260    0.4178  -12200.8072  0.2771 
   00261    0.4000  -12238.4987  0.2755 
   00262    0.4333  -12220.3828  0.2754 
   00263    0.4078  -12242.3398  0.2756 
   00264    0.4022  -12244.8128  0.2759 
   00265    0.3800  -12234.5609  0.2749 
   00266    0.4189  -12235.2504  0.2732 
   00267    0.3933  -12236.1551  0.2727 
   00268    0.4200  -12262.9263  0.2716 
   00269    0.3900  -12252.6554  0.2705 
   00270    0.4078  -12284.9735  0.2707 
   00271    0.3878  -12275.7189  0.2718 
   00272    0.3800  -12260.2003  0.2719 
   00273    0.3978  -12283.9413  0.2721 
   00274    0.3722  -12272.6180  0.2732 
   00275    0.4033  -12271.5683  0.2734 
   00276    0.4044  -12273.5126  0.2736 
   00277    0.3778  -12279.7170  0.2753 
   00278    0.4144  -12268.7476  0.2751 
   00279    0.4078  -12270.5726  0.2751 
   00280    0.4033  -12250.2291  0.2753 
   00281    0.4122  -12253.9319  0.2752 
   00282    0.3833  -12254.6037  0.2771 
   00283    0.3878  -12248.0162  0.2758 
   00284    0.3789  -12265.9326  0.2766 
   00285    0.3911  -12272.6608  0.2778 
   00286    0.4200  -12280.5518  0.2779 
   00287    0.3944  -12250.5629  0.2786 
   00288    0.3989  -12248.8979  0.2759 
   00289    0.3978  -12261.6899  0.2751 
   00290    0.4089  -12256.4738  0.2737 
   00291    0.4067  -12267.3072  0.2708 
   00292    0.3967  -12258.5618  0.2721 
   00293    0.3867  -12249.4683  0.2741 
   00294    0.4100  -12226.2817  0.2743 
   00295    0.4200  -12231.5206  0.2775 
   00296    0.4256  -12258.9066  0.2768 
   00297    0.4067  -12257.2115  0.2804 
   00298    0.4144  -12270.3623  0.2800 
   00299    0.3867  -12301.9934  0.2816 
   00300    0.4267  -12292.8425  0.2819 
   00301    0.4233  -12297.7946  0.2827 
   00302    0.4222  -12298.6646  0.2820 
   00303    0.3911  -12279.2803  0.2832 
   00304    0.4233  -12287.9656  0.2840 
   00305    0.3967  -12296.0194  0.2823 
   00306    0.4389  -12294.8389  0.2801 
   00307    0.3967  -12321.4308  0.2820 
   00308    0.4000  -12313.0996  0.2805 
   00309    0.4056  -12328.8179  0.2818 
   00310    0.4211  -12333.5494  0.2822 
   00311    0.3956  -12332.8733  0.2834 
   00312    0.4200  -12322.8487  0.2854 
   00313    0.3911  -12309.8594  0.2849 
   00314    0.4111  -12303.6478  0.2814 
   00315    0.4167  -12296.0344  0.2843 
   00316    0.4189  -12318.0259  0.2818 
   00317    0.4178  -12339.2644  0.2804 
   00318    0.4011  -12334.6116  0.2815 
   00319    0.4100  -12350.8930  0.2787 
   00320    0.4344  -12351.7918  0.2756 
   00321    0.3956  -12356.3404  0.2751 
   00322    0.4211  -12362.5055  0.2763 
   00323    0.3989  -12384.7958  0.2751 
   00324    0.4089  -12381.0908  0.2760 
   00325    0.4000  -12355.2204  0.2747 
   00326    0.4122  -12352.8833  0.2760 
   00327    0.4067  -12332.2928  0.2750 
   00328    0.3944  -12362.4170  0.2757 
   00329    0.4178  -12359.8032  0.2776 
   00330    0.4122  -12330.6010  0.2782 
   00331    0.3811  -12354.5184  0.2803 
   00332    0.4011  -12373.6677  0.2804 
   00333    0.4078  -12358.4591  0.2792 
   00334    0.4267  -12339.2039  0.2787 
   00335    0.3956  -12338.6839  0.2801 
   00336    0.4111  -12355.4571  0.2794 
   00337    0.3944  -12365.5170  0.2776 
   00338    0.4011  -12366.2950  0.2793 
   00339    0.4244  -12366.4391  0.2821 
   00340    0.4444  -12387.0400  0.2812 
   00341    0.4089  -12370.3245  0.2828 
   00342    0.3944  -12386.8271  0.2829 
   00343    0.4022  -12409.1113  0.2848 
   00344    0.4078  -12406.3058  0.2869 
   00345    0.4411  -12401.8245  0.2898 
   00346    0.3944  -12407.2461  0.2901 
   00347    0.4178  -12391.5254  0.2893 
   00348    0.3622  -12374.3733  0.2881 
   00349    0.4078  -12363.8111  0.2889 
   00350    0.4189  -12350.5097  0.2915 
   00351    0.4056  -12343.9917  0.2917 
   00352    0.4167  -12329.7571  0.2903 
   00353    0.4189  -12308.7844  0.2909 
   00354    0.4078  -12314.2149  0.2894 
   00355    0.4156  -12301.9579  0.2907 
   00356    0.3956  -12321.5484  0.2915 
   00357    0.4011  -12317.4800  0.2901 
   00358    0.3889  -12326.2192  0.2875 
   00359    0.4044  -12343.8308  0.2857 
   00360    0.4167  -12335.8056  0.2858 
   00361    0.4056  -12348.5513  0.2852 
   00362    0.3867  -12368.0241  0.2866 
   00363    0.4100  -12390.9333  0.2887 
   00364    0.4178  -12378.7110  0.2889 
   00365    0.4211  -12376.1052  0.2896 
   00366    0.3911  -12360.9903  0.2897 
   00367    0.4078  -12358.5999  0.2906 
   00368    0.3900  -12346.0090  0.2905 
   00369    0.4089  -12346.1651  0.2916 
   00370    0.4144  -12352.0400  0.2929 
   00371    0.4000  -12321.9672  0.2934 
   00372    0.4144  -12323.2350  0.2922 
   00373    0.4189  -12338.3529  0.2923 
   00374    0.4067  -12350.4755  0.2917 
   00375    0.3878  -12367.6506  0.2925 
   00376    0.3911  -12367.2417  0.2939 
   00377    0.4144  -12390.3413  0.2934 
   00378    0.4244  -12402.1928  0.2943 
   00379    0.4067  -12401.5838  0.2946 
   00380    0.4011  -12379.8047  0.2965 
   00381    0.4156  -12368.0062  0.2931 
   00382    0.4244  -12382.0184  0.2944 
   00383    0.4233  -12368.8626  0.2952 
   00384    0.4167  -12375.5782  0.2934 
   00385    0.4278  -12335.3540  0.2915 
   00386    0.3922  -12342.9293  0.2914 
   00387    0.4022  -12351.8210  0.2925 
   00388    0.4133  -12379.4644  0.2928 
   00389    0.4067  -12387.2040  0.2936 
   00390    0.4211  -12400.9673  0.2937 
   00391    0.3878  -12385.5738  0.2931 
   00392    0.3756  -12359.3798  0.2939 
   00393    0.4233  -12362.0461  0.2906 
   00394    0.4333  -12359.0418  0.2935 
   00395    0.3944  -12380.1742  0.2932 
   00396    0.4056  -12395.1899  0.2939 
   00397    0.4222  -12396.8659  0.2959 
   00398    0.3767  -12405.1476  0.2967 
   00399    0.4044  -12399.2759  0.2947 
   00400    0.4167  -12414.6908  0.2955 
   00401    0.4211  -12390.3745  0.2961 
   00402    0.4033  -12391.0355  0.2961 
   00403    0.4267  -12365.6962  0.2963 
   00404    0.4000  -12367.3901  0.2945 
   00405    0.4267  -12366.3358  0.2942 
   00406    0.3900  -12335.6415  0.2939 
   00407    0.4133  -12338.6906  0.2940 
   00408    0.4200  -12350.6586  0.2952 
   00409    0.4122  -12346.7104  0.2966 
   00410    0.4189  -12338.7551  0.2973 
   00411    0.4244  -12345.9688  0.2965 
   00412    0.4244  -12340.0448  0.2963 
   00413    0.3956  -12345.7838  0.2979 
   00414    0.3756  -12334.4431  0.2974 
   00415    0.3933  -12348.6799  0.2951 
   00416    0.4333  -12354.9038  0.2975 
   00417    0.3756  -12340.6780  0.2965 
   00418    0.4144  -12376.5289  0.2933 
   00419    0.4300  -12384.8736  0.2919 
   00420    0.4067  -12381.2559  0.2904 
   00421    0.3867  -12382.5379  0.2905 
   00422    0.4189  -12399.4914  0.2917 
   00423    0.4133  -12422.7974  0.2929 
   00424    0.4056  -12412.4724  0.2907 
   00425    0.4122  -12448.2565  0.2905 
   00426    0.4111  -12460.9759  0.2916 
   00427    0.4078  -12446.3419  0.2905 
   00428    0.4000  -12423.1104  0.2908 
   00429    0.4167  -12407.3248  0.2904 
   00430    0.4189  -12410.1213  0.2916 
   00431    0.3867  -12420.0360  0.2927 
   00432    0.4100  -12419.4128  0.2928 
   00433    0.3967  -12415.8231  0.2924 
   00434    0.4111  -12418.5040  0.2958 
   00435    0.4267  -12432.8510  0.2941 
   00436    0.4078  -12427.8365  0.2950 
   00437    0.3922  -12428.9187  0.2953 
   00438    0.4089  -12403.9065  0.2951 
   00439    0.4189  -12420.5758  0.2937 
   00440    0.4211  -12414.8313  0.2922 
   00441    0.4167  -12410.0886  0.2955 
   00442    0.4133  -12433.9805  0.2937 
   00443    0.3944  -12435.4399  0.2928 
   00444    0.4256  -12438.8579  0.2941 
   00445    0.4133  -12444.8517  0.2939 
   00446    0.3822  -12453.4899  0.2939 
   00447    0.4000  -12455.9896  0.2942 
   00448    0.4011  -12455.9077  0.2941 
   00449    0.3844  -12467.7360  0.2950 
   00450    0.4189  -12458.7974  0.2949 
   00451    0.4100  -12455.4954  0.2949 
   00452    0.3833  -12452.0538  0.2947 
   00453    0.3900  -12449.9889  0.2967 
   00454    0.3900  -12459.2552  0.2982 
   00455    0.3933  -12462.2537  0.2973 
   00456    0.4056  -12479.0615  0.2979 
   00457    0.3922  -12467.5865  0.2982 
   00458    0.3778  -12455.8160  0.2973 
   00459    0.3967  -12488.2415  0.2973 
   00460    0.4133  -12485.7232  0.2949 
   00461    0.4022  -12480.8039  0.2958 
   00462    0.3878  -12480.8672  0.2975 
   00463    0.4256  -12498.5911  0.2967 
   00464    0.4133  -12493.3257  0.2966 
   00465    0.4122  -12501.2822  0.2966 
   00466    0.4078  -12524.5713  0.2981 
   00467    0.3967  -12526.6091  0.2994 
   00468    0.3911  -12528.9754  0.3009 
   00469    0.4322  -12530.0193  0.3012 
   00470    0.3967  -12536.3938  0.3014 
   00471    0.3956  -12510.3126  0.3002 
   00472    0.4211  -12520.4696  0.3006 
   00473    0.4367  -12492.1901  0.3019 
   00474    0.3956  -12498.0314  0.3023 
   00475    0.4178  -12502.3562  0.3022 
   00476    0.4100  -12505.8742  0.3015 
   00477    0.4211  -12485.6384  0.3007 
   00478    0.3967  -12462.3364  0.3007 
   00479    0.4067  -12444.1837  0.3006 
   00480    0.4156  -12445.2307  0.3020 
   00481    0.4000  -12438.5322  0.3022 
   00482    0.4311  -12454.8012  0.3050 
   00483    0.4033  -12443.1633  0.3058 
   00484    0.3789  -12435.8677  0.3050 
   00485    0.3989  -12408.8682  0.3051 
   00486    0.4067  -12424.0480  0.3053 
   00487    0.4078  -12442.9308  0.3071 
   00488    0.4022  -12461.2299  0.3084 
   00489    0.3967  -12469.2049  0.3115 
   00490    0.4233  -12476.3633  0.3089 
   00491    0.4144  -12458.1635  0.3084 
   00492    0.3833  -12469.1964  0.3092 
   00493    0.4000  -12457.2918  0.3110 
   00494    0.4044  -12443.7983  0.3108 
   00495    0.3911  -12459.1447  0.3102 
   00496    0.4133  -12423.9479  0.3090 
   00497    0.4011  -12426.0487  0.3095 
   00498    0.4122  -12423.2044  0.3111 
   00499    0.4033  -12441.5581  0.3103 
   00500    0.4133  -12439.4127  0.3104 
   00501    0.3867  -12444.7980  0.3099 
   00502    0.4056  -12446.8529  0.3114 
   00503    0.4133  -12430.6536  0.3121 
   00504    0.4033  -12437.8410  0.3118 
   00505    0.4111  -12407.5021  0.3133 
   00506    0.4011  -12415.1544  0.3143 
   00507    0.4178  -12454.0988  0.3156 
   00508    0.3933  -12476.5679  0.3158 
   00509    0.4178  -12474.6638  0.3148 
   00510    0.4189  -12450.0683  0.3140 
   00511    0.4111  -12426.1733  0.3162 
   00512    0.4133  -12427.0234  0.3158 
   00513    0.4056  -12472.2126  0.3156 
   00514    0.4089  -12474.6064  0.3151 
   00515    0.3833  -12476.6419  0.3153 
   00516    0.3889  -12496.0716  0.3133 
   00517    0.4000  -12505.4813  0.3133 
   00518    0.4222  -12487.7061  0.3138 
   00519    0.4211  -12485.7122  0.3122 
   00520    0.3722  -12483.3136  0.3122 
   00521    0.4156  -12487.3054  0.3118 
   00522    0.4067  -12504.2941  0.3109 
   00523    0.4122  -12486.5320  0.3110 
   00524    0.4044  -12497.9296  0.3110 
   00525    0.3878  -12513.5840  0.3091 
   00526    0.3711  -12505.3304  0.3080 
   00527    0.4011  -12520.6065  0.3079 
   00528    0.3711  -12506.0181  0.3053 
   00529    0.4011  -12481.6739  0.3072 
   00530    0.3967  -12452.2054  0.3058 
   00531    0.4256  -12455.9982  0.3087 
   00532    0.3967  -12474.5565  0.3087 
   00533    0.4078  -12472.1219  0.3074 
   00534    0.4078  -12481.7551  0.3064 
   00535    0.4156  -12468.5678  0.3085 
   00536    0.4011  -12484.0342  0.3078 
   00537    0.4022  -12460.9388  0.3070 
   00538    0.3967  -12472.0605  0.3090 
   00539    0.3822  -12471.8840  0.3066 
   00540    0.4100  -12469.3082  0.3053 
   00541    0.3744  -12455.7879  0.3062 
   00542    0.3933  -12453.7062  0.3075 
   00543    0.4356  -12441.9261  0.3074 
   00544    0.4000  -12462.2626  0.3054 
   00545    0.4156  -12481.4289  0.3051 
   00546    0.4200  -12475.3999  0.3072 
   00547    0.3989  -12466.0603  0.3087 
   00548    0.3900  -12479.7236  0.3099 
   00549    0.4178  -12506.5758  0.3082 
   00550    0.4133  -12515.4131  0.3089 
   00551    0.3789  -12516.6239  0.3101 
   00552    0.4067  -12512.5379  0.3098 
   00553    0.4256  -12518.9292  0.3088 
   00554    0.4200  -12508.9639  0.3072 
   00555    0.4178  -12506.7701  0.3083 
   00556    0.3822  -12476.3441  0.3089 
   00557    0.4044  -12483.8392  0.3074 
   00558    0.3722  -12492.7636  0.3090 
   00559    0.4144  -12502.5039  0.3060 
   00560    0.4133  -12531.8045  0.3072 
   00561    0.4111  -12511.4554  0.3071 
   00562    0.4278  -12525.9721  0.3066 
   00563    0.3867  -12538.1738  0.3059 
   00564    0.3578  -12542.1192  0.3070 
   00565    0.4222  -12544.5495  0.3083 
   00566    0.4189  -12547.2785  0.3074 
   00567    0.4022  -12549.3764  0.3073 
   00568    0.4111  -12531.5227  0.3073 
   00569    0.4167  -12533.4531  0.3086 
   00570    0.3833  -12545.4199  0.3093 
   00571    0.3911  -12527.9590  0.3102 
   00572    0.4256  -12523.4996  0.3093 
   00573    0.4022  -12535.9260  0.3093 
   00574    0.4056  -12570.1968  0.3080 
   00575    0.3578  -12561.6110  0.3086 
   00576    0.3944  -12550.7026  0.3111 
   00577    0.3911  -12535.1785  0.3104 
   00578    0.3956  -12559.9854  0.3118 
   00579    0.3967  -12542.4661  0.3134 
   00580    0.3922  -12554.1269  0.3121 
   00581    0.3722  -12576.3453  0.3113 
   00582    0.4100  -12565.5275  0.3120 
   00583    0.3800  -12540.4314  0.3108 
   00584    0.4078  -12537.5129  0.3124 
   00585    0.4022  -12529.1780  0.3130 
   00586    0.4056  -12517.5171  0.3132 
   00587    0.3856  -12523.3976  0.3159 
   00588    0.4289  -12533.5468  0.3164 
   00589    0.3978  -12532.7706  0.3174 
   00590    0.3989  -12516.6802  0.3176 
   00591    0.3667  -12536.0371  0.3148 
   00592    0.4033  -12576.8016  0.3136 
   00593    0.3978  -12591.0732  0.3139 
   00594    0.4067  -12576.9552  0.3128 
   00595    0.4044  -12604.5967  0.3139 
   00596    0.3989  -12596.2080  0.3168 
   00597    0.3944  -12606.8563  0.3169 
   00598    0.3922  -12596.2653  0.3176 
   00599    0.4156  -12567.7615  0.3176 
   00600    0.4222  -12561.4005  0.3183 
   00601    0.4178  -12553.8992  0.3171 
   00602    0.3767  -12559.1817  0.3165 
   00603    0.4733  -12562.3812  0.3153 
   00604    0.4211  -12560.5318  0.3158 
   00605    0.3933  -12569.9473  0.3187 
   00606    0.4022  -12577.8918  0.3198 
   00607    0.3967  -12582.8524  0.3222 
   00608    0.4144  -12580.2800  0.3219 
   00609    0.3956  -12587.3254  0.3221 
   00610    0.4422  -12574.1574  0.3238 
   00611    0.3933  -12561.2121  0.3201 
   00612    0.3922  -12561.0731  0.3190 
   00613    0.4089  -12572.2110  0.3203 
   00614    0.4044  -12564.4453  0.3178 
   00615    0.4089  -12556.0866  0.3168 
   00616    0.4133  -12552.4341  0.3186 
   00617    0.4044  -12555.4303  0.3211 
   00618    0.4089  -12555.6754  0.3212 
   00619    0.3922  -12559.1439  0.3218 
   00620    0.3822  -12543.2482  0.3208 
   00621    0.3967  -12552.2637  0.3208 
   00622    0.4000  -12552.3869  0.3202 
   00623    0.4100  -12571.9213  0.3225 
   00624    0.4089  -12572.7725  0.3206 
   00625    0.3778  -12566.0884  0.3219 
   00626    0.4133  -12585.1900  0.3221 
   00627    0.3867  -12556.1129  0.3236 
   00628    0.4211  -12540.6314  0.3245 
   00629    0.3900  -12557.8732  0.3243 
   00630    0.3867  -12575.3235  0.3264 
   00631    0.4056  -12575.3417  0.3264 
   00632    0.3967  -12570.6141  0.3268 
   00633    0.3822  -12589.0190  0.3287 
   00634    0.4122  -12589.0040  0.3246 
   00635    0.4056  -12578.1022  0.3248 
   00636    0.3911  -12575.0731  0.3259 
   00637    0.3900  -12576.3733  0.3246 
   00638    0.4122  -12598.2701  0.3245 
   00639    0.3611  -12614.2496  0.3247 
   00640    0.4089  -12608.3545  0.3264 
   00641    0.4222  -12609.1374  0.3271 
   00642    0.3656  -12620.8748  0.3292 
   00643    0.3944  -12630.7412  0.3285 
   00644    0.3833  -12614.2215  0.3280 
   00645    0.3933  -12618.8071  0.3286 
   00646    0.3967  -12604.1805  0.3301 
   00647    0.3778  -12615.9717  0.3318 
   00648    0.3833  -12616.5308  0.3330 
   00649    0.4200  -12598.6473  0.3349 
   00650    0.3967  -12593.7826  0.3374 
   00651    0.4256  -12583.4775  0.3369 
   00652    0.4089  -12579.6580  0.3383 
   00653    0.4233  -12587.2509  0.3353 
   00654    0.3811  -12591.3568  0.3359 
   00655    0.4000  -12588.5265  0.3366 
   00656    0.4267  -12578.2571  0.3367 
   00657    0.4167  -12577.6857  0.3374 
   00658    0.4033  -12583.2417  0.3356 
   00659    0.4033  -12581.5496  0.3374 
   00660    0.4100  -12567.7125  0.3372 
   00661    0.4122  -12566.6893  0.3376 
   00662    0.4044  -12552.6379  0.3372 
   00663    0.4200  -12529.5196  0.3359 
   00664    0.4144  -12540.4844  0.3382 
   00665    0.4244  -12545.4406  0.3359 
   00666    0.3900  -12532.3635  0.3356 
   00667    0.4189  -12552.4006  0.3360 
   00668    0.3867  -12550.3566  0.3353 
   00669    0.3656  -12560.8287  0.3359 
   00670    0.4244  -12571.0925  0.3358 
   00671    0.3922  -12549.7364  0.3368 
   00672    0.4167  -12575.2399  0.3385 
   00673    0.4022  -12580.2922  0.3367 
   00674    0.3889  -12580.0839  0.3359 
   00675    0.3911  -12582.5733  0.3385 
   00676    0.4033  -12590.9189  0.3373 
   00677    0.3678  -12574.7193  0.3380 
   00678    0.3856  -12562.9283  0.3387 
   00679    0.4089  -12554.5218  0.3390 
   00680    0.4156  -12563.3497  0.3381 
   00681    0.3978  -12562.3771  0.3386 
   00682    0.3889  -12574.0173  0.3384 
   00683    0.3722  -12550.4719  0.3390 
   00684    0.4078  -12559.6730  0.3383 
   00685    0.4044  -12546.0963  0.3393 
   00686    0.4056  -12549.2618  0.3393 
   00687    0.4011  -12567.4480  0.3395 
   00688    0.4011  -12568.5340  0.3383 
   00689    0.4033  -12548.2255  0.3375 
   00690    0.4100  -12529.2187  0.3373 
   00691    0.4067  -12541.6093  0.3363 
   00692    0.4244  -12535.3298  0.3352 
   00693    0.3956  -12541.7608  0.3368 
   00694    0.4022  -12519.1804  0.3348 
   00695    0.4056  -12524.9880  0.3355 
   00696    0.3967  -12496.1027  0.3343 
   00697    0.3878  -12528.3387  0.3366 
   00698    0.3878  -12538.7794  0.3376 
   00699    0.4167  -12538.9285  0.3381 
   00700    0.4244  -12547.4468  0.3389 
   00701    0.4111  -12549.8962  0.3391 
   00702    0.4156  -12561.9300  0.3412 
   00703    0.4233  -12562.4345  0.3418 
   00704    0.3867  -12570.1220  0.3419 
   00705    0.4211  -12571.8913  0.3432 
   00706    0.4367  -12548.4078  0.3464 
   00707    0.4222  -12534.5420  0.3429 
   00708    0.3756  -12548.0779  0.3431 
   00709    0.4089  -12514.3470  0.3408 
   00710    0.3844  -12529.6090  0.3395 
   00711    0.3922  -12540.0843  0.3381 
   00712    0.4211  -12559.5036  0.3394 
   00713    0.3944  -12552.4090  0.3411 
   00714    0.3978  -12558.6391  0.3412 
   00715    0.3556  -12559.2103  0.3412 
   00716    0.3978  -12564.7500  0.3424 
   00717    0.3756  -12558.4573  0.3429 
   00718    0.4078  -12561.8597  0.3414 
   00719    0.4189  -12561.1792  0.3412 
   00720    0.4033  -12545.8298  0.3393 
   00721    0.3967  -12569.9045  0.3371 
   00722    0.3889  -12573.0606  0.3369 
   00723    0.4022  -12574.4318  0.3378 
   00724    0.3933  -12575.5196  0.3355 
   00725    0.4067  -12559.4374  0.3356 
   00726    0.3944  -12569.0720  0.3383 
   00727    0.4078  -12586.5291  0.3393 
   00728    0.3900  -12584.5252  0.3404 
   00729    0.4211  -12585.2725  0.3407 
   00730    0.3911  -12581.2335  0.3419 
   00731    0.4100  -12569.7807  0.3399 
   00732    0.3933  -12575.6619  0.3380 
   00733    0.4033  -12576.0837  0.3387 
   00734    0.4200  -12579.0452  0.3358 
   00735    0.3989  -12589.3343  0.3358 
   00736    0.3889  -12579.4063  0.3358 
   00737    0.3833  -12580.2201  0.3352 
   00738    0.4033  -12554.1538  0.3345 
   00739    0.3689  -12575.3487  0.3347 
   00740    0.3911  -12598.9278  0.3326 
   00741    0.4011  -12599.6408  0.3333 
   00742    0.3889  -12596.3987  0.3329 
   00743    0.4078  -12590.5654  0.3352 
   00744    0.4222  -12588.2797  0.3354 
   00745    0.4222  -12594.9307  0.3361 
   00746    0.4278  -12617.8225  0.3381 
   00747    0.3911  -12615.7678  0.3376 
   00748    0.3978  -12627.8697  0.3407 
   00749    0.3867  -12642.0964  0.3407 
   00750    0.4022  -12637.6329  0.3396 
   00751    0.4344  -12658.6662  0.3389 
   00752    0.3989  -12634.5305  0.3386 
   00753    0.4100  -12643.0551  0.3403 
   00754    0.4000  -12632.5897  0.3390 
   00755    0.3756  -12632.0575  0.3400 
   00756    0.4089  -12629.3136  0.3371 
   00757    0.4089  -12652.0366  0.3399 
   00758    0.4100  -12625.1574  0.3378 
   00759    0.4033  -12625.7916  0.3376 
   00760    0.4256  -12611.5801  0.3379 
   00761    0.3978  -12616.2088  0.3403 
   00762    0.4111  -12619.3753  0.3424 
   00763    0.3933  -12619.3840  0.3419 
   00764    0.4000  -12600.6100  0.3414 
   00765    0.4067  -12598.3903  0.3430 
   00766    0.3956  -12585.9590  0.3438 
   00767    0.3933  -12603.0978  0.3446 
   00768    0.3756  -12623.5899  0.3454 
   00769    0.3700  -12637.7106  0.3438 
   00770    0.3867  -12635.0485  0.3416 
   00771    0.3889  -12603.5522  0.3430 
   00772    0.4067  -12617.7803  0.3386 
   00773    0.3956  -12624.2125  0.3394 
   00774    0.3989  -12607.4740  0.3388 
   00775    0.4167  -12599.3743  0.3396 
   00776    0.4011  -12609.3294  0.3389 
   00777    0.3656  -12605.0588  0.3386 
   00778    0.4089  -12612.8637  0.3372 
   00779    0.3911  -12629.3686  0.3382 
   00780    0.3989  -12615.3566  0.3405 
   00781    0.3933  -12598.1081  0.3409 
   00782    0.3989  -12604.7598  0.3411 
   00783    0.4022  -12613.1737  0.3414 
   00784    0.3944  -12627.1760  0.3414 
   00785    0.3922  -12626.2656  0.3421 
   00786    0.3789  -12639.3301  0.3431 
   00787    0.3922  -12609.2486  0.3453 
   00788    0.4111  -12593.5747  0.3435 
   00789    0.4089  -12588.2441  0.3439 
   00790    0.3811  -12569.7562  0.3437 
   00791    0.3933  -12588.4821  0.3428 
   00792    0.3844  -12593.1677  0.3431 
   00793    0.4000  -12584.9708  0.3448 
   00794    0.4056  -12580.2965  0.3451 
   00795    0.4267  -12588.6056  0.3436 
   00796    0.3878  -12592.6049  0.3414 
   00797    0.3900  -12570.7421  0.3397 
   00798    0.3967  -12583.8886  0.3375 
   00799    0.3811  -12581.3924  0.3365 
   00800    0.3967  -12578.8552  0.3351 
   00801    0.4089  -12588.1273  0.3337 
   00802    0.4100  -12586.6877  0.3355 
   00803    0.4156  -12592.7239  0.3352 
   00804    0.4267  -12579.8041  0.3347 
   00805    0.4122  -12581.5259  0.3372 
   00806    0.4044  -12572.2476  0.3379 
   00807    0.3833  -12582.0199  0.3356 
   00808    0.4111  -12545.3034  0.3362 
   00809    0.3933  -12535.7556  0.3359 
   00810    0.3922  -12528.0759  0.3354 
   00811    0.4189  -12535.4878  0.3334 
   00812    0.3933  -12563.3822  0.3307 
   00813    0.3978  -12563.7535  0.3329 
   00814    0.4067  -12574.0232  0.3347 
   00815    0.4189  -12571.6163  0.3346 
   00816    0.4111  -12570.9975  0.3363 
   00817    0.4100  -12576.7775  0.3388 
   00818    0.4322  -12563.6420  0.3379 
   00819    0.4000  -12586.1253  0.3374 
   00820    0.4156  -12600.9648  0.3374 
   00821    0.3711  -12595.3108  0.3347 
   00822    0.3956  -12597.3262  0.3355 
   00823    0.4122  -12617.5446  0.3348 
   00824    0.4000  -12642.2111  0.3341 
   00825    0.4000  -12647.6549  0.3349 
   00826    0.4122  -12653.0996  0.3339 
   00827    0.3844  -12642.9566  0.3335 
   00828    0.3733  -12649.6579  0.3316 
   00829    0.4089  -12669.0415  0.3292 
   00830    0.4056  -12671.8567  0.3276 
   00831    0.3933  -12669.1012  0.3266 
   00832    0.3944  -12655.0121  0.3281 
   00833    0.4144  -12626.8546  0.3294 
   00834    0.4244  -12621.0893  0.3262 
   00835    0.4044  -12658.3304  0.3254 
   00836    0.4078  -12645.6935  0.3257 
   00837    0.3800  -12631.1342  0.3271 
   00838    0.3822  -12625.4501  0.3280 
   00839    0.4033  -12624.5029  0.3289 
   00840    0.3933  -12631.9776  0.3282 
   00841    0.4056  -12633.5915  0.3264 
   00842    0.3989  -12621.9534  0.3270 
   00843    0.3789  -12600.3550  0.3291 
   00844    0.4211  -12582.7034  0.3277 
   00845    0.3844  -12585.4880  0.3277 
   00846    0.4078  -12597.8699  0.3273 
   00847    0.4267  -12609.5068  0.3258 
   00848    0.4000  -12623.5730  0.3264 
   00849    0.4089  -12623.8802  0.3265 
   00850    0.3944  -12622.4425  0.3267 
   00851    0.4122  -12620.5076  0.3272 
   00852    0.3944  -12610.6046  0.3272 
   00853    0.4056  -12611.5205  0.3253 
   00854    0.3911  -12614.4276  0.3243 
   00855    0.3911  -12597.6554  0.3246 
   00856    0.4122  -12607.7329  0.3253 
   00857    0.3911  -12612.7938  0.3249 
   00858    0.3933  -12596.8539  0.3264 
   00859    0.4056  -12584.7184  0.3268 
   00860    0.3967  -12573.6564  0.3274 
   00861    0.4056  -12581.6513  0.3277 
   00862    0.4000  -12567.3563  0.3273 
   00863    0.3967  -12532.7335  0.3285 
   00864    0.3856  -12545.6911  0.3291 
   00865    0.3867  -12543.0957  0.3285 
   00866    0.4167  -12538.3603  0.3276 
   00867    0.3844  -12541.2596  0.3276 
   00868    0.4111  -12559.3303  0.3297 
   00869    0.4300  -12559.0234  0.3273 
   00870    0.3889  -12574.2387  0.3278 
   00871    0.4167  -12578.6661  0.3279 
   00872    0.4044  -12588.6172  0.3280 
   00873    0.4111  -12595.8731  0.3262 
   00874    0.3889  -12582.6185  0.3270 
   00875    0.4056  -12594.2993  0.3283 
   00876    0.3567  -12588.3272  0.3283 
   00877    0.3878  -12574.6163  0.3272 
   00878    0.3722  -12607.4695  0.3263 
   00879    0.3867  -12598.2404  0.3265 
   00880    0.4078  -12590.8228  0.3241 
   00881    0.3844  -12589.1706  0.3240 
   00882    0.3967  -12595.0418  0.3247 
   00883    0.3889  -12594.0348  0.3236 
   00884    0.3900  -12570.1779  0.3265 
   00885    0.3900  -12552.4415  0.3270 
   00886    0.4022  -12560.8408  0.3283 
   00887    0.4467  -12557.7107  0.3256 
   00888    0.4089  -12563.1031  0.3247 
   00889    0.3811  -12555.9176  0.3267 
   00890    0.4089  -12544.2925  0.3260 
   00891    0.4000  -12531.2511  0.3274 
   00892    0.3944  -12545.5186  0.3287 
   00893    0.4178  -12536.9349  0.3257 
   00894    0.3911  -12558.2236  0.3259 
   00895    0.4144  -12577.3717  0.3281 
   00896    0.3767  -12560.8526  0.3302 
   00897    0.4000  -12567.4961  0.3306 
   00898    0.3933  -12564.1976  0.3301 
   00899    0.3744  -12580.5446  0.3294 
   00900    0.4211  -12594.8946  0.3286 
   00901    0.3811  -12580.5021  0.3286 
   00902    0.3989  -12599.0324  0.3307 
   00903    0.4278  -12611.9210  0.3309 
   00904    0.3978  -12599.6894  0.3329 
   00905    0.3756  -12591.1419  0.3321 
   00906    0.4167  -12568.4767  0.3321 
   00907    0.3756  -12568.8806  0.3343 
   00908    0.3922  -12557.4502  0.3371 
   00909    0.4022  -12558.7887  0.3375 
   00910    0.4244  -12555.3596  0.3388 
   00911    0.4111  -12567.5960  0.3383 
   00912    0.3544  -12564.6542  0.3404 
   00913    0.3967  -12586.7884  0.3414 
   00914    0.4000  -12595.4345  0.3442 
   00915    0.3989  -12618.4555  0.3447 
   00916    0.4067  -12623.5352  0.3441 
   00917    0.4122  -12617.8212  0.3468 
   00918    0.3989  -12626.5253  0.3447 
   00919    0.3811  -12613.9268  0.3448 
   00920    0.3911  -12612.6851  0.3447 
   00921    0.3911  -12628.2470  0.3442 
   00922    0.4189  -12631.1542  0.3431 
   00923    0.3978  -12641.3076  0.3437 
   00924    0.3744  -12637.0505  0.3455 
   00925    0.4100  -12639.1881  0.3455 
   00926    0.4100  -12623.5876  0.3475 
   00927    0.4100  -12598.4461  0.3479 
   00928    0.4033  -12608.8924  0.3475 
   00929    0.4089  -12628.9174  0.3464 
   00930    0.4100  -12602.4302  0.3447 
   00931    0.4111  -12594.5798  0.3451 
   00932    0.4122  -12573.3613  0.3466 
   00933    0.3778  -12567.6263  0.3492 
   00934    0.4100  -12538.6360  0.3473 
   00935    0.4189  -12537.3361  0.3472 
   00936    0.4011  -12533.3987  0.3479 
   00937    0.3900  -12555.3702  0.3474 
   00938    0.3944  -12564.8506  0.3475 
   00939    0.4022  -12567.7500  0.3459 
   00940    0.3811  -12585.9090  0.3472 
   00941    0.4067  -12571.1211  0.3438 
   00942    0.4078  -12592.1294  0.3441 
   00943    0.3989  -12599.3464  0.3444 
   00944    0.3900  -12592.8086  0.3444 
   00945    0.3967  -12578.3191  0.3445 
   00946    0.4033  -12590.4641  0.3424 
   00947    0.3833  -12612.5400  0.3444 
   00948    0.4067  -12620.3710  0.3436 
   00949    0.4122  -12605.7469  0.3403 
   00950    0.3889  -12603.5083  0.3407 
   00951    0.3922  -12586.4437  0.3420 
   00952    0.4211  -12570.1776  0.3422 
   00953    0.3856  -12574.8577  0.3416 
   00954    0.3711  -12572.1729  0.3430 
   00955    0.4067  -12576.3412  0.3453 
   00956    0.3944  -12578.0621  0.3468 
   00957    0.4056  -12582.6822  0.3468 
   00958    0.4000  -12574.9343  0.3493 
   00959    0.3856  -12578.7073  0.3517 
   00960    0.3800  -12578.2135  0.3510 
   00961    0.4044  -12592.1987  0.3494 
   00962    0.3922  -12546.1256  0.3489 
   00963    0.4133  -12542.7302  0.3475 
   00964    0.3911  -12555.1997  0.3462 
   00965    0.4100  -12562.7920  0.3461 
   00966    0.3811  -12578.6376  0.3487 
   00967    0.3967  -12589.9527  0.3484 
   00968    0.3900  -12581.4735  0.3500 
   00969    0.3689  -12580.9814  0.3486 
   00970    0.4122  -12579.8668  0.3496 
   00971    0.4267  -12595.9247  0.3502 
   00972    0.4033  -12598.3088  0.3519 
   00973    0.4167  -12601.7714  0.3520 
   00974    0.3867  -12588.3685  0.3533 
   00975    0.3800  -12598.6363  0.3532 
   00976    0.4178  -12606.7732  0.3531 
   00977    0.3911  -12606.4145  0.3549 
   00978    0.3967  -12609.4650  0.3567 
   00979    0.4222  -12614.4179  0.3573 
   00980    0.4067  -12616.3674  0.3577 
   00981    0.3956  -12600.6581  0.3535 
   00982    0.4178  -12605.1693  0.3534 
   00983    0.3989  -12613.9341  0.3553 
   00984    0.3867  -12640.9201  0.3571 
   00985    0.3867  -12669.3195  0.3574 
   00986    0.3900  -12654.8946  0.3563 
   00987    0.4322  -12659.4099  0.3544 
   00988    0.3667  -12664.6924  0.3559 
   00989    0.4078  -12650.8634  0.3542 
   00990    0.4033  -12633.7401  0.3524 
   00991    0.4189  -12648.1526  0.3524 
   00992    0.3878  -12657.8843  0.3517 
   00993    0.3900  -12649.0685  0.3496 
   00994    0.3944  -12667.4795  0.3502 
   00995    0.4067  -12682.1085  0.3502 
   00996    0.3844  -12698.5628  0.3518 
   00997    0.3911  -12684.8349  0.3511 
   00998    0.3989  -12679.3864  0.3505 
   00999    0.4011  -12677.1094  0.3528 
   01000    0.3967  -12669.1699  0.3533 
