#=====================================================
# File created:        Mon-06-Nov-2023-at-02-07-16PM
# Size of lattice:     80x80
# Number of MC steps:  1000
# Reduced temperature: 1.600
# Run time (s):        19.358788
#=====================================================
# MC step:  Ratio:     Energy:   Order:
#=====================================================
   00000    0.5000   -6307.5208  0.2591 
   00001    0.7527   -9060.2550  0.2583 
   00002    0.7036  -10163.9442  0.2551 
   00003    0.6811  -10710.3285  0.2550 
   00004    0.6697  -10896.4005  0.2635 
   00005    0.6550  -11116.5586  0.2659 
   00006    0.6636  -11163.1252  0.2595 
   00007    0.6567  -11197.7736  0.2585 
   00008    0.6716  -11080.9672  0.2564 
   00009    0.6512  -11243.7979  0.2603 
   00010    0.6642  -11167.7048  0.2554 
   00011    0.6639  -11241.4828  0.2583 
   00012    0.6653  -11208.0065  0.2637 
   00013    0.6611  -11349.7291  0.2627 
   00014    0.6541  -11458.8992  0.2712 
   00015    0.6673  -11180.0681  0.2783 
   00016    0.6630  -11147.8816  0.2758 
   00017    0.6598  -11119.8167  0.2692 
   00018    0.6752  -11318.2022  0.2754 
   00019    0.6611  -11421.9743  0.2805 
   00020    0.6538  -11447.6728  0.2799 
   00021    0.6602  -11318.9035  0.2801 
   00022    0.6655  -11213.0393  0.2745 
   00023    0.6663  -11182.2062  0.2634 
   00024    0.6650  -11129.3167  0.2674 
   00025    0.6613  -11361.1835  0.2712 
   00026    0.6625  -11138.5913  0.2752 
   00027    0.6742  -11231.0746  0.2625 
   00028    0.6620  -11400.4467  0.2646 
   00029    0.6623  -11326.0233  0.2667 
   00030    0.6592  -11240.7639  0.2596 
   00031    0.6580  -11168.3781  0.2654 
   00032    0.6677  -11209.7300  0.2719 
   00033    0.6517  -11329.9337  0.2673 
   00034    0.6455  -11376.6312  0.2682 
   00035    0.6616  -11480.1841  0.2723 
   00036    0.6636  -11414.0573  0.2612 
   00037    0.6602  -11255.9895  0.2589 
   00038    0.6695  -11316.9714  0.2604 
   00039    0.6447  -11450.5509  0.2591 
   00040    0.6642  -11289.0844  0.2739 
   00041    0.6550  -11153.9190  0.2805 
   00042    0.6547  -11257.8496  0.2691 
   00043    0.6587  -11276.5718  0.2609 
   00044    0.6455  -11299.5474  0.2575 
   00045    0.6606  -11137.3993  0.2505 
   00046    0.6642  -11118.9220  0.2566 
   00047    0.6584  -11087.5160  0.2554 
   00048    0.6525  -11064.8305  0.2621 
   00049    0.6630  -11213.2314  0.2701 
   00050    0.6597  -11002.5001  0.2711 
   00051    0.6752  -11170.2185  0.2600 
   00052    0.6669  -11204.9648  0.2568 
   00053    0.6681  -11062.7929  0.2611 
   00054    0.6681  -11202.0437  0.2710 
   00055    0.6716  -11232.0939  0.2660 
   00056    0.6613  -11168.7242  0.2747 
   00057    0.6672  -11057.3858  0.2645 
   00058    0.6589  -11168.5462  0.2661 
   00059    0.6627  -11191.8864  0.2717 
   00060    0.6675  -11085.7769  0.2587 
   00061    0.6680  -11181.2864  0.2622 
   00062    0.6614  -11546.6284  0.2551 
   00063    0.6578  -11240.5683  0.2622 
   00064    0.6716  -11256.9441  0.2661 
   00065    0.6592  -11171.3854  0.2588 
   00066    0.6608  -11333.2320  0.2566 
   00067    0.6548  -11285.5345  0.2614 
   00068    0.6512  -11312.3483  0.2572 
   00069    0.6566  -11353.6802  0.2590 
   00070    0.6525  -11305.2344  0.2652 
   00071    0.6713  -11236.6956  0.2626 
   00072    0.6625  -11457.6291  0.2675 
   00073    0.6650  -11308.9635  0.2713 
   00074    0.6523  -11242.0687  0.2748 
   00075    0.6672  -11294.7252  0.2722 
   00076    0.6530  -11163.4537  0.2730 
   00077    0.6709  -11150.2151  0.2781 
   00078    0.6822  -11092.6187  0.2795 
   00079    0.6661  -11055.2392  0.2753 
   00080    0.6666  -11469.8429  0.2679 
   00081    0.6552  -11305.9758  0.2642 
   00082    0.6567  -11319.1315  0.2638 
   00083    0.6627  -11309.4633  0.2572 
   00084    0.6492  -11426.4170  0.2523 
   00085    0.6595  -11330.2780  0.2582 
   00086    0.6581  -11356.1350  0.2601 
   00087    0.6708  -11163.0452  0.2532 
   00088    0.6609  -11170.2423  0.2534 
   00089    0.6553  -11296.3647  0.2572 
   00090    0.6647  -11129.3044  0.2613 
   00091    0.6600  -11301.0685  0.2576 
   00092    0.6613  -11452.9282  0.2535 
   00093    0.6505  -11315.0853  0.2580 
   00094    0.6564  -11314.4840  0.2603 
   00095    0.6572  -11321.3229  0.2525 
   00096    0.6619  -11415.1663  0.2602 
   00097    0.6616  -11302.7861  0.2552 
   00098    0.6572  -11171.3794  0.2621 
   00099    0.6614  -11316.7307  0.2686 
   00100    0.6628  -11301.7865  0.2639 
   00101    0.6577  -11296.1091  0.2632 
   00102    0.6559  -11278.3047  0.2639 
   00103    0.6620  -11285.2982  0.2597 
   00104    0.6566  -11150.8569  0.2625 
   00105    0.6555  -11346.4026  0.2658 
   00106    0.6633  -11290.0808  0.2704 
   00107    0.6659  -11107.8105  0.2681 
   00108    0.6602  -11137.0373  0.2618 
   00109    0.6730  -11186.0817  0.2683 
   00110    0.6639  -11307.0203  0.2626 
   00111    0.6691  -11364.4465  0.2599 
   00112    0.6687  -11404.5896  0.2645 
   00113    0.6613  -11304.2700  0.2680 
   00114    0.6648  -11375.7987  0.2563 
   00115    0.6605  -11434.8861  0.2552 
   00116    0.6583  -11257.5244  0.2561 
   00117    0.6650  -11004.2901  0.2666 
   00118    0.6678  -11090.3442  0.2720 
   00119    0.6656  -11231.5165  0.2772 
   00120    0.6647  -11225.4675  0.2779 
   00121    0.6578  -11392.2691  0.2755 
   00122    0.6586  -11230.9068  0.2706 
   00123    0.6656  -11069.7725  0.2564 
   00124    0.6567  -11314.3130  0.2556 
   00125    0.6684  -11343.4989  0.2541 
   00126    0.6633  -11184.6252  0.2636 
   00127    0.6750  -11086.5919  0.2573 
   00128    0.6548  -11379.6749  0.2673 
   00129    0.6616  -11231.6442  0.2603 
   00130    0.6678  -11245.1470  0.2581 
   00131    0.6603  -11084.5029  0.2636 
   00132    0.6686  -11131.0567  0.2677 
   00133    0.6559  -11148.4548  0.2674 
   00134    0.6652  -11092.4674  0.2529 
   00135    0.6692  -10956.2345  0.2664 
   00136    0.6759  -11037.6283  0.2712 
   00137    0.6545  -11242.0314  0.2737 
   00138    0.6552  -11173.4566  0.2718 
   00139    0.6650  -11219.5257  0.2724 
   00140    0.6609  -11191.3409  0.2875 
   00141    0.6669  -11131.2906  0.2925 
   00142    0.6675  -11194.2974  0.2896 
   00143    0.6639  -11136.4294  0.2870 
   00144    0.6600  -11389.4005  0.2821 
   00145    0.6455  -11356.4526  0.2771 
   00146    0.6673  -11167.4692  0.2631 
   00147    0.6659  -11181.7811  0.2634 
   00148    0.6650  -10911.2726  0.2611 
   00149    0.6708  -11140.6985  0.2528 
   00150    0.6600  -11253.3685  0.2558 
   00151    0.6631  -11393.0139  0.2569 
   00152    0.6433  -11256.9058  0.2589 
   00153    0.6733  -11324.0373  0.2672 
   00154    0.6628  -11224.6688  0.2668 
   00155    0.6550  -11300.4320  0.2611 
   00156    0.6709  -11108.9590  0.2681 
   00157    0.6606  -11263.0779  0.2735 
   00158    0.6717  -11275.7457  0.2779 
   00159    0.6658  -11332.7955  0.2873 
   00160    0.6572  -11358.4501  0.2802 
   00161    0.6600  -11205.8188  0.2805 
   00162    0.6556  -11305.9208  0.2713 
   00163    0.6520  -11222.0722  0.2791 
   00164    0.6700  -11317.1946  0.2789 
   00165    0.6680  -11061.5348  0.2669 
   00166    0.6609  -11197.2296  0.2717 
   00167    0.6609  -11303.9064  0.2654 
   00168    0.6616  -11202.7360  0.2660 
   00169    0.6625  -11326.4267  0.2645 
   00170    0.6608  -11128.5567  0.2584 
   00171    0.6480  -11365.9512  0.2600 
   00172    0.6544  -11119.2060  0.2602 
   00173    0.6686  -11150.7434  0.2600 
   00174    0.6730  -11271.1830  0.2675 
   00175    0.6602  -11214.3672  0.2587 
   00176    0.6656  -11281.1904  0.2659 
   00177    0.6678  -11219.3935  0.2688 
   00178    0.6666  -11168.3898  0.2815 
   00179    0.6602  -11215.4738  0.2893 
   00180    0.6623  -11320.1863  0.2773 
   00181    0.6623  -11174.9583  0.2740 
   00182    0.6639  -11168.5654  0.2759 
   00183    0.6589  -11390.5200  0.2751 
   00184    0.6600  -11397.5344  0.2660 
   00185    0.6661  -11468.9769  0.2666 
   00186    0.6498  -11462.5341  0.2772 
   00187    0.6477  -11331.8746  0.2770 
   00188    0.6647  -11391.5458  0.2747 
   00189    0.6602  -11419.3191  0.2698 
   00190    0.6559  -11303.9452  0.2726 
   00191    0.6586  -11207.8529  0.2659 
   00192    0.6678  -11260.7649  0.2722 
   00193    0.6584  -11254.7416  0.2726 
   00194    0.6613  -11234.0171  0.2666 
   00195    0.6636  -11149.2870  0.2605 
   00196    0.6534  -11215.6389  0.2703 
   00197    0.6542  -11339.9624  0.2598 
   00198    0.6634  -11429.4193  0.2728 
   00199    0.6708  -11308.2747  0.2744 
   00200    0.6564  -11291.5195  0.2737 
   00201    0.6492  -11209.7353  0.2725 
   00202    0.6505  -11140.1309  0.2615 
   00203    0.6659  -11225.3611  0.2650 
   00204    0.6548  -11071.3994  0.2568 
   00205    0.6633  -11242.1037  0.2589 
   00206    0.6569  -11066.6832  0.2624 
   00207    0.6678  -11211.6760  0.2559 
   00208    0.6578  -11296.9827  0.2574 
   00209    0.6705  -11406.0998  0.2666 
   00210    0.6592  -11249.3526  0.2581 
   00211    0.6608  -11315.5215  0.2626 
   00212    0.6631  -11380.1212  0.2599 
   00213    0.6630  -11242.5068  0.2574 
   00214    0.6648  -11177.9295  0.2626 
   00215    0.6655  -10969.6528  0.2584 
   00216    0.6573  -10951.4816  0.2557 
   00217    0.6597  -11091.4525  0.2563 
   00218    0.6605  -11208.2485  0.2559 
   00219    0.6559  -11317.8893  0.2543 
   00220    0.6622  -11304.5176  0.2590 
   00221    0.6567  -11439.0452  0.2620 
   00222    0.6534  -11391.5772  0.2617 
   00223    0.6525  -11463.2956  0.2656 
   00224    0.6609  -11273.8320  0.2595 
   00225    0.6613  -11241.5730  0.2582 
   00226    0.6628  -11471.9888  0.2564 
   00227    0.6594  -11621.6340  0.2620 
   00228    0.6380  -11485.1991  0.2702 
   00229    0.6558  -11369.7799  0.2725 
   00230    0.6634  -11167.2801  0.2787 
   00231    0.6637  -11198.0085  0.2807 
   00232    0.6602  -11175.3112  0.2722 
   00233    0.6619  -11158.5467  0.2676 
   00234    0.6653  -11072.9488  0.2670 
   00235    0.6694  -11274.5661  0.2666 
   00236    0.6697  -11311.5876  0.2707 
   00237    0.6600  -11428.8512  0.2701 
   00238    0.6520  -11280.6054  0.2679 
   00239    0.6484  -11336.4483  0.2655 
   00240    0.6516  -11378.8887  0.2597 
   00241    0.6619  -11356.5320  0.2649 
   00242    0.6667  -11307.8619  0.2585 
   00243    0.6566  -11516.4258  0.2584 
   00244    0.6595  -11313.0193  0.2597 
   00245    0.6538  -11380.6051  0.2609 
   00246    0.6597  -11280.9120  0.2562 
   00247    0.6584  -11341.9283  0.2558 
   00248    0.6569  -11169.0946  0.2645 
   00249    0.6541  -11228.9496  0.2658 
   00250    0.6691  -11234.3790  0.2706 
   00251    0.6683  -11311.0674  0.2650 
   00252    0.6544  -11234.0020  0.2656 
   00253    0.6580  -11364.9477  0.2680 
   00254    0.6527  -11537.4033  0.2663 
   00255    0.6561  -11416.3855  0.2571 
   00256    0.6562  -11327.4472  0.2674 
   00257    0.6581  -11403.3685  0.2673 
   00258    0.6531  -11375.5461  0.2607 
   00259    0.6539  -11493.4771  0.2587 
   00260    0.6611  -11241.3196  0.2745 
   00261    0.6642  -11232.9680  0.2651 
   00262    0.6639  -11255.7925  0.2717 
   00263    0.6719  -11482.9483  0.2653 
   00264    0.6608  -11367.9857  0.2674 
   00265    0.6495  -11194.2848  0.2600 
   00266    0.6616  -11325.2922  0.2624 
   00267    0.6691  -11163.5987  0.2560 
   00268    0.6600  -11237.6301  0.2652 
   00269    0.6641  -11274.9448  0.2705 
   00270    0.6634  -11082.3301  0.2571 
   00271    0.6636  -11110.6616  0.2565 
   00272    0.6684  -11230.8042  0.2653 
   00273    0.6542  -11252.3391  0.2613 
   00274    0.6573  -11172.4635  0.2540 
   00275    0.6666  -11097.1983  0.2544 
   00276    0.6631  -11342.5429  0.2531 
   00277    0.6652  -11505.1714  0.2533 
   00278    0.6616  -11259.6552  0.2593 
   00279    0.6453  -11522.2568  0.2591 
   00280    0.6525  -11247.8806  0.2602 
   00281    0.6584  -11347.7622  0.2648 
   00282    0.6664  -11400.2228  0.2660 
   00283    0.6520  -11453.3939  0.2574 
   00284    0.6631  -11559.8123  0.2558 
   00285    0.6572  -11437.8306  0.2626 
   00286    0.6495  -11355.0859  0.2611 
   00287    0.6591  -11319.3059  0.2598 
   00288    0.6608  -11249.2805  0.2661 
   00289    0.6553  -11265.5847  0.2637 
   00290    0.6548  -11308.4554  0.2752 
   00291    0.6561  -11340.7072  0.2648 
   00292    0.6580  -11518.6150  0.2685 
   00293    0.6520  -11344.2277  0.2685 
   00294    0.6538  -11274.2456  0.2672 
   00295    0.6703  -11234.4511  0.2633 
   00296    0.6658  -11306.5018  0.2694 
   00297    0.6605  -11517.8453  0.2659 
   00298    0.6594  -11389.8111  0.2590 
   00299    0.6509  -11538.3664  0.2566 
   00300    0.6509  -11445.3224  0.2616 
   00301    0.6448  -11625.5241  0.2691 
   00302    0.6389  -11374.0340  0.2626 
   00303    0.6545  -11328.2711  0.2596 
   00304    0.6586  -11328.7074  0.2556 
   00305    0.6733  -11245.6190  0.2603 
   00306    0.6625  -11331.1874  0.2635 
   00307    0.6586  -11280.4565  0.2653 
   00308    0.6556  -11222.0718  0.2735 
   00309    0.6616  -11426.0208  0.2761 
   00310    0.6447  -11357.2208  0.2719 
   00311    0.6511  -11460.7108  0.2714 
   00312    0.6511  -11463.2656  0.2712 
   00313    0.6570  -11700.0642  0.2640 
   00314    0.6427  -11616.1361  0.2598 
   00315    0.6491  -11391.9670  0.2703 
   00316    0.6602  -11284.4185  0.2813 
   00317    0.6464  -11351.8314  0.2605 
   00318    0.6534  -11281.1467  0.2652 
   00319    0.6553  -11466.6268  0.2596 
   00320    0.6630  -11495.7762  0.2581 
   00321    0.6606  -11396.2316  0.2591 
   00322    0.6469  -11427.9054  0.2636 
   00323    0.6586  -11083.3575  0.2566 
   00324    0.6739  -11206.1078  0.2627 
   00325    0.6522  -11262.1178  0.2609 
   00326    0.6605  -11295.2254  0.2523 
   00327    0.6683  -11090.3940  0.2559 
   00328    0.6639  -11100.7911  0.2601 
   00329    0.6666  -11113.5579  0.2672 
   00330    0.6644  -11196.2932  0.2663 
   00331    0.6670  -11170.8351  0.2640 
   00332    0.6553  -11331.7056  0.2691 
   00333    0.6633  -11174.6944  0.2691 
   00334    0.6673  -11168.2974  0.2623 
   00335    0.6555  -11442.7079  0.2654 
   00336    0.6631  -11186.2068  0.2549 
   00337    0.6697  -11353.0902  0.2675 
   00338    0.6633  -11385.0903  0.2687 
   00339    0.6580  -11312.6449  0.2784 
   00340    0.6517  -11274.3424  0.2847 
   00341    0.6602  -11306.0522  0.2689 
   00342    0.6631  -11355.6611  0.2647 
   00343    0.6636  -11409.0218  0.2597 
   00344    0.6544  -11389.2728  0.2546 
   00345    0.6519  -11399.9274  0.2536 
   00346    0.6505  -11333.9111  0.2589 
   00347    0.6680  -11146.0190  0.2705 
   00348    0.6692  -10934.9040  0.2714 
   00349    0.6663  -11244.6952  0.2661 
   00350    0.6630  -11083.5907  0.2676 
   00351    0.6694  -11268.9690  0.2657 
   00352    0.6723  -11117.1361  0.2630 
   00353    0.6525  -11337.1480  0.2667 
   00354    0.6577  -11438.3987  0.2642 
   00355    0.6542  -11291.5279  0.2707 
   00356    0.6727  -11254.2723  0.2741 
   00357    0.6587  -11090.9303  0.2587 
   00358    0.6564  -11205.3250  0.2569 
   00359    0.6641  -11377.2455  0.2630 
   00360    0.6575  -11541.5616  0.2591 
   00361    0.6641  -11459.1643  0.2641 
   00362    0.6420  -11461.3737  0.2610 
   00363    0.6703  -11339.1846  0.2641 
   00364    0.6616  -11371.9399  0.2670 
   00365    0.6598  -11101.8968  0.2547 
   00366    0.6695  -11497.1267  0.2533 
   00367    0.6684  -11470.9240  0.2660 
   00368    0.6548  -11233.9896  0.2658 
   00369    0.6595  -11431.5531  0.2690 
   00370    0.6473  -11219.2343  0.2681 
   00371    0.6587  -11174.3733  0.2647 
   00372    0.6637  -11100.8032  0.2651 
   00373    0.6673  -11193.4566  0.2553 
   00374    0.6514  -11422.6865  0.2630 
   00375    0.6570  -11370.8649  0.2733 
   00376    0.6539  -11207.2730  0.2753 
   00377    0.6577  -11113.2095  0.2653 
   00378    0.6687  -11095.7584  0.2720 
   00379    0.6611  -11085.0091  0.2725 
   00380    0.6573  -11298.3299  0.2720 
   00381    0.6706  -11244.5724  0.2717 
   00382    0.6531  -11478.8657  0.2604 
   00383    0.6578  -11396.3446  0.2597 
   00384    0.6577  -11351.1301  0.2575 
   00385    0.6647  -11247.6241  0.2554 
   00386    0.6620  -11283.6355  0.2529 
   00387    0.6597  -11103.6397  0.2541 
   00388    0.6816  -11102.8223  0.2593 
   00389    0.6530  -11074.7732  0.2559 
   00390    0.6675  -11025.9413  0.2669 
   00391    0.6667  -11150.7954  0.2670 
   00392    0.6591  -11102.7221  0.2536 
   00393    0.6631  -11176.0871  0.2559 
   00394    0.6603  -11123.6449  0.2556 
   00395    0.6695  -11126.6970  0.2598 
   00396    0.6802  -11173.3693  0.2577 
   00397    0.6661  -11136.6743  0.2654 
   00398    0.6619  -10897.4290  0.2601 
   00399    0.6766  -11185.3262  0.2669 
   00400    0.6573  -10979.2216  0.2722 
   00401    0.6622  -11348.8846  0.2638 
   00402    0.6609  -11385.9764  0.2574 
   00403    0.6567  -11274.7804  0.2587 
   00404    0.6533  -11598.8972  0.2517 
   00405    0.6475  -11445.0827  0.2597 
   00406    0.6541  -11390.3172  0.2609 
   00407    0.6658  -11371.4989  0.2695 
   00408    0.6603  -11123.7740  0.2694 
   00409    0.6655  -11188.9614  0.2624 
   00410    0.6627  -11306.2101  0.2715 
   00411    0.6598  -11401.5383  0.2681 
   00412    0.6623  -11446.4568  0.2645 
   00413    0.6608  -11109.8601  0.2627 
   00414    0.6581  -11229.8156  0.2578 
   00415    0.6644  -11146.7510  0.2593 
   00416    0.6633  -10986.3316  0.2683 
   00417    0.6580  -11121.3497  0.2720 
   00418    0.6606  -11169.5225  0.2745 
   00419    0.6708  -11098.9217  0.2634 
   00420    0.6641  -11141.0724  0.2572 
   00421    0.6680  -11310.5877  0.2516 
   00422    0.6611  -11297.1648  0.2568 
   00423    0.6652  -11265.0710  0.2560 
   00424    0.6550  -11261.6267  0.2543 
   00425    0.6595  -11193.9329  0.2597 
   00426    0.6713  -11069.2176  0.2712 
   00427    0.6723  -11120.3217  0.2662 
   00428    0.6708  -11173.6769  0.2680 
   00429    0.6680  -11198.6974  0.2700 
   00430    0.6542  -11175.1165  0.2781 
   00431    0.6678  -11050.5442  0.2705 
   00432    0.6708  -11133.2501  0.2814 
   00433    0.6605  -11376.0745  0.2705 
   00434    0.6581  -11378.4868  0.2756 
   00435    0.6584  -11546.6706  0.2695 
   00436    0.6455  -11493.6820  0.2587 
   00437    0.6598  -11436.6851  0.2743 
   00438    0.6528  -11439.3496  0.2746 
   00439    0.6492  -11476.9175  0.2844 
   00440    0.6600  -11320.7521  0.2806 
   00441    0.6711  -11230.4653  0.2801 
   00442    0.6567  -11352.2235  0.2750 
   00443    0.6459  -11558.5413  0.2751 
   00444    0.6533  -11538.3146  0.2703 
   00445    0.6580  -11370.4618  0.2663 
   00446    0.6416  -11428.3667  0.2746 
   00447    0.6580  -11229.7928  0.2674 
   00448    0.6570  -11328.3285  0.2621 
   00449    0.6511  -11476.0436  0.2651 
   00450    0.6619  -11471.5800  0.2717 
   00451    0.6586  -11254.1470  0.2664 
   00452    0.6608  -11169.5981  0.2660 
   00453    0.6575  -11255.0929  0.2625 
   00454    0.6553  -11223.0490  0.2766 
   00455    0.6648  -11267.8880  0.2816 
   00456    0.6664  -11257.3400  0.2760 
   00457    0.6592  -11146.9096  0.2765 
   00458    0.6652  -11214.4901  0.2828 
   00459    0.6616  -11329.8426  0.2676 
   00460    0.6619  -11290.5014  0.2695 
   00461    0.6589  -11359.7821  0.2623 
   00462    0.6573  -11184.3855  0.2606 
   00463    0.6606  -11288.5707  0.2644 
   00464    0.6523  -11144.8337  0.2678 
   00465    0.6656  -11333.7341  0.2680 
   00466    0.6502  -11319.5901  0.2775 
   00467    0.6522  -11603.9995  0.2679 
   00468    0.6528  -11387.1540  0.2590 
   00469    0.6536  -11350.2179  0.2549 
   00470    0.6545  -11320.6328  0.2590 
   00471    0.6600  -11278.9517  0.2696 
   00472    0.6581  -11137.2898  0.2682 
   00473    0.6492  -11136.5831  0.2683 
   00474    0.6641  -11389.4569  0.2711 
   00475    0.6511  -11487.2334  0.2659 
   00476    0.6491  -11211.6969  0.2652 
   00477    0.6581  -11176.1388  0.2588 
   00478    0.6508  -11329.1746  0.2590 
   00479    0.6517  -11296.2749  0.2668 
   00480    0.6581  -11392.8355  0.2563 
   00481    0.6558  -11588.6172  0.2530 
   00482    0.6514  -11605.1606  0.2632 
   00483    0.6538  -11651.9077  0.2584 
   00484    0.6500  -11459.8388  0.2624 
   00485    0.6575  -11253.9949  0.2585 
   00486    0.6542  -11295.4446  0.2680 
   00487    0.6598  -11321.6763  0.2585 
   00488    0.6608  -11103.1186  0.2617 
   00489    0.6539  -11314.6179  0.2591 
   00490    0.6497  -11393.6567  0.2666 
   00491    0.6616  -11277.5984  0.2674 
   00492    0.6639  -11146.3812  0.2662 
   00493    0.6600  -11352.6280  0.2596 
   00494    0.6520  -11268.1333  0.2604 
   00495    0.6616  -11133.0069  0.2607 
   00496    0.6587  -11226.5554  0.2679 
   00497    0.6641  -11169.9422  0.2729 
   00498    0.6558  -11234.6374  0.2711 
   00499    0.6578  -11413.5162  0.2705 
   00500    0.6464  -11544.0342  0.2665 
   00501    0.6534  -11268.4263  0.2642 
   00502    0.6497  -11320.1896  0.2665 
   00503    0.6591  -11276.3443  0.2630 
   00504    0.6519  -11280.8051  0.2730 
   00505    0.6564  -11182.1595  0.2701 
   00506    0.6689  -11227.5925  0.2735 
   00507    0.6597  -11296.4406  0.2698 
   00508    0.6570  -11083.9422  0.2604 
   00509    0.6645  -11086.7516  0.2684 
   00510    0.6663  -11317.8932  0.2639 
   00511    0.6619  -11330.2222  0.2611 
   00512    0.6523  -11312.3611  0.2521 
   00513    0.6637  -11317.6171  0.2521 
   00514    0.6525  -11479.9992  0.2547 
   00515    0.6569  -11430.7784  0.2594 
   00516    0.6467  -11329.8192  0.2581 
   00517    0.6691  -11219.7787  0.2518 
   00518    0.6539  -11288.6242  0.2587 
   00519    0.6691  -11282.8555  0.2530 
   00520    0.6578  -11314.9776  0.2551 
   00521    0.6667  -11280.6083  0.2625 
   00522    0.6636  -11380.4045  0.2671 
   00523    0.6625  -11193.7372  0.2818 
   00524    0.6572  -11283.9143  0.2768 
   00525    0.6538  -11407.2968  0.2654 
   00526    0.6553  -11222.8689  0.2678 
   00527    0.6570  -11303.9368  0.2685 
   00528    0.6620  -11234.1512  0.2706 
   00529    0.6614  -11153.4419  0.2640 
   00530    0.6600  -11063.3758  0.2647 
   00531    0.6619  -11171.3975  0.2583 
   00532    0.6639  -11142.1346  0.2570 
   00533    0.6647  -11317.6748  0.2520 
   00534    0.6584  -11323.9995  0.2582 
   00535    0.6584  -11381.7095  0.2562 
   00536    0.6634  -11267.0708  0.2606 
   00537    0.6575  -11140.5151  0.2718 
   00538    0.6606  -11229.4446  0.2697 
   00539    0.6633  -11242.4105  0.2620 
   00540    0.6562  -11161.5720  0.2613 
   00541    0.6581  -10971.6667  0.2677 
   00542    0.6739  -11172.8823  0.2660 
   00543    0.6677  -11252.8868  0.2626 
   00544    0.6656  -11218.6499  0.2666 
   00545    0.6655  -11197.5624  0.2670 
   00546    0.6648  -11268.8092  0.2586 
   00547    0.6567  -11415.1719  0.2658 
   00548    0.6517  -11350.2614  0.2581 
   00549    0.6581  -11335.4126  0.2532 
   00550    0.6623  -11160.8932  0.2578 
   00551    0.6727  -11168.9876  0.2629 
   00552    0.6667  -11163.6467  0.2674 
   00553    0.6569  -11215.6201  0.2729 
   00554    0.6639  -11375.0601  0.2668 
   00555    0.6697  -11282.7483  0.2625 
   00556    0.6633  -11455.0436  0.2649 
   00557    0.6623  -11391.6414  0.2645 
   00558    0.6462  -11685.8399  0.2636 
   00559    0.6494  -11323.9841  0.2714 
   00560    0.6512  -11522.1730  0.2676 
   00561    0.6592  -11460.9532  0.2666 
   00562    0.6589  -11373.6197  0.2712 
   00563    0.6717  -11198.7629  0.2624 
   00564    0.6641  -11214.1787  0.2550 
   00565    0.6634  -11151.4196  0.2525 
   00566    0.6617  -11160.0029  0.2519 
   00567    0.6656  -11148.8210  0.2568 
   00568    0.6634  -11188.4853  0.2688 
   00569    0.6591  -11395.8074  0.2753 
   00570    0.6591  -11394.4516  0.2705 
   00571    0.6573  -11257.0339  0.2621 
   00572    0.6644  -11145.2209  0.2620 
   00573    0.6636  -11182.1233  0.2643 
   00574    0.6614  -11084.3205  0.2688 
   00575    0.6645  -11182.6048  0.2727 
   00576    0.6584  -11355.9431  0.2636 
   00577    0.6495  -11366.5173  0.2586 
   00578    0.6489  -11289.6012  0.2667 
   00579    0.6516  -11381.2241  0.2687 
   00580    0.6644  -11006.1014  0.2778 
   00581    0.6630  -11084.4033  0.2696 
   00582    0.6673  -11179.0879  0.2736 
   00583    0.6700  -11228.2146  0.2827 
   00584    0.6488  -11270.7502  0.2792 
   00585    0.6536  -11281.3516  0.2688 
   00586    0.6633  -11367.5432  0.2756 
   00587    0.6591  -11507.7118  0.2664 
   00588    0.6564  -11327.2781  0.2602 
   00589    0.6595  -11133.2108  0.2653 
   00590    0.6687  -11262.7340  0.2573 
   00591    0.6584  -11343.5324  0.2531 
   00592    0.6702  -11158.4161  0.2524 
   00593    0.6545  -11392.0565  0.2545 
   00594    0.6658  -11483.5672  0.2520 
   00595    0.6520  -11386.7405  0.2590 
   00596    0.6564  -11190.1700  0.2621 
   00597    0.6603  -11120.6054  0.2602 
   00598    0.6648  -11209.7387  0.2568 
   00599    0.6631  -11238.9174  0.2542 
   00600    0.6653  -11221.9969  0.2622 
   00601    0.6716  -11173.4244  0.2689 
   00602    0.6598  -11233.7604  0.2650 
   00603    0.6670  -11302.6287  0.2600 
   00604    0.6586  -11235.3028  0.2669 
   00605    0.6736  -11231.3644  0.2590 
   00606    0.6586  -11050.2856  0.2583 
   00607    0.6580  -10947.3616  0.2584 
   00608    0.6672  -10994.1756  0.2623 
   00609    0.6581  -11241.4396  0.2693 
   00610    0.6605  -11254.9117  0.2591 
   00611    0.6656  -11355.7155  0.2537 
   00612    0.6598  -11232.4105  0.2592 
   00613    0.6481  -11195.4316  0.2546 
   00614    0.6611  -11430.4158  0.2559 
   00615    0.6611  -11192.3700  0.2606 
   00616    0.6628  -10905.1920  0.2558 
   00617    0.6581  -10928.5419  0.2566 
   00618    0.6664  -11123.8951  0.2624 
   00619    0.6480  -11199.9539  0.2574 
   00620    0.6625  -11290.9093  0.2595 
   00621    0.6633  -11212.3244  0.2580 
   00622    0.6506  -11220.0366  0.2518 
   00623    0.6622  -11215.2998  0.2585 
   00624    0.6652  -11121.3127  0.2561 
   00625    0.6581  -11284.1592  0.2564 
   00626    0.6583  -11390.3170  0.2608 
   00627    0.6656  -11218.9202  0.2609 
   00628    0.6639  -11256.5955  0.2669 
   00629    0.6570  -11090.0937  0.2744 
   00630    0.6658  -11108.2288  0.2600 
   00631    0.6681  -11263.9934  0.2631 
   00632    0.6522  -11187.1464  0.2650 
   00633    0.6580  -11051.8352  0.2697 
   00634    0.6667  -11025.9130  0.2786 
   00635    0.6711  -11125.6490  0.2802 
   00636    0.6637  -11153.7090  0.2691 
   00637    0.6736  -11109.0993  0.2700 
   00638    0.6708  -11381.3449  0.2753 
   00639    0.6673  -11148.6062  0.2620 
   00640    0.6552  -11388.8833  0.2613 
   00641    0.6584  -11366.9225  0.2570 
   00642    0.6614  -11272.8229  0.2581 
   00643    0.6666  -11086.3241  0.2594 
   00644    0.6648  -11064.4440  0.2581 
   00645    0.6681  -11167.0164  0.2602 
   00646    0.6653  -11314.5035  0.2746 
   00647    0.6595  -11349.9382  0.2727 
   00648    0.6534  -11294.2790  0.2666 
   00649    0.6589  -11301.3406  0.2652 
   00650    0.6491  -11366.5108  0.2615 
   00651    0.6609  -11268.2827  0.2646 
   00652    0.6592  -11256.0877  0.2687 
   00653    0.6578  -11089.7281  0.2796 
   00654    0.6639  -11334.2128  0.2796 
   00655    0.6597  -11228.5351  0.2771 
   00656    0.6652  -11183.8160  0.2819 
   00657    0.6637  -11215.3485  0.2847 
   00658    0.6598  -11269.5305  0.2781 
   00659    0.6656  -11195.9133  0.2711 
   00660    0.6689  -11208.5549  0.2752 
   00661    0.6686  -11218.9619  0.2749 
   00662    0.6653  -11277.9437  0.2795 
   00663    0.6564  -11312.3061  0.2740 
   00664    0.6608  -11435.8331  0.2735 
   00665    0.6594  -11544.6858  0.2658 
   00666    0.6489  -11478.8691  0.2710 
   00667    0.6595  -11172.2021  0.2640 
   00668    0.6689  -11300.8164  0.2739 
   00669    0.6536  -11390.4560  0.2683 
   00670    0.6528  -11386.0403  0.2571 
   00671    0.6619  -11396.7193  0.2640 
   00672    0.6547  -11072.9896  0.2595 
   00673    0.6631  -11185.4776  0.2559 
   00674    0.6561  -11442.9068  0.2607 
   00675    0.6497  -11349.8771  0.2698 
   00676    0.6603  -11468.9557  0.2627 
   00677    0.6573  -11497.1545  0.2590 
   00678    0.6630  -11202.4671  0.2634 
   00679    0.6595  -11374.6087  0.2617 
   00680    0.6697  -11283.5868  0.2512 
   00681    0.6506  -11528.4554  0.2568 
   00682    0.6670  -11320.7017  0.2563 
   00683    0.6708  -11224.8487  0.2557 
   00684    0.6603  -11055.2278  0.2563 
   00685    0.6673  -11273.4489  0.2575 
   00686    0.6555  -11139.7450  0.2539 
   00687    0.6541  -11359.9421  0.2510 
   00688    0.6425  -11455.5075  0.2584 
   00689    0.6622  -11502.9263  0.2648 
   00690    0.6500  -11613.9962  0.2569 
   00691    0.6545  -11284.5489  0.2595 
   00692    0.6631  -11409.9863  0.2613 
   00693    0.6547  -11357.3771  0.2657 
   00694    0.6642  -11309.0555  0.2628 
   00695    0.6659  -11262.0045  0.2639 
   00696    0.6542  -11257.0874  0.2641 
   00697    0.6495  -11296.0841  0.2655 
   00698    0.6623  -11399.9636  0.2680 
   00699    0.6655  -11181.2644  0.2700 
   00700    0.6592  -11305.5673  0.2711 
   00701    0.6623  -11309.1181  0.2733 
   00702    0.6489  -11526.2125  0.2848 
   00703    0.6545  -11346.8353  0.2890 
   00704    0.6605  -11277.9140  0.2911 
   00705    0.6617  -11203.3644  0.2945 
   00706    0.6711  -11226.2809  0.2784 
   00707    0.6658  -11288.4456  0.2739 
   00708    0.6713  -11218.0425  0.2626 
   00709    0.6611  -11139.9404  0.2718 
   00710    0.6631  -11142.8912  0.2665 
   00711    0.6603  -11125.0050  0.2664 
   00712    0.6519  -11163.9107  0.2763 
   00713    0.6659  -10980.2341  0.2846 
   00714    0.6687  -11382.1513  0.2793 
   00715    0.6533  -11341.9524  0.2670 
   00716    0.6634  -11443.5962  0.2603 
   00717    0.6639  -11365.4593  0.2600 
   00718    0.6620  -11474.2040  0.2578 
   00719    0.6520  -11362.1281  0.2568 
   00720    0.6641  -11435.0550  0.2675 
   00721    0.6687  -11297.4859  0.2641 
   00722    0.6655  -11359.2044  0.2677 
   00723    0.6572  -11382.3277  0.2720 
   00724    0.6547  -11411.8827  0.2687 
   00725    0.6492  -11406.9292  0.2605 
   00726    0.6672  -11307.2019  0.2639 
   00727    0.6536  -11238.7611  0.2713 
   00728    0.6603  -11179.3453  0.2762 
   00729    0.6500  -11189.5272  0.2772 
   00730    0.6661  -11364.3834  0.2874 
   00731    0.6473  -11415.4727  0.2784 
   00732    0.6581  -11384.5158  0.2723 
   00733    0.6500  -11262.3635  0.2647 
   00734    0.6528  -11505.9656  0.2685 
   00735    0.6503  -11359.1955  0.2752 
   00736    0.6594  -11242.8000  0.2808 
   00737    0.6661  -11035.0563  0.2796 
   00738    0.6550  -11325.0467  0.2864 
   00739    0.6616  -11465.4258  0.2747 
   00740    0.6506  -11460.8432  0.2653 
   00741    0.6550  -11439.0264  0.2618 
   00742    0.6567  -11297.4845  0.2585 
   00743    0.6572  -11384.3729  0.2576 
   00744    0.6511  -11543.0746  0.2560 
   00745    0.6539  -11299.1849  0.2715 
   00746    0.6619  -11330.3036  0.2758 
   00747    0.6589  -11271.4482  0.2726 
   00748    0.6603  -11459.7123  0.2792 
   00749    0.6617  -11243.1246  0.2706 
   00750    0.6613  -11191.4331  0.2694 
   00751    0.6491  -11173.0416  0.2605 
   00752    0.6697  -11144.2684  0.2688 
   00753    0.6664  -11209.8775  0.2777 
   00754    0.6544  -11129.4013  0.2692 
   00755    0.6530  -11384.8624  0.2714 
   00756    0.6567  -11229.9168  0.2787 
   00757    0.6584  -11100.3319  0.2751 
   00758    0.6736  -11127.0928  0.2747 
   00759    0.6594  -11314.0776  0.2656 
   00760    0.6606  -11212.8941  0.2654 
   00761    0.6736  -11200.6027  0.2728 
   00762    0.6575  -11154.0597  0.2679 
   00763    0.6672  -11062.0997  0.2666 
   00764    0.6664  -11075.5056  0.2661 
   00765    0.6669  -10970.0691  0.2637 
   00766    0.6611  -11086.7826  0.2608 
   00767    0.6634  -11112.5509  0.2665 
   00768    0.6713  -11119.4883  0.2769 
   00769    0.6622  -11258.2491  0.2752 
   00770    0.6644  -10924.7787  0.2836 
   00771    0.6562  -11112.2181  0.2764 
   00772    0.6652  -11164.6009  0.2775 
   00773    0.6517  -11274.0892  0.2730 
   00774    0.6517  -11310.1686  0.2714 
   00775    0.6580  -11347.5008  0.2667 
   00776    0.6517  -11313.9121  0.2744 
   00777    0.6528  -11391.3291  0.2786 
   00778    0.6627  -11231.5973  0.2705 
   00779    0.6514  -11465.4644  0.2614 
   00780    0.6556  -11316.3965  0.2651 
   00781    0.6541  -11290.4024  0.2742 
   00782    0.6637  -11443.6769  0.2775 
   00783    0.6575  -11277.5254  0.2626 
   00784    0.6570  -11352.4750  0.2597 
   00785    0.6639  -11248.0402  0.2646 
   00786    0.6539  -11261.6894  0.2560 
   00787    0.6555  -11319.4066  0.2544 
   00788    0.6581  -11334.8653  0.2613 
   00789    0.6617  -11287.8029  0.2648 
   00790    0.6648  -11225.5824  0.2541 
   00791    0.6527  -11283.2971  0.2550 
   00792    0.6611  -11363.4458  0.2611 
   00793    0.6644  -11288.9881  0.2624 
   00794    0.6645  -11352.5073  0.2660 
   00795    0.6475  -11427.4993  0.2642 
   00796    0.6536  -11503.3875  0.2644 
   00797    0.6452  -11630.0036  0.2722 
   00798    0.6580  -11283.1090  0.2616 
   00799    0.6694  -11191.0810  0.2673 
   00800    0.6728  -11196.5317  0.2647 
   00801    0.6581  -11314.6602  0.2603 
   00802    0.6598  -11288.1604  0.2565 
   00803    0.6627  -11252.1879  0.2559 
   00804    0.6777  -10962.5661  0.2556 
   00805    0.6644  -11127.8454  0.2553 
   00806    0.6545  -11163.9350  0.2571 
   00807    0.6741  -11179.7976  0.2576 
   00808    0.6647  -11182.3830  0.2602 
   00809    0.6672  -11200.9083  0.2563 
   00810    0.6564  -11389.5879  0.2581 
   00811    0.6627  -11343.1727  0.2578 
   00812    0.6562  -11229.8815  0.2558 
   00813    0.6548  -11305.0618  0.2533 
   00814    0.6519  -11388.0486  0.2539 
   00815    0.6587  -11141.2331  0.2593 
   00816    0.6583  -11359.3386  0.2669 
   00817    0.6614  -11383.4668  0.2636 
   00818    0.6617  -11255.7001  0.2573 
   00819    0.6678  -11312.7874  0.2598 
   00820    0.6564  -11305.7524  0.2652 
   00821    0.6584  -11116.1721  0.2589 
   00822    0.6659  -10939.1586  0.2677 
   00823    0.6600  -11105.4233  0.2686 
   00824    0.6681  -11073.4598  0.2692 
   00825    0.6655  -11132.3501  0.2709 
   00826    0.6709  -11144.8160  0.2612 
   00827    0.6600  -10993.1901  0.2579 
   00828    0.6664  -11072.8862  0.2564 
   00829    0.6556  -11374.4422  0.2563 
   00830    0.6642  -11427.9962  0.2566 
   00831    0.6616  -11378.1441  0.2655 
   00832    0.6477  -11550.8931  0.2678 
   00833    0.6541  -11568.9907  0.2795 
   00834    0.6477  -11511.5818  0.2775 
   00835    0.6486  -11294.4791  0.2779 
   00836    0.6647  -11451.5043  0.2829 
   00837    0.6611  -11228.3138  0.2732 
   00838    0.6508  -11345.7747  0.2698 
   00839    0.6577  -11230.0362  0.2738 
   00840    0.6697  -11321.0368  0.2728 
   00841    0.6620  -11464.9976  0.2591 
   00842    0.6680  -11395.7127  0.2620 
   00843    0.6598  -11239.5945  0.2699 
   00844    0.6566  -11110.5048  0.2651 
   00845    0.6672  -11228.0012  0.2608 
   00846    0.6723  -11292.4650  0.2586 
   00847    0.6598  -11107.7383  0.2638 
   00848    0.6548  -11177.5559  0.2706 
   00849    0.6625  -11257.8309  0.2652 
   00850    0.6592  -11245.8091  0.2608 
   00851    0.6633  -11195.3135  0.2625 
   00852    0.6680  -11277.9930  0.2636 
   00853    0.6728  -11185.3775  0.2739 
   00854    0.6644  -11258.5667  0.2807 
   00855    0.6569  -11272.1539  0.2665 
   00856    0.6689  -11347.8566  0.2626 
   00857    0.6530  -11328.9272  0.2655 
   00858    0.6650  -11260.8038  0.2686 
   00859    0.6559  -11531.7287  0.2688 
   00860    0.6630  -11396.0703  0.2550 
   00861    0.6627  -11358.7290  0.2554 
   00862    0.6661  -11217.8008  0.2620 
   00863    0.6538  -11144.6199  0.2559 
   00864    0.6680  -11326.4722  0.2594 
   00865    0.6613  -11222.0289  0.2539 
   00866    0.6616  -11374.8369  0.2548 
   00867    0.6716  -11230.6135  0.2586 
   00868    0.6652  -11109.0068  0.2652 
   00869    0.6670  -11274.9609  0.2686 
   00870    0.6595  -11372.3656  0.2679 
   00871    0.6637  -11155.4020  0.2660 
   00872    0.6611  -11134.4553  0.2598 
   00873    0.6450  -11330.3218  0.2582 
   00874    0.6538  -11344.4578  0.2607 
   00875    0.6591  -11286.5928  0.2633 
   00876    0.6617  -11440.1793  0.2625 
   00877    0.6436  -11478.3961  0.2607 
   00878    0.6573  -11240.3012  0.2660 
   00879    0.6570  -11282.6884  0.2664 
   00880    0.6552  -11376.2712  0.2671 
   00881    0.6633  -11301.1462  0.2602 
   00882    0.6633  -11334.9325  0.2558 
   00883    0.6650  -11272.4860  0.2522 
   00884    0.6584  -11209.8347  0.2655 
   00885    0.6542  -11398.9053  0.2587 
   00886    0.6645  -11329.2548  0.2613 
   00887    0.6655  -11245.9128  0.2654 
   00888    0.6633  -11167.0004  0.2554 
   00889    0.6589  -11104.1337  0.2608 
   00890    0.6545  -11240.3194  0.2588 
   00891    0.6636  -11263.1527  0.2677 
   00892    0.6547  -11106.4210  0.2663 
   00893    0.6698  -11194.2921  0.2595 
   00894    0.6656  -11202.6556  0.2567 
   00895    0.6669  -11303.9461  0.2554 
   00896    0.6578  -11286.5701  0.2610 
   00897    0.6592  -11404.2180  0.2656 
   00898    0.6600  -11399.3243  0.2650 
   00899    0.6508  -11363.4422  0.2617 
   00900    0.6577  -11347.7415  0.2580 
   00901    0.6656  -11102.6282  0.2627 
   00902    0.6645  -11260.3544  0.2610 
   00903    0.6581  -11142.6291  0.2564 
   00904    0.6562  -11161.8184  0.2605 
   00905    0.6613  -11189.9229  0.2586 
   00906    0.6598  -11287.8649  0.2679 
   00907    0.6656  -11215.5379  0.2688 
   00908    0.6603  -11205.1302  0.2739 
   00909    0.6642  -11286.3971  0.2773 
   00910    0.6606  -11199.6131  0.2838 
   00911    0.6528  -11208.5094  0.2774 
   00912    0.6653  -11148.7536  0.2620 
   00913    0.6613  -11179.4322  0.2733 
   00914    0.6505  -11237.0201  0.2681 
   00915    0.6603  -11285.5350  0.2572 
   00916    0.6636  -11372.3805  0.2609 
   00917    0.6473  -11285.8960  0.2522 
   00918    0.6569  -11201.1392  0.2549 
   00919    0.6617  -11255.9413  0.2552 
   00920    0.6544  -11348.7758  0.2664 
   00921    0.6453  -11371.5448  0.2669 
   00922    0.6409  -11204.8569  0.2645 
   00923    0.6561  -11373.5772  0.2726 
   00924    0.6591  -11319.4620  0.2743 
   00925    0.6545  -11069.5005  0.2810 
   00926    0.6683  -11084.7152  0.2754 
   00927    0.6684  -11347.9010  0.2672 
   00928    0.6573  -11280.5849  0.2695 
   00929    0.6641  -11281.8890  0.2750 
   00930    0.6603  -11087.0269  0.2671 
   00931    0.6720  -11300.2248  0.2554 
   00932    0.6553  -11273.6011  0.2556 
   00933    0.6558  -11410.6441  0.2591 
   00934    0.6552  -11179.3337  0.2605 
   00935    0.6569  -11289.6902  0.2625 
   00936    0.6616  -11427.4039  0.2547 
   00937    0.6523  -11422.1077  0.2605 
   00938    0.6455  -11322.9398  0.2662 
   00939    0.6619  -11214.8524  0.2671 
   00940    0.6605  -11330.9955  0.2588 
   00941    0.6628  -11180.0460  0.2565 
   00942    0.6578  -11167.5579  0.2579 
   00943    0.6675  -11159.5580  0.2557 
   00944    0.6639  -11299.6265  0.2611 
   00945    0.6673  -11048.2971  0.2637 
   00946    0.6764  -11184.9626  0.2637 
   00947    0.6786  -11089.2383  0.2657 
   00948    0.6634  -11138.4630  0.2667 
   00949    0.6722  -11217.0229  0.2709 
   00950    0.6561  -11315.7396  0.2739 
   00951    0.6747  -11201.6684  0.2615 
   00952    0.6698  -11353.7110  0.2694 
   00953    0.6581  -11188.0010  0.2790 
   00954    0.6534  -11346.5180  0.2730 
   00955    0.6622  -11388.8230  0.2742 
   00956    0.6603  -11340.4815  0.2695 
   00957    0.6525  -11438.6794  0.2681 
   00958    0.6552  -11279.9402  0.2594 
   00959    0.6597  -11170.0604  0.2635 
   00960    0.6592  -11317.9430  0.2697 
   00961    0.6595  -11267.3077  0.2633 
   00962    0.6625  -11321.8894  0.2585 
   00963    0.6587  -11254.8480  0.2634 
   00964    0.6472  -11498.2972  0.2703 
   00965    0.6552  -11555.8800  0.2751 
   00966    0.6528  -11427.2246  0.2748 
   00967    0.6508  -11439.2105  0.2853 
   00968    0.6680  -11063.9978  0.2750 
   00969    0.6589  -11154.1559  0.2833 
   00970    0.6488  -11431.3051  0.2763 
   00971    0.6598  -11324.6470  0.2710 
   00972    0.6652  -11362.6622  0.2725 
   00973    0.6552  -11383.1137  0.2679 
   00974    0.6547  -11340.9741  0.2738 
   00975    0.6562  -11513.9621  0.2824 
   00976    0.6541  -11563.5904  0.2772 
   00977    0.6623  -11291.6643  0.2815 
   00978    0.6570  -11355.8706  0.2763 
   00979    0.6517  -11450.9122  0.2606 
   00980    0.6511  -11493.0134  0.2758 
   00981    0.6502  -11320.1629  0.2646 
   00982    0.6609  -11169.5382  0.2614 
   00983    0.6562  -11181.9838  0.2674 
   00984    0.6648  -11260.2435  0.2645 
   00985    0.6423  -11363.5668  0.2606 
   00986    0.6600  -11219.7804  0.2671 
   00987    0.6602  -11253.7609  0.2701 
   00988    0.6567  -11096.6840  0.2619 
   00989    0.6656  -11248.7100  0.2700 
   00990    0.6644  -11233.7355  0.2696 
   00991    0.6580  -11085.2036  0.2697 
   00992    0.6484  -11316.5072  0.2682 
   00993    0.6561  -11332.2628  0.2637 
   00994    0.6673  -11046.1567  0.2623 
   00995    0.6564  -11367.4300  0.2584 
   00996    0.6670  -11399.4180  0.2590 
   00997    0.6555  -11236.4340  0.2580 
   00998    0.6619  -11254.0286  0.2559 
   00999    0.6644  -11258.4985  0.2589 
   01000    0.6725  -11079.4437  0.2519 
