#=====================================================
# File created:        Mon-06-Nov-2023-at-02-33-03PM
# Size of lattice:     40x40
# Number of MC steps:  1000
# Reduced temperature: 2.000
# Run time (s):        41.622697
#=====================================================
# MC step:  Ratio:     Energy:   Order:
#=====================================================
   00000    0.5000   -1551.0200  0.2674 
   00001    0.7850   -2159.0000  0.2767 
   00002    0.7744   -2450.4730  0.2608 
   00003    0.7506   -2438.4752  0.2564 
   00004    0.7400   -2511.3765  0.2690 
   00005    0.7100   -2598.8037  0.2727 
   00006    0.7406   -2446.9442  0.2708 
   00007    0.7544   -2510.1479  0.2828 
   00008    0.7206   -2548.1102  0.2861 
   00009    0.7256   -2470.7587  0.2836 
   00010    0.7394   -2511.5521  0.2830 
   00011    0.7350   -2475.7031  0.2976 
   00012    0.7131   -2561.2313  0.3065 
   00013    0.7219   -2552.6364  0.2820 
   00014    0.7306   -2620.8228  0.2802 
   00015    0.7037   -2642.1400  0.2891 
   00016    0.7275   -2651.7691  0.2942 
   00017    0.7206   -2619.6422  0.2682 
   00018    0.7231   -2626.8239  0.2737 
   00019    0.7194   -2545.8987  0.2799 
   00020    0.7331   -2546.1304  0.2796 
   00021    0.7137   -2512.0880  0.2672 
   00022    0.7388   -2500.5489  0.2542 
   00023    0.7219   -2535.3118  0.2684 
   00024    0.7163   -2571.2125  0.2658 
   00025    0.7281   -2629.6291  0.2783 
   00026    0.7288   -2512.8655  0.2686 
   00027    0.7212   -2554.6036  0.2656 
   00028    0.7350   -2619.4760  0.2603 
   00029    0.7044   -2505.1052  0.2652 
   00030    0.7488   -2434.4965  0.2940 
   00031    0.7431   -2606.7755  0.2838 
   00032    0.7250   -2593.4262  0.2756 
   00033    0.7212   -2541.4912  0.2705 
   00034    0.7269   -2604.3000  0.2722 
   00035    0.7119   -2524.6111  0.2598 
   00036    0.7175   -2527.0567  0.2684 
   00037    0.7106   -2516.0399  0.2731 
   00038    0.7212   -2550.5577  0.2765 
   00039    0.7044   -2592.9078  0.2550 
   00040    0.7394   -2599.5727  0.2704 
   00041    0.7219   -2582.0258  0.2664 
   00042    0.7144   -2637.7936  0.2655 
   00043    0.7181   -2719.2323  0.2626 
   00044    0.7100   -2643.4452  0.2757 
   00045    0.7312   -2541.6382  0.2579 
   00046    0.7150   -2530.3029  0.2857 
   00047    0.7244   -2509.6054  0.2932 
   00048    0.7388   -2455.0315  0.2870 
   00049    0.7331   -2514.3845  0.2970 
   00050    0.7281   -2532.1788  0.2811 
   00051    0.7256   -2502.3741  0.2840 
   00052    0.7081   -2680.2875  0.2739 
   00053    0.7119   -2601.4880  0.2698 
   00054    0.7100   -2556.1824  0.2786 
   00055    0.7256   -2637.7995  0.2744 
   00056    0.7238   -2595.2570  0.2682 
   00057    0.7156   -2580.9300  0.2882 
   00058    0.7150   -2547.1347  0.2756 
   00059    0.7113   -2560.5320  0.2570 
   00060    0.7369   -2455.1028  0.2520 
   00061    0.7275   -2509.9799  0.2712 
   00062    0.7319   -2507.8695  0.2640 
   00063    0.7375   -2528.2609  0.2697 
   00064    0.7169   -2544.9637  0.2708 
   00065    0.7362   -2541.2439  0.2618 
   00066    0.7181   -2541.6541  0.2585 
   00067    0.7338   -2536.0754  0.2745 
   00068    0.7281   -2492.4988  0.2717 
   00069    0.7306   -2511.7316  0.2742 
   00070    0.7206   -2512.3411  0.2653 
   00071    0.7113   -2614.3856  0.2643 
   00072    0.7075   -2564.0708  0.2721 
   00073    0.7281   -2572.5856  0.2704 
   00074    0.7331   -2474.7560  0.2929 
   00075    0.7469   -2593.8729  0.2941 
   00076    0.7275   -2474.8102  0.2864 
   00077    0.7262   -2499.4861  0.2860 
   00078    0.7131   -2603.2217  0.3124 
   00079    0.7362   -2541.2526  0.2958 
   00080    0.7419   -2606.5856  0.2801 
   00081    0.7294   -2465.9304  0.2863 
   00082    0.7419   -2447.0089  0.2839 
   00083    0.7306   -2512.5297  0.3006 
   00084    0.7575   -2483.0013  0.2996 
   00085    0.7312   -2580.0827  0.3031 
   00086    0.7338   -2535.6692  0.2932 
   00087    0.7269   -2470.6724  0.2864 
   00088    0.7450   -2515.7790  0.2812 
   00089    0.7300   -2501.0656  0.2862 
   00090    0.7044   -2628.9940  0.2819 
   00091    0.7163   -2575.2068  0.2909 
   00092    0.7362   -2517.9553  0.2904 
   00093    0.7125   -2630.0706  0.2840 
   00094    0.7119   -2553.1831  0.2811 
   00095    0.7188   -2535.5243  0.2802 
   00096    0.7206   -2707.8327  0.2792 
   00097    0.7319   -2551.4440  0.2750 
   00098    0.7306   -2568.1164  0.2695 
   00099    0.7269   -2493.7789  0.2768 
   00100    0.7394   -2559.4507  0.2669 
   00101    0.7262   -2603.5366  0.2678 
   00102    0.7275   -2533.5311  0.2645 
   00103    0.7306   -2511.6752  0.2618 
   00104    0.7031   -2651.1885  0.2718 
   00105    0.7312   -2547.7248  0.2601 
   00106    0.7438   -2448.9448  0.2550 
   00107    0.7075   -2552.7266  0.2696 
   00108    0.7325   -2537.5816  0.2822 
   00109    0.7175   -2596.4998  0.2674 
   00110    0.7156   -2648.8490  0.2584 
   00111    0.7119   -2579.6989  0.2616 
   00112    0.7169   -2519.0428  0.2846 
   00113    0.7350   -2601.7811  0.2658 
   00114    0.7137   -2539.9162  0.2780 
   00115    0.7225   -2526.8330  0.2808 
   00116    0.7087   -2512.9134  0.2858 
   00117    0.7281   -2372.8272  0.2702 
   00118    0.7350   -2486.1097  0.2769 
   00119    0.7269   -2527.0372  0.2996 
   00120    0.7606   -2503.7857  0.2903 
   00121    0.7306   -2510.1658  0.3008 
   00122    0.7381   -2451.8054  0.2753 
   00123    0.7238   -2535.7260  0.2541 
   00124    0.7306   -2538.5869  0.2770 
   00125    0.7362   -2522.2869  0.2879 
   00126    0.7444   -2616.5291  0.2888 
   00127    0.7150   -2599.8670  0.2743 
   00128    0.7188   -2556.4081  0.2599 
   00129    0.7212   -2474.4801  0.2810 
   00130    0.7312   -2414.1709  0.2623 
   00131    0.7450   -2509.9662  0.2771 
   00132    0.7300   -2506.8393  0.2765 
   00133    0.7525   -2443.5447  0.2731 
   00134    0.7475   -2471.6182  0.2751 
   00135    0.7356   -2500.0968  0.2848 
   00136    0.7369   -2572.6423  0.2779 
   00137    0.7019   -2482.1825  0.2602 
   00138    0.7269   -2559.4103  0.2518 
   00139    0.7219   -2579.8228  0.2709 
   00140    0.7481   -2547.6626  0.2680 
   00141    0.7400   -2513.7657  0.2652 
   00142    0.7269   -2522.3198  0.2733 
   00143    0.7488   -2482.1009  0.2531 
   00144    0.7488   -2531.9318  0.2624 
   00145    0.7250   -2549.4953  0.2667 
   00146    0.7194   -2519.2467  0.2589 
   00147    0.7375   -2466.0770  0.2778 
   00148    0.7344   -2553.0791  0.2713 
   00149    0.7350   -2477.8172  0.2779 
   00150    0.7294   -2415.5857  0.2632 
   00151    0.7462   -2498.0808  0.2618 
   00152    0.7462   -2465.2587  0.2557 
   00153    0.7375   -2529.9765  0.2606 
   00154    0.7106   -2602.1455  0.2565 
   00155    0.7369   -2538.6987  0.2764 
   00156    0.7375   -2570.0249  0.2703 
   00157    0.7425   -2502.5418  0.2865 
   00158    0.7294   -2527.6648  0.2896 
   00159    0.7319   -2478.3892  0.3012 
   00160    0.7306   -2508.8285  0.2832 
   00161    0.7225   -2397.0965  0.2898 
   00162    0.7462   -2404.3988  0.2824 
   00163    0.7338   -2436.9864  0.2782 
   00164    0.7669   -2582.9684  0.2739 
   00165    0.7312   -2556.4856  0.2567 
   00166    0.7338   -2554.7592  0.2607 
   00167    0.7169   -2598.6411  0.2869 
   00168    0.7175   -2548.8846  0.2869 
   00169    0.7388   -2507.1388  0.2684 
   00170    0.7294   -2502.2875  0.2676 
   00171    0.7338   -2544.5134  0.2682 
   00172    0.7406   -2536.5734  0.2668 
   00173    0.7381   -2450.7341  0.2893 
   00174    0.7412   -2500.9560  0.2573 
   00175    0.7244   -2528.2000  0.2595 
   00176    0.7175   -2553.7529  0.2544 
   00177    0.7288   -2463.3860  0.2646 
   00178    0.7362   -2439.5335  0.2670 
   00179    0.7438   -2449.7206  0.2579 
   00180    0.7506   -2595.0091  0.2589 
   00181    0.7256   -2544.8135  0.2620 
   00182    0.7194   -2483.9152  0.2602 
   00183    0.7244   -2539.2672  0.2594 
   00184    0.7250   -2431.1848  0.2966 
   00185    0.7331   -2552.8485  0.2914 
   00186    0.7225   -2662.9034  0.2792 
   00187    0.7306   -2582.1076  0.2879 
   00188    0.7356   -2550.7095  0.2788 
   00189    0.7275   -2538.6382  0.3052 
   00190    0.7269   -2536.9867  0.2913 
   00191    0.7300   -2468.1135  0.2863 
   00192    0.7300   -2513.7491  0.2860 
   00193    0.7312   -2440.6169  0.2821 
   00194    0.7444   -2440.3435  0.2903 
   00195    0.7244   -2508.8709  0.2982 
   00196    0.7125   -2573.4299  0.2910 
   00197    0.7137   -2599.4544  0.3035 
   00198    0.7181   -2686.0304  0.2890 
   00199    0.7206   -2666.6021  0.2584 
   00200    0.7175   -2598.8904  0.2716 
   00201    0.7188   -2568.2421  0.2686 
   00202    0.7306   -2603.4627  0.2761 
   00203    0.7331   -2598.2897  0.2654 
   00204    0.7250   -2583.4317  0.2593 
   00205    0.7500   -2504.9639  0.2688 
   00206    0.7156   -2623.4643  0.2638 
   00207    0.7269   -2628.6894  0.2667 
   00208    0.7094   -2589.2825  0.2920 
   00209    0.7075   -2597.4421  0.2830 
   00210    0.7231   -2642.1970  0.2858 
   00211    0.7094   -2602.2048  0.2860 
   00212    0.7063   -2557.2601  0.2985 
   00213    0.7212   -2567.2991  0.2882 
   00214    0.7175   -2595.4888  0.2836 
   00215    0.7175   -2678.0178  0.2717 
   00216    0.7137   -2656.7424  0.2884 
   00217    0.7319   -2605.8845  0.2575 
   00218    0.7275   -2629.5840  0.2684 
   00219    0.7294   -2495.4878  0.2628 
   00220    0.7231   -2543.0005  0.2576 
   00221    0.7056   -2603.0783  0.2510 
   00222    0.7388   -2581.8357  0.2647 
   00223    0.7275   -2532.9149  0.2584 
   00224    0.7125   -2579.7243  0.2554 
   00225    0.7019   -2632.5332  0.2815 
   00226    0.6969   -2602.2410  0.3043 
   00227    0.7419   -2603.7302  0.2827 
   00228    0.7306   -2499.1606  0.2679 
   00229    0.7256   -2494.6055  0.2612 
   00230    0.7269   -2514.4752  0.2590 
   00231    0.7294   -2549.0056  0.2662 
   00232    0.7381   -2537.6049  0.2506 
   00233    0.7506   -2573.4231  0.2675 
   00234    0.7106   -2537.9380  0.2635 
   00235    0.7206   -2502.8042  0.2690 
   00236    0.7212   -2557.4981  0.2791 
   00237    0.7494   -2515.5997  0.2730 
   00238    0.7194   -2506.4309  0.2687 
   00239    0.7462   -2481.9112  0.2718 
   00240    0.7331   -2456.2364  0.2592 
   00241    0.7406   -2418.9487  0.2733 
   00242    0.7238   -2495.3492  0.2564 
   00243    0.7225   -2465.2333  0.2627 
   00244    0.7319   -2512.1033  0.2746 
   00245    0.7231   -2574.8062  0.2621 
   00246    0.7319   -2585.5808  0.2603 
   00247    0.7200   -2542.8568  0.2583 
   00248    0.7250   -2509.1196  0.2645 
   00249    0.7294   -2509.6130  0.2784 
   00250    0.7306   -2542.4936  0.2811 
   00251    0.7250   -2591.2529  0.2729 
   00252    0.7194   -2627.0233  0.2743 
   00253    0.7256   -2498.6492  0.2636 
   00254    0.7412   -2618.5868  0.2811 
   00255    0.7325   -2574.7030  0.2827 
   00256    0.7412   -2570.7470  0.2827 
   00257    0.7338   -2469.0760  0.2711 
   00258    0.7175   -2514.6847  0.2708 
   00259    0.7406   -2479.9010  0.2663 
   00260    0.7431   -2495.7024  0.2652 
   00261    0.7269   -2481.2910  0.2623 
   00262    0.7231   -2533.4764  0.2613 
   00263    0.7212   -2460.8330  0.2643 
   00264    0.7144   -2478.4551  0.2675 
   00265    0.7362   -2418.2081  0.2873 
   00266    0.7188   -2468.2645  0.2688 
   00267    0.7381   -2464.8731  0.2736 
   00268    0.7500   -2558.1202  0.2854 
   00269    0.7362   -2571.6964  0.2826 
   00270    0.6987   -2502.3189  0.2800 
   00271    0.7144   -2595.0034  0.2738 
   00272    0.7194   -2611.9228  0.2741 
   00273    0.7406   -2556.0072  0.2757 
   00274    0.7150   -2407.8056  0.2766 
   00275    0.7412   -2487.3694  0.2746 
   00276    0.7325   -2514.2620  0.2678 
   00277    0.7200   -2634.6643  0.2738 
   00278    0.7150   -2560.5156  0.2581 
   00279    0.7069   -2560.5686  0.2822 
   00280    0.7550   -2487.5672  0.2641 
   00281    0.7262   -2461.8351  0.2763 
   00282    0.7525   -2460.0813  0.2804 
   00283    0.7394   -2680.2413  0.2801 
   00284    0.7169   -2554.6999  0.2769 
   00285    0.7294   -2611.4873  0.2626 
   00286    0.7319   -2597.5905  0.2589 
   00287    0.7469   -2609.2170  0.2701 
   00288    0.7294   -2660.1198  0.2763 
   00289    0.7188   -2639.9280  0.2842 
   00290    0.7331   -2596.2753  0.2811 
   00291    0.7200   -2703.7278  0.2944 
   00292    0.7312   -2603.2326  0.3049 
   00293    0.7288   -2531.8880  0.2858 
   00294    0.7388   -2393.3920  0.2889 
   00295    0.7381   -2403.7195  0.2672 
   00296    0.7375   -2526.6469  0.2546 
   00297    0.7262   -2459.9690  0.2822 
   00298    0.7356   -2472.1178  0.2683 
   00299    0.7075   -2528.0831  0.2840 
   00300    0.7163   -2604.2445  0.2605 
   00301    0.7137   -2528.2456  0.2662 
   00302    0.7181   -2653.6001  0.2580 
   00303    0.7275   -2582.4457  0.2714 
   00304    0.7381   -2607.2821  0.2797 
   00305    0.7262   -2586.0777  0.2957 
   00306    0.7319   -2593.1594  0.2819 
   00307    0.7181   -2590.8019  0.2650 
   00308    0.7262   -2640.6105  0.2562 
   00309    0.7150   -2610.4305  0.2671 
   00310    0.7406   -2565.6549  0.2914 
   00311    0.7275   -2583.2095  0.3143 
   00312    0.7350   -2570.2780  0.2987 
   00313    0.7081   -2533.3736  0.2871 
   00314    0.7119   -2540.1503  0.2747 
   00315    0.7212   -2512.9065  0.2667 
   00316    0.7331   -2522.7433  0.2575 
   00317    0.7169   -2576.9936  0.2672 
   00318    0.7212   -2577.7726  0.2573 
   00319    0.7438   -2569.4781  0.2649 
   00320    0.7269   -2637.6694  0.2610 
   00321    0.7331   -2556.9206  0.2710 
   00322    0.7450   -2488.6423  0.2878 
   00323    0.7281   -2462.6087  0.2854 
   00324    0.7231   -2522.6579  0.2894 
   00325    0.7194   -2557.8082  0.2867 
   00326    0.7331   -2506.7046  0.2774 
   00327    0.7119   -2557.1276  0.2952 
   00328    0.7212   -2626.9835  0.2849 
   00329    0.6981   -2647.2761  0.2702 
   00330    0.7300   -2474.9763  0.2846 
   00331    0.7169   -2659.6147  0.2754 
   00332    0.7312   -2546.3114  0.2808 
   00333    0.7175   -2628.3472  0.3028 
   00334    0.7087   -2622.3715  0.3148 
   00335    0.7163   -2718.0829  0.2997 
   00336    0.7037   -2642.5374  0.2723 
   00337    0.7050   -2570.2678  0.2680 
   00338    0.7269   -2515.5019  0.2587 
   00339    0.7063   -2507.9505  0.2640 
   00340    0.7369   -2505.6511  0.2717 
   00341    0.7306   -2534.2331  0.2815 
   00342    0.7125   -2634.9890  0.3038 
   00343    0.7063   -2624.1682  0.2898 
   00344    0.7281   -2590.2416  0.3027 
   00345    0.6819   -2520.5259  0.2907 
   00346    0.7419   -2426.5339  0.2938 
   00347    0.7412   -2494.1763  0.3010 
   00348    0.7338   -2484.0491  0.2813 
   00349    0.7331   -2511.3308  0.2912 
   00350    0.7319   -2582.1717  0.3069 
   00351    0.7169   -2620.5467  0.2988 
   00352    0.7381   -2376.5137  0.2864 
   00353    0.7369   -2519.3300  0.2707 
   00354    0.7319   -2523.6906  0.2772 
   00355    0.7444   -2509.9276  0.2912 
   00356    0.7444   -2574.8239  0.2590 
   00357    0.7406   -2524.8311  0.2587 
   00358    0.7350   -2436.2711  0.2739 
   00359    0.7488   -2434.6317  0.2617 
   00360    0.7419   -2443.4408  0.2696 
   00361    0.7581   -2500.7142  0.2876 
   00362    0.7262   -2498.5621  0.2765 
   00363    0.7100   -2449.8085  0.2731 
   00364    0.7231   -2513.1185  0.2692 
   00365    0.7244   -2614.2423  0.2798 
   00366    0.7306   -2590.8658  0.2602 
   00367    0.7406   -2449.3360  0.2587 
   00368    0.7262   -2517.6706  0.2657 
   00369    0.7325   -2490.5757  0.2730 
   00370    0.7294   -2547.6856  0.2867 
   00371    0.7444   -2557.9682  0.2839 
   00372    0.7262   -2492.5106  0.2661 
   00373    0.7350   -2448.5066  0.2687 
   00374    0.7312   -2483.4941  0.2896 
   00375    0.7262   -2480.6385  0.2885 
   00376    0.7019   -2641.9714  0.2780 
   00377    0.7156   -2670.3668  0.2784 
   00378    0.7194   -2560.8513  0.2626 
   00379    0.7256   -2502.8719  0.2779 
   00380    0.7600   -2577.5904  0.2885 
   00381    0.7262   -2573.1448  0.2721 
   00382    0.7244   -2596.3836  0.2812 
   00383    0.7225   -2609.6573  0.2940 
   00384    0.7200   -2490.7401  0.2790 
   00385    0.7438   -2471.3945  0.2748 
   00386    0.7462   -2362.3856  0.2557 
   00387    0.7588   -2518.2419  0.2505 
   00388    0.7519   -2463.0304  0.2729 
   00389    0.7488   -2532.1472  0.2688 
   00390    0.7362   -2567.5830  0.2589 
   00391    0.7306   -2576.8093  0.2873 
   00392    0.7344   -2551.2328  0.2799 
   00393    0.7462   -2471.0636  0.2813 
   00394    0.7356   -2410.6749  0.2764 
   00395    0.7444   -2519.0845  0.2702 
   00396    0.7200   -2607.8023  0.2686 
   00397    0.7238   -2521.9792  0.2765 
   00398    0.7412   -2411.4719  0.2784 
   00399    0.7275   -2572.9364  0.2958 
   00400    0.7294   -2572.5738  0.2663 
   00401    0.7231   -2604.4670  0.2694 
   00402    0.7256   -2576.2377  0.2558 
   00403    0.7169   -2493.4885  0.2659 
   00404    0.7113   -2516.5656  0.2746 
   00405    0.7156   -2482.4289  0.2945 
   00406    0.7288   -2402.0195  0.2800 
   00407    0.7319   -2484.8558  0.2909 
   00408    0.7356   -2535.0066  0.3036 
   00409    0.7106   -2473.4593  0.2800 
   00410    0.7250   -2411.6571  0.2848 
   00411    0.7394   -2474.9132  0.2788 
   00412    0.7369   -2574.8725  0.2886 
   00413    0.7200   -2547.2329  0.2810 
   00414    0.7362   -2573.8170  0.2588 
   00415    0.7406   -2533.7386  0.2551 
   00416    0.7319   -2702.9723  0.2609 
   00417    0.7006   -2592.8377  0.2741 
   00418    0.7575   -2562.5202  0.2590 
   00419    0.7200   -2592.5598  0.2859 
   00420    0.7181   -2517.6763  0.2838 
   00421    0.7188   -2532.3941  0.2824 
   00422    0.7325   -2532.3127  0.2622 
   00423    0.7250   -2617.1274  0.2629 
   00424    0.6975   -2485.2129  0.2831 
   00425    0.7281   -2596.2107  0.2642 
   00426    0.7194   -2598.9384  0.2615 
   00427    0.7375   -2598.1889  0.2610 
   00428    0.7181   -2594.9414  0.2507 
   00429    0.7169   -2602.9908  0.2644 
   00430    0.7312   -2515.9424  0.2591 
   00431    0.7262   -2624.7997  0.2547 
   00432    0.7225   -2658.4955  0.2607 
   00433    0.7325   -2473.8218  0.2714 
   00434    0.7394   -2563.4010  0.2545 
   00435    0.7344   -2483.4997  0.2704 
   00436    0.7256   -2539.3122  0.2593 
   00437    0.7331   -2523.2581  0.2905 
   00438    0.7175   -2484.9966  0.2942 
   00439    0.7244   -2552.5198  0.2809 
   00440    0.7288   -2503.3693  0.2891 
   00441    0.7106   -2492.9884  0.2903 
   00442    0.7394   -2502.0157  0.2865 
   00443    0.7275   -2485.8825  0.2707 
   00444    0.7319   -2511.1758  0.2805 
   00445    0.7344   -2514.9233  0.2889 
   00446    0.7512   -2573.8033  0.2685 
   00447    0.7250   -2487.9540  0.2862 
   00448    0.7438   -2521.0584  0.2715 
   00449    0.7338   -2554.6172  0.2880 
   00450    0.7119   -2650.2004  0.2795 
   00451    0.7212   -2612.3366  0.2872 
   00452    0.7037   -2649.4834  0.2857 
   00453    0.7181   -2568.9791  0.2698 
   00454    0.7300   -2570.1235  0.2619 
   00455    0.7369   -2436.8865  0.2717 
   00456    0.7419   -2563.3799  0.2916 
   00457    0.7206   -2591.8524  0.2894 
   00458    0.7188   -2622.3386  0.2903 
   00459    0.7075   -2650.4645  0.2649 
   00460    0.7469   -2534.5077  0.2809 
   00461    0.7281   -2530.0635  0.2793 
   00462    0.7344   -2624.4423  0.2757 
   00463    0.7063   -2636.1324  0.2811 
   00464    0.7156   -2618.8115  0.2850 
   00465    0.7200   -2588.6759  0.2730 
   00466    0.7369   -2534.5020  0.2549 
   00467    0.7319   -2479.6394  0.2640 
   00468    0.7488   -2515.9497  0.2784 
   00469    0.7550   -2580.8500  0.2627 
   00470    0.6944   -2575.4444  0.2644 
   00471    0.7356   -2570.3186  0.2754 
   00472    0.7325   -2508.6937  0.2715 
   00473    0.7462   -2524.5898  0.2762 
   00474    0.7519   -2530.6880  0.2686 
   00475    0.7144   -2613.0936  0.2902 
   00476    0.7175   -2439.4442  0.2965 
   00477    0.7269   -2521.0140  0.2641 
   00478    0.7050   -2526.9545  0.2637 
   00479    0.7294   -2480.3804  0.2824 
   00480    0.7419   -2547.2877  0.2835 
   00481    0.7238   -2401.9618  0.2781 
   00482    0.7419   -2521.9983  0.2814 
   00483    0.7469   -2485.3832  0.2789 
   00484    0.7256   -2566.4559  0.2732 
   00485    0.7188   -2445.1149  0.2708 
   00486    0.7300   -2519.5369  0.2732 
   00487    0.7500   -2451.8606  0.2935 
   00488    0.7219   -2509.7883  0.2792 
   00489    0.7569   -2547.5661  0.3040 
   00490    0.7425   -2618.1133  0.2947 
   00491    0.7250   -2496.2146  0.2828 
   00492    0.7312   -2456.4376  0.3022 
   00493    0.7394   -2504.1320  0.2911 
   00494    0.7244   -2442.5354  0.2563 
   00495    0.7412   -2510.0167  0.2766 
   00496    0.7344   -2524.0204  0.2783 
   00497    0.7137   -2562.6586  0.2772 
   00498    0.7388   -2462.9993  0.2831 
   00499    0.7494   -2377.5003  0.2806 
   00500    0.7444   -2494.6268  0.2715 
   00501    0.7562   -2419.3045  0.2822 
   00502    0.7519   -2453.0387  0.2775 
   00503    0.7288   -2547.0044  0.2666 
   00504    0.7244   -2497.8735  0.2609 
   00505    0.7250   -2509.9453  0.2765 
   00506    0.7331   -2536.9601  0.2815 
   00507    0.7469   -2427.6399  0.2953 
   00508    0.7356   -2419.0883  0.2696 
   00509    0.7419   -2401.5714  0.2696 
   00510    0.7506   -2450.0070  0.2723 
   00511    0.7456   -2543.1015  0.2676 
   00512    0.7256   -2522.5617  0.2676 
   00513    0.7444   -2552.6724  0.2722 
   00514    0.7188   -2563.2466  0.2731 
   00515    0.7244   -2560.0219  0.2663 
   00516    0.7331   -2571.1721  0.2718 
   00517    0.7206   -2533.2411  0.2772 
   00518    0.7288   -2483.5567  0.3009 
   00519    0.7119   -2572.2204  0.2998 
   00520    0.7212   -2545.2977  0.2720 
   00521    0.7312   -2569.0641  0.2864 
   00522    0.7219   -2551.4557  0.2771 
   00523    0.7431   -2633.0286  0.2627 
   00524    0.7406   -2480.3175  0.2694 
   00525    0.7369   -2616.0649  0.2563 
   00526    0.7312   -2586.1749  0.2592 
   00527    0.7231   -2611.0025  0.2559 
   00528    0.7262   -2531.1571  0.2543 
   00529    0.7400   -2560.5357  0.2726 
   00530    0.7394   -2598.4601  0.2729 
   00531    0.7113   -2542.0372  0.2576 
   00532    0.7325   -2578.9520  0.2657 
   00533    0.7087   -2569.1431  0.2599 
   00534    0.7344   -2522.1637  0.2636 
   00535    0.7106   -2543.9314  0.2531 
   00536    0.7325   -2597.1572  0.2718 
   00537    0.7269   -2663.4992  0.2678 
   00538    0.7200   -2698.2147  0.2713 
   00539    0.7294   -2582.8262  0.2673 
   00540    0.7131   -2523.9224  0.2667 
   00541    0.7362   -2599.8990  0.2792 
   00542    0.7275   -2544.4467  0.2833 
   00543    0.7312   -2505.4997  0.2877 
   00544    0.7388   -2497.9175  0.2784 
   00545    0.7369   -2472.7180  0.2617 
   00546    0.7438   -2527.7173  0.2566 
   00547    0.7369   -2471.3154  0.2743 
   00548    0.7450   -2455.3643  0.2660 
   00549    0.7206   -2533.5385  0.2665 
   00550    0.7381   -2508.2322  0.2656 
   00551    0.7375   -2501.2096  0.2630 
   00552    0.7294   -2538.2718  0.2658 
   00553    0.7156   -2531.0374  0.2667 
   00554    0.7356   -2498.0638  0.2683 
   00555    0.7262   -2506.2043  0.2805 
   00556    0.7163   -2506.3709  0.2651 
   00557    0.7163   -2498.6104  0.2720 
   00558    0.7481   -2432.3853  0.2890 
   00559    0.7462   -2436.8284  0.2898 
   00560    0.7331   -2505.1897  0.2741 
   00561    0.7325   -2524.4535  0.2747 
   00562    0.7350   -2543.8942  0.2799 
   00563    0.7425   -2486.6465  0.2963 
   00564    0.7350   -2575.3711  0.2901 
   00565    0.7431   -2573.5358  0.2708 
   00566    0.7262   -2510.1308  0.2748 
   00567    0.7338   -2578.4566  0.2672 
   00568    0.7262   -2629.4306  0.2818 
   00569    0.7212   -2612.6487  0.2812 
   00570    0.7288   -2606.5344  0.2736 
   00571    0.7194   -2611.8505  0.2799 
   00572    0.7200   -2660.9206  0.2733 
   00573    0.7163   -2528.3771  0.2586 
   00574    0.7325   -2558.7775  0.2728 
   00575    0.7256   -2548.1939  0.2594 
   00576    0.7131   -2573.6621  0.2585 
   00577    0.7362   -2550.5308  0.2580 
   00578    0.7181   -2416.1779  0.2637 
   00579    0.7306   -2594.3087  0.2556 
   00580    0.7300   -2528.9188  0.2578 
   00581    0.7250   -2597.3616  0.2666 
   00582    0.7156   -2649.2201  0.2701 
   00583    0.7431   -2581.6245  0.2722 
   00584    0.7269   -2559.8213  0.2794 
   00585    0.7288   -2608.4763  0.2851 
   00586    0.7238   -2559.3712  0.3021 
   00587    0.7288   -2543.3795  0.2990 
   00588    0.7281   -2464.4873  0.2708 
   00589    0.7456   -2455.6182  0.2755 
   00590    0.7275   -2537.1528  0.2577 
   00591    0.7281   -2458.8243  0.2601 
   00592    0.7200   -2520.6161  0.2634 
   00593    0.7419   -2541.7658  0.2765 
   00594    0.7281   -2546.1021  0.2791 
   00595    0.7494   -2576.6395  0.2617 
   00596    0.7125   -2434.0649  0.2596 
   00597    0.7519   -2577.3610  0.2630 
   00598    0.7156   -2656.1822  0.2637 
   00599    0.7262   -2524.1690  0.2723 
   00600    0.7194   -2551.4287  0.2766 
   00601    0.7212   -2633.7128  0.2712 
   00602    0.7125   -2579.9126  0.2747 
   00603    0.7350   -2509.6630  0.2673 
   00604    0.7306   -2548.2046  0.2753 
   00605    0.7225   -2649.3385  0.2870 
   00606    0.7025   -2647.5039  0.2719 
   00607    0.7269   -2627.3329  0.2530 
   00608    0.7412   -2521.2218  0.2614 
   00609    0.7312   -2611.9678  0.2653 
   00610    0.7081   -2514.6318  0.2848 
   00611    0.7388   -2560.2673  0.2847 
   00612    0.7200   -2627.7707  0.2942 
   00613    0.7169   -2511.3943  0.3128 
   00614    0.7294   -2592.1033  0.2902 
   00615    0.7506   -2555.6595  0.2647 
   00616    0.7344   -2495.8328  0.2815 
   00617    0.7469   -2528.1832  0.2717 
   00618    0.7225   -2540.6218  0.2830 
   00619    0.7219   -2516.1243  0.2766 
   00620    0.7438   -2483.2197  0.2776 
   00621    0.7319   -2513.7526  0.2796 
   00622    0.7300   -2577.2176  0.2680 
   00623    0.7369   -2617.8814  0.2673 
   00624    0.7400   -2639.2990  0.2529 
   00625    0.6869   -2595.0847  0.2591 
   00626    0.7137   -2547.7109  0.2594 
   00627    0.7225   -2521.2322  0.2755 
   00628    0.7331   -2527.0429  0.2887 
   00629    0.7288   -2554.3081  0.2759 
   00630    0.7250   -2574.0929  0.2754 
   00631    0.7262   -2585.2751  0.2660 
   00632    0.7256   -2514.0979  0.2747 
   00633    0.7269   -2642.4646  0.2769 
   00634    0.7013   -2608.6049  0.2791 
   00635    0.7288   -2670.8846  0.2807 
   00636    0.7194   -2561.6261  0.2801 
   00637    0.7188   -2488.6463  0.2734 
   00638    0.7238   -2545.7376  0.2734 
   00639    0.7369   -2482.0362  0.2832 
   00640    0.7488   -2514.9659  0.2757 
   00641    0.7150   -2507.1382  0.2719 
   00642    0.7225   -2531.2381  0.2610 
   00643    0.7269   -2548.4588  0.2636 
   00644    0.7262   -2534.5113  0.2738 
   00645    0.7325   -2553.4727  0.2744 
   00646    0.7294   -2515.7278  0.2667 
   00647    0.7300   -2460.9989  0.2863 
   00648    0.7425   -2506.0172  0.2752 
   00649    0.7206   -2502.0101  0.2836 
   00650    0.7431   -2538.1573  0.2867 
   00651    0.7325   -2476.8878  0.2894 
   00652    0.7344   -2506.1722  0.2754 
   00653    0.7200   -2510.3298  0.2959 
   00654    0.7212   -2459.7353  0.3091 
   00655    0.7550   -2527.0423  0.3202 
   00656    0.7362   -2541.9504  0.2907 
   00657    0.7362   -2542.5180  0.2980 
   00658    0.7338   -2603.5929  0.3147 
   00659    0.7312   -2564.4246  0.3103 
   00660    0.7306   -2428.8940  0.3010 
   00661    0.7381   -2521.1386  0.2860 
   00662    0.7244   -2472.4107  0.2777 
   00663    0.7362   -2509.7921  0.2587 
   00664    0.7156   -2595.3150  0.2838 
   00665    0.7063   -2548.3464  0.2821 
   00666    0.7094   -2549.6827  0.2853 
   00667    0.7394   -2519.0361  0.3034 
   00668    0.7338   -2516.4501  0.3118 
   00669    0.7188   -2596.1457  0.3003 
   00670    0.7269   -2579.3548  0.2878 
   00671    0.7269   -2588.6330  0.2922 
   00672    0.7131   -2603.7640  0.2915 
   00673    0.7131   -2484.7428  0.2990 
   00674    0.7281   -2526.6329  0.2974 
   00675    0.7244   -2506.2143  0.2860 
   00676    0.7256   -2589.3940  0.2964 
   00677    0.7231   -2588.7830  0.2898 
   00678    0.7269   -2499.7551  0.3051 
   00679    0.7194   -2569.7797  0.3215 
   00680    0.7206   -2562.0504  0.3065 
   00681    0.7231   -2635.4996  0.3037 
   00682    0.7388   -2540.8881  0.3079 
   00683    0.7150   -2530.1197  0.2954 
   00684    0.7206   -2376.2272  0.2814 
   00685    0.7206   -2410.8674  0.2641 
   00686    0.7194   -2473.6688  0.2597 
   00687    0.7656   -2521.8843  0.2579 
   00688    0.7269   -2606.3304  0.2684 
   00689    0.7131   -2501.3013  0.2602 
   00690    0.7381   -2551.5794  0.2694 
   00691    0.7200   -2612.2460  0.2738 
   00692    0.7300   -2553.5737  0.2554 
   00693    0.7200   -2558.1017  0.2789 
   00694    0.7319   -2531.5739  0.2672 
   00695    0.7081   -2558.8471  0.2601 
   00696    0.7131   -2538.3073  0.2882 
   00697    0.7194   -2566.9293  0.2701 
   00698    0.7094   -2610.6867  0.2801 
   00699    0.7275   -2419.1816  0.2566 
   00700    0.7375   -2538.6723  0.2910 
   00701    0.7306   -2615.5318  0.2909 
   00702    0.7231   -2642.0807  0.3150 
   00703    0.7087   -2652.5509  0.3147 
   00704    0.7194   -2659.0895  0.2900 
   00705    0.7125   -2631.9129  0.2779 
   00706    0.7188   -2514.7217  0.2830 
   00707    0.7369   -2523.6882  0.2844 
   00708    0.7156   -2497.9523  0.2918 
   00709    0.7469   -2424.9908  0.2873 
   00710    0.7500   -2518.0251  0.2904 
   00711    0.7281   -2587.5332  0.2756 
   00712    0.7137   -2547.0449  0.2857 
   00713    0.7175   -2549.7644  0.2837 
   00714    0.7425   -2547.0443  0.2682 
   00715    0.7312   -2489.6288  0.2686 
   00716    0.7456   -2484.5678  0.2716 
   00717    0.7406   -2442.3531  0.2885 
   00718    0.7269   -2440.0584  0.2760 
   00719    0.7494   -2488.9695  0.2908 
   00720    0.7300   -2503.7429  0.2947 
   00721    0.7163   -2519.3588  0.2915 
   00722    0.7244   -2528.4414  0.2854 
   00723    0.7219   -2498.5784  0.2756 
   00724    0.7356   -2561.6386  0.2673 
   00725    0.7125   -2655.8158  0.2632 
   00726    0.6969   -2604.9021  0.2722 
   00727    0.7400   -2521.8012  0.2690 
   00728    0.7344   -2545.4697  0.2925 
   00729    0.7144   -2541.3649  0.2885 
   00730    0.7231   -2527.0406  0.3013 
   00731    0.7356   -2533.3294  0.2977 
   00732    0.7444   -2502.5500  0.2891 
   00733    0.7150   -2514.4657  0.3023 
   00734    0.7300   -2530.7207  0.2913 
   00735    0.7388   -2461.4990  0.2645 
   00736    0.7144   -2407.3758  0.2560 
   00737    0.7369   -2535.7994  0.2737 
   00738    0.7238   -2556.8884  0.2713 
   00739    0.7306   -2494.9197  0.2724 
   00740    0.7069   -2533.7377  0.2799 
   00741    0.7056   -2551.5863  0.2555 
   00742    0.7419   -2502.1904  0.2518 
   00743    0.7225   -2509.0418  0.2632 
   00744    0.7381   -2558.0559  0.2621 
   00745    0.7444   -2530.1802  0.2673 
   00746    0.7338   -2528.6950  0.2646 
   00747    0.7244   -2531.5295  0.2823 
   00748    0.7150   -2618.2577  0.2751 
   00749    0.7238   -2538.8983  0.2874 
   00750    0.7156   -2517.5716  0.2711 
   00751    0.7212   -2471.7209  0.2644 
   00752    0.7356   -2557.8881  0.2790 
   00753    0.7181   -2549.7863  0.2572 
   00754    0.7156   -2566.4244  0.2759 
   00755    0.7238   -2604.9831  0.2712 
   00756    0.7456   -2613.8104  0.2711 
   00757    0.7031   -2568.3849  0.2552 
   00758    0.7325   -2515.4851  0.2730 
   00759    0.7325   -2560.7757  0.2749 
   00760    0.7262   -2609.0858  0.2957 
   00761    0.7188   -2582.5786  0.3002 
   00762    0.7375   -2548.1571  0.3063 
   00763    0.7200   -2554.0876  0.2875 
   00764    0.7181   -2508.4783  0.2713 
   00765    0.7244   -2568.4484  0.2922 
   00766    0.7188   -2564.0010  0.3005 
   00767    0.7194   -2511.1339  0.2958 
   00768    0.7369   -2574.1981  0.2892 
   00769    0.7087   -2584.5313  0.3005 
   00770    0.7238   -2570.8245  0.2811 
   00771    0.7169   -2608.2387  0.2837 
   00772    0.7338   -2593.8699  0.2944 
   00773    0.7119   -2582.2117  0.2687 
   00774    0.7150   -2541.9603  0.2664 
   00775    0.7150   -2539.0505  0.2750 
   00776    0.7181   -2504.5651  0.2762 
   00777    0.7188   -2514.3853  0.2683 
   00778    0.7056   -2622.1066  0.2668 
   00779    0.7275   -2640.4497  0.2787 
   00780    0.7456   -2717.2894  0.2677 
   00781    0.7006   -2569.2127  0.2608 
   00782    0.7063   -2590.5167  0.2569 
   00783    0.7338   -2528.2897  0.2886 
   00784    0.7369   -2641.4507  0.2974 
   00785    0.7188   -2632.9898  0.2912 
   00786    0.7244   -2540.6854  0.2669 
   00787    0.7488   -2478.7712  0.2622 
   00788    0.7400   -2451.3771  0.2753 
   00789    0.7375   -2503.2598  0.2702 
   00790    0.7219   -2577.8938  0.2628 
   00791    0.7469   -2578.4752  0.2849 
   00792    0.7181   -2531.6137  0.2839 
   00793    0.7163   -2469.5193  0.2774 
   00794    0.7281   -2470.8188  0.2608 
   00795    0.7350   -2530.4736  0.2892 
   00796    0.7219   -2480.3313  0.2870 
   00797    0.7181   -2558.4216  0.2915 
   00798    0.7144   -2488.0698  0.2942 
   00799    0.7256   -2468.6942  0.2786 
   00800    0.7525   -2572.4779  0.2851 
   00801    0.7113   -2610.3275  0.2796 
   00802    0.7056   -2751.8000  0.2751 
   00803    0.7231   -2628.6630  0.2688 
   00804    0.7131   -2561.6653  0.2649 
   00805    0.6963   -2665.8520  0.2558 
   00806    0.6913   -2734.1592  0.2692 
   00807    0.7175   -2596.4754  0.2739 
   00808    0.7325   -2589.0107  0.2610 
   00809    0.7438   -2457.1245  0.2772 
   00810    0.7294   -2504.7313  0.2925 
   00811    0.7137   -2639.7410  0.3018 
   00812    0.7013   -2556.0587  0.2849 
   00813    0.7238   -2563.8786  0.2718 
   00814    0.7450   -2624.7400  0.2585 
   00815    0.7219   -2606.9589  0.2631 
   00816    0.7144   -2549.4273  0.2902 
   00817    0.7244   -2494.7508  0.2919 
   00818    0.7412   -2559.8259  0.2913 
   00819    0.7369   -2458.5212  0.2981 
   00820    0.7238   -2463.5859  0.2866 
   00821    0.7375   -2504.3756  0.2957 
   00822    0.7350   -2521.6228  0.2883 
   00823    0.7269   -2413.1683  0.2809 
   00824    0.7319   -2479.6000  0.2691 
   00825    0.7344   -2604.1828  0.2775 
   00826    0.7325   -2537.8156  0.2551 
   00827    0.7056   -2565.1532  0.2639 
   00828    0.7194   -2613.1377  0.2743 
   00829    0.7050   -2501.0591  0.2858 
   00830    0.7037   -2502.0257  0.2830 
   00831    0.7131   -2599.6401  0.2992 
   00832    0.7094   -2379.1121  0.3109 
   00833    0.7344   -2575.8575  0.3050 
   00834    0.7156   -2606.5370  0.3124 
   00835    0.7206   -2567.5566  0.3103 
   00836    0.7131   -2646.3636  0.3006 
   00837    0.7031   -2569.5407  0.2923 
   00838    0.7344   -2594.8904  0.2945 
   00839    0.7244   -2469.3007  0.2865 
   00840    0.7294   -2549.8468  0.2754 
   00841    0.7475   -2502.5142  0.2972 
   00842    0.7219   -2539.9616  0.2909 
   00843    0.7250   -2571.3444  0.2797 
   00844    0.7269   -2584.8821  0.2822 
   00845    0.7188   -2563.5240  0.2750 
   00846    0.7163   -2735.3233  0.2705 
   00847    0.7362   -2567.4096  0.2735 
   00848    0.7163   -2682.4604  0.2926 
   00849    0.7050   -2556.8395  0.2888 
   00850    0.7444   -2543.8414  0.2764 
   00851    0.7288   -2517.0868  0.2624 
   00852    0.7119   -2546.6897  0.2645 
   00853    0.7181   -2436.9297  0.2628 
   00854    0.7350   -2386.3492  0.2650 
   00855    0.7238   -2488.3046  0.2541 
   00856    0.7394   -2481.5585  0.2663 
   00857    0.7219   -2479.3381  0.2917 
   00858    0.7444   -2444.0984  0.2872 
   00859    0.7431   -2578.8497  0.2978 
   00860    0.7075   -2609.8401  0.2780 
   00861    0.7194   -2642.4834  0.2539 
   00862    0.7181   -2591.1553  0.2740 
   00863    0.7169   -2546.7653  0.2766 
   00864    0.7169   -2520.3800  0.2915 
   00865    0.7119   -2661.1888  0.2984 
   00866    0.7081   -2576.7821  0.3072 
   00867    0.7294   -2540.7277  0.2867 
   00868    0.7200   -2603.7380  0.2853 
   00869    0.7288   -2550.9165  0.2901 
   00870    0.7231   -2551.0504  0.2772 
   00871    0.7163   -2569.4755  0.2743 
   00872    0.7188   -2679.3335  0.2784 
   00873    0.7087   -2574.4307  0.2712 
   00874    0.7288   -2594.8447  0.2562 
   00875    0.7094   -2523.4753  0.2706 
   00876    0.7300   -2500.7565  0.2780 
   00877    0.7331   -2602.5877  0.2871 
   00878    0.7137   -2608.9331  0.2860 
   00879    0.7250   -2726.4832  0.2931 
   00880    0.7000   -2651.6808  0.2757 
   00881    0.7281   -2574.9898  0.2531 
   00882    0.7244   -2551.8043  0.2851 
   00883    0.7144   -2580.0501  0.2730 
   00884    0.7262   -2535.7065  0.2830 
   00885    0.7456   -2463.9063  0.2691 
   00886    0.7288   -2522.9374  0.2767 
   00887    0.7206   -2447.1654  0.2576 
   00888    0.7331   -2539.3497  0.2737 
   00889    0.7131   -2497.8821  0.2915 
   00890    0.7388   -2531.3137  0.2808 
   00891    0.7250   -2484.7397  0.2649 
   00892    0.7444   -2467.3587  0.2629 
   00893    0.7381   -2514.7917  0.2577 
   00894    0.7306   -2513.3745  0.2628 
   00895    0.7456   -2529.6227  0.2648 
   00896    0.7137   -2521.3573  0.2722 
   00897    0.7325   -2562.2742  0.2750 
   00898    0.7063   -2559.3477  0.2800 
   00899    0.7344   -2567.8931  0.2701 
   00900    0.7425   -2516.5143  0.2669 
   00901    0.6956   -2635.4123  0.2576 
   00902    0.7163   -2526.0838  0.2589 
   00903    0.7381   -2534.7088  0.2712 
   00904    0.7137   -2518.3238  0.2707 
   00905    0.7175   -2551.7785  0.2815 
   00906    0.7212   -2614.5880  0.2784 
   00907    0.7300   -2541.8425  0.2531 
   00908    0.7369   -2465.5203  0.2589 
   00909    0.7169   -2541.2700  0.2635 
   00910    0.7219   -2545.8863  0.2559 
   00911    0.7356   -2491.4116  0.2620 
   00912    0.7512   -2546.7790  0.2656 
   00913    0.7181   -2532.2663  0.2658 
   00914    0.7256   -2453.0458  0.2570 
   00915    0.7338   -2556.7730  0.2540 
   00916    0.7175   -2545.1700  0.2797 
   00917    0.7106   -2527.9586  0.2785 
   00918    0.7406   -2492.8438  0.2729 
   00919    0.7075   -2586.1217  0.2695 
   00920    0.7075   -2658.8912  0.2689 
   00921    0.7119   -2575.6589  0.2817 
   00922    0.7175   -2480.0024  0.2791 
   00923    0.7225   -2547.0556  0.2975 
   00924    0.7338   -2501.9880  0.2898 
   00925    0.7381   -2533.3486  0.2919 
   00926    0.7281   -2578.3316  0.3124 
   00927    0.7406   -2577.6938  0.3108 
   00928    0.7163   -2621.1656  0.2971 
   00929    0.7044   -2518.1431  0.2934 
   00930    0.7275   -2601.3250  0.2785 
   00931    0.7281   -2482.4492  0.3015 
   00932    0.7369   -2444.1524  0.3059 
   00933    0.7194   -2587.9161  0.2789 
   00934    0.7069   -2676.0756  0.2931 
   00935    0.7156   -2692.6824  0.2625 
   00936    0.7119   -2613.1829  0.2851 
   00937    0.7306   -2649.6985  0.2863 
   00938    0.7225   -2647.5834  0.2813 
   00939    0.6994   -2604.9430  0.2893 
   00940    0.7294   -2584.6268  0.2746 
   00941    0.7375   -2581.4743  0.2637 
   00942    0.7438   -2578.3471  0.2770 
   00943    0.7356   -2583.2892  0.2695 
   00944    0.7206   -2558.2446  0.2619 
   00945    0.7225   -2548.2449  0.2900 
   00946    0.7081   -2624.6217  0.2895 
   00947    0.7075   -2601.4023  0.2900 
   00948    0.7100   -2514.6911  0.2926 
   00949    0.7425   -2585.6364  0.2724 
   00950    0.7194   -2603.5549  0.2667 
   00951    0.7306   -2511.9925  0.2701 
   00952    0.7356   -2442.1545  0.2651 
   00953    0.7344   -2493.8038  0.2879 
   00954    0.7619   -2405.1587  0.2804 
   00955    0.7375   -2467.4704  0.2894 
   00956    0.7206   -2448.4704  0.2745 
   00957    0.7431   -2451.5967  0.2722 
   00958    0.7400   -2533.1997  0.2697 
   00959    0.7406   -2457.6531  0.2676 
   00960    0.7300   -2539.9872  0.2655 
   00961    0.7338   -2682.8404  0.2680 
   00962    0.7063   -2560.5842  0.2669 
   00963    0.7369   -2492.5760  0.2692 
   00964    0.7225   -2655.1287  0.2781 
   00965    0.7175   -2614.5250  0.2919 
   00966    0.7244   -2590.7841  0.3033 
   00967    0.7300   -2553.7282  0.2765 
   00968    0.7306   -2488.4267  0.2765 
   00969    0.7194   -2497.6413  0.2871 
   00970    0.7369   -2561.1940  0.2834 
   00971    0.7438   -2561.8638  0.2791 
   00972    0.7169   -2508.6791  0.2671 
   00973    0.7306   -2614.3742  0.2699 
   00974    0.7163   -2502.5918  0.2747 
   00975    0.7325   -2541.5119  0.2821 
   00976    0.7275   -2695.0106  0.2942 
   00977    0.7200   -2677.6852  0.2877 
   00978    0.7063   -2607.7743  0.2642 
   00979    0.7388   -2543.5221  0.2584 
   00980    0.7312   -2658.7232  0.2570 
   00981    0.7362   -2598.7735  0.2660 
   00982    0.7256   -2526.0329  0.2605 
   00983    0.7406   -2516.0073  0.2582 
   00984    0.7400   -2519.6359  0.2765 
   00985    0.7388   -2491.0838  0.2628 
   00986    0.7344   -2600.7904  0.2613 
   00987    0.7219   -2557.6589  0.2830 
   00988    0.7194   -2588.4410  0.2805 
   00989    0.7200   -2543.5191  0.2581 
   00990    0.7338   -2499.1464  0.2832 
   00991    0.7500   -2578.8881  0.2930 
   00992    0.7244   -2595.3280  0.2983 
   00993    0.7231   -2558.7440  0.2703 
   00994    0.7131   -2610.6046  0.2646 
   00995    0.7150   -2491.9983  0.2760 
   00996    0.7362   -2433.6819  0.2637 
   00997    0.7394   -2382.8279  0.2731 
   00998    0.7669   -2479.8123  0.2770 
   00999    0.7412   -2434.5817  0.2774 
   01000    0.7400   -2438.3962  0.2770 
