#=====================================================
# File created:        Mon-06-Nov-2023-at-12-32-21PM
# Size of lattice:     40x40
# Number of MC steps:  1000
# Reduced temperature: 1.400
# Run time (s):        6.771528
#=====================================================
# MC step:  Ratio:     Energy:   Order:
#=====================================================
   00000    0.5000   -1523.3608  0.2639 
   00001    0.7412   -2174.2584  0.2625 
   00002    0.7131   -2516.6298  0.2575 
   00003    0.6737   -2683.0006  0.2720 
   00004    0.6362   -2721.7898  0.2586 
   00005    0.6425   -2817.5643  0.2664 
   00006    0.6500   -2939.4128  0.2575 
   00007    0.6525   -2974.6155  0.2669 
   00008    0.6088   -3005.6446  0.2762 
   00009    0.6262   -2978.0070  0.2926 
   00010    0.6288   -2984.2461  0.2822 
   00011    0.6269   -3019.4646  0.2663 
   00012    0.6481   -3008.3339  0.2632 
   00013    0.6338   -3077.8595  0.2811 
   00014    0.5869   -3119.0105  0.2908 
   00015    0.5856   -3045.6169  0.2752 
   00016    0.6106   -3074.9083  0.2813 
   00017    0.6156   -3083.5204  0.2825 
   00018    0.5944   -3114.4954  0.2788 
   00019    0.6438   -3108.4251  0.2651 
   00020    0.6094   -3018.5811  0.2637 
   00021    0.6069   -3081.7036  0.2620 
   00022    0.5981   -3098.5309  0.2668 
   00023    0.6031   -3115.3424  0.2585 
   00024    0.5875   -3061.6243  0.2607 
   00025    0.6056   -2980.5643  0.2634 
   00026    0.6156   -2976.3043  0.2697 
   00027    0.6181   -2987.7786  0.2581 
   00028    0.6181   -2954.1662  0.2608 
   00029    0.6112   -2972.2022  0.2651 
   00030    0.6112   -2994.4932  0.2563 
   00031    0.6306   -3022.2148  0.2694 
   00032    0.6300   -3077.3583  0.2733 
   00033    0.6256   -3120.1778  0.2577 
   00034    0.6138   -3092.7220  0.2662 
   00035    0.5994   -3058.1255  0.2761 
   00036    0.6244   -3055.8402  0.2677 
   00037    0.6094   -3028.1091  0.2553 
   00038    0.6056   -2987.5698  0.2721 
   00039    0.6100   -2883.2002  0.2810 
   00040    0.6075   -2994.2823  0.2775 
   00041    0.6225   -3018.3027  0.2847 
   00042    0.6325   -3024.8526  0.2956 
   00043    0.6162   -3071.5835  0.2897 
   00044    0.6162   -3093.2991  0.2919 
   00045    0.6038   -3157.4789  0.2929 
   00046    0.5919   -3093.1538  0.3037 
   00047    0.5956   -3115.9809  0.2909 
   00048    0.6131   -3081.1985  0.2911 
   00049    0.6088   -3010.0664  0.2877 
   00050    0.6081   -2963.0620  0.3037 
   00051    0.6344   -2949.2193  0.3159 
   00052    0.6300   -2952.7145  0.2697 
   00053    0.6188   -3139.4903  0.2634 
   00054    0.6075   -3127.9853  0.2831 
   00055    0.5737   -3134.1261  0.3091 
   00056    0.6019   -3240.1019  0.3113 
   00057    0.6106   -3043.0782  0.3023 
   00058    0.6400   -2983.4715  0.3176 
   00059    0.6131   -3093.5619  0.3232 
   00060    0.6231   -3019.4323  0.3355 
   00061    0.6144   -3000.6699  0.3233 
   00062    0.6025   -2941.0371  0.3185 
   00063    0.6188   -2984.7078  0.3172 
   00064    0.6050   -3147.1665  0.3246 
   00065    0.5813   -3130.2030  0.3235 
   00066    0.5869   -3167.9003  0.3059 
   00067    0.6231   -3114.4821  0.3133 
   00068    0.6112   -3008.8884  0.2998 
   00069    0.6275   -2945.4113  0.2781 
   00070    0.6375   -2965.3269  0.2740 
   00071    0.6088   -3026.8202  0.2754 
   00072    0.6269   -2981.7171  0.2919 
   00073    0.6094   -2939.7628  0.2915 
   00074    0.6300   -2995.5386  0.3109 
   00075    0.6419   -2971.0202  0.3020 
   00076    0.6275   -2960.0299  0.2982 
   00077    0.5981   -3034.0333  0.3088 
   00078    0.6038   -3065.6839  0.3176 
   00079    0.6094   -3088.4256  0.3053 
   00080    0.6031   -2986.8460  0.2978 
   00081    0.6319   -2928.4218  0.2797 
   00082    0.6425   -2967.4575  0.2778 
   00083    0.6369   -2970.1074  0.2782 
   00084    0.6050   -2982.7181  0.2882 
   00085    0.6338   -2988.8733  0.2908 
   00086    0.6112   -2986.8435  0.3035 
   00087    0.6381   -2958.7527  0.2998 
   00088    0.6112   -2960.8634  0.3014 
   00089    0.6331   -2944.7368  0.2811 
   00090    0.6031   -3020.0236  0.2645 
   00091    0.6175   -3068.2934  0.2773 
   00092    0.6038   -3016.7778  0.2768 
   00093    0.6225   -3045.4116  0.2762 
   00094    0.6488   -2968.4784  0.2876 
   00095    0.6212   -2975.4229  0.2934 
   00096    0.6125   -3050.5476  0.2927 
   00097    0.6106   -2978.6581  0.3077 
   00098    0.6025   -3116.1599  0.3112 
   00099    0.5975   -3132.0144  0.2921 
   00100    0.5844   -3096.2044  0.2890 
   00101    0.5731   -3110.0082  0.2756 
   00102    0.6100   -3079.8179  0.2841 
   00103    0.5938   -3023.3260  0.2569 
   00104    0.6200   -3050.5941  0.2765 
   00105    0.6156   -3112.9418  0.2820 
   00106    0.5944   -3118.6114  0.2904 
   00107    0.5837   -3098.1631  0.2733 
   00108    0.5994   -3148.4366  0.2597 
   00109    0.5969   -3048.4017  0.2649 
   00110    0.6319   -2982.0558  0.2754 
   00111    0.6131   -3066.8098  0.2704 
   00112    0.6144   -2972.4624  0.2781 
   00113    0.6119   -3065.5896  0.2712 
   00114    0.6338   -3132.5245  0.2724 
   00115    0.6069   -3014.6243  0.2556 
   00116    0.6219   -2990.0407  0.2576 
   00117    0.6200   -3020.4151  0.2658 
   00118    0.6081   -3007.1873  0.2682 
   00119    0.6156   -2953.7805  0.2582 
   00120    0.6275   -2968.0743  0.2611 
   00121    0.6156   -3007.0758  0.2670 
   00122    0.6156   -3101.2327  0.2894 
   00123    0.6094   -3066.2594  0.2699 
   00124    0.5975   -3089.5636  0.2862 
   00125    0.6144   -3130.9377  0.2903 
   00126    0.6175   -3116.3326  0.2855 
   00127    0.6006   -3127.1388  0.3049 
   00128    0.6138   -3018.9630  0.3260 
   00129    0.6150   -3036.2471  0.3442 
   00130    0.6012   -3050.3670  0.3539 
   00131    0.6169   -2993.9578  0.3407 
   00132    0.6031   -2985.8144  0.3305 
   00133    0.6312   -2982.9337  0.3212 
   00134    0.6406   -3002.0104  0.3449 
   00135    0.6138   -3069.0683  0.3632 
   00136    0.5856   -3099.8483  0.3446 
   00137    0.6006   -2966.0026  0.3426 
   00138    0.6050   -2944.4495  0.3235 
   00139    0.6325   -2983.7671  0.3075 
   00140    0.6050   -2967.6903  0.3251 
   00141    0.6381   -3020.9947  0.3092 
   00142    0.6194   -2984.6785  0.3294 
   00143    0.6181   -3021.4212  0.3436 
   00144    0.6275   -2923.8061  0.3344 
   00145    0.6075   -2935.4030  0.3173 
   00146    0.6169   -2869.2337  0.3112 
   00147    0.6275   -3027.3507  0.3019 
   00148    0.6075   -2985.6578  0.2793 
   00149    0.5975   -3021.9270  0.2867 
   00150    0.6138   -2903.1229  0.3065 
   00151    0.6300   -2969.1639  0.3079 
   00152    0.6250   -3039.0734  0.2929 
   00153    0.6094   -2939.8002  0.2886 
   00154    0.6106   -2953.9396  0.2917 
   00155    0.6188   -2939.5228  0.2835 
   00156    0.6350   -2947.2269  0.2695 
   00157    0.6300   -2923.2373  0.2750 
   00158    0.6388   -2978.6058  0.2657 
   00159    0.6175   -3034.9168  0.2575 
   00160    0.6081   -3017.7363  0.2666 
   00161    0.6231   -3033.6549  0.2681 
   00162    0.6050   -3049.6416  0.2738 
   00163    0.5962   -3046.1329  0.2711 
   00164    0.6175   -3047.2599  0.2719 
   00165    0.6169   -3044.5735  0.2808 
   00166    0.6075   -2990.0940  0.2960 
   00167    0.6038   -3027.5480  0.2890 
   00168    0.6100   -2999.6319  0.2858 
   00169    0.6275   -3019.7795  0.2704 
   00170    0.5969   -3091.4965  0.2613 
   00171    0.6081   -3057.3599  0.2828 
   00172    0.6275   -2989.5991  0.2734 
   00173    0.6106   -2968.1717  0.2820 
   00174    0.6288   -3055.4441  0.2723 
   00175    0.6306   -2975.0021  0.2530 
   00176    0.6088   -2946.8438  0.2644 
   00177    0.6188   -2946.4754  0.2678 
   00178    0.6275   -3002.3053  0.2794 
   00179    0.6169   -2968.7940  0.2777 
   00180    0.6112   -3013.9272  0.2863 
   00181    0.6081   -2984.6914  0.2905 
   00182    0.6350   -2957.2661  0.2964 
   00183    0.6062   -3064.8188  0.2835 
   00184    0.6106   -2987.1278  0.2571 
   00185    0.6050   -3066.8263  0.2707 
   00186    0.5906   -3138.0258  0.2799 
   00187    0.5913   -3064.1407  0.3057 
   00188    0.6094   -3043.3352  0.2906 
   00189    0.6012   -3096.2866  0.2882 
   00190    0.6088   -3028.3263  0.2612 
   00191    0.5994   -2982.7568  0.2709 
   00192    0.6006   -3013.9270  0.2949 
   00193    0.6219   -3011.2243  0.3032 
   00194    0.5931   -2986.0081  0.3012 
   00195    0.6075   -2984.4366  0.2975 
   00196    0.6312   -3019.8760  0.2870 
   00197    0.6112   -2956.3947  0.2741 
   00198    0.6212   -3071.9353  0.2831 
   00199    0.6075   -3069.8804  0.2687 
   00200    0.6125   -3063.5887  0.2774 
   00201    0.6212   -3075.6977  0.2625 
   00202    0.6031   -2987.5806  0.2803 
   00203    0.6175   -3049.1578  0.2736 
   00204    0.6125   -2999.1987  0.2805 
   00205    0.6169   -2933.5649  0.2601 
   00206    0.6244   -2945.2986  0.2577 
   00207    0.6162   -2937.2216  0.2608 
   00208    0.6156   -3037.0891  0.2679 
   00209    0.6231   -2983.9525  0.2810 
   00210    0.6031   -3078.3381  0.2905 
   00211    0.6050   -2961.3059  0.2877 
   00212    0.6200   -2988.7760  0.2886 
   00213    0.6194   -3056.0135  0.2926 
   00214    0.6050   -3037.8734  0.2866 
   00215    0.6400   -3042.3960  0.2939 
   00216    0.6181   -3075.8635  0.2980 
   00217    0.6044   -3103.2387  0.2902 
   00218    0.6169   -3087.4000  0.2912 
   00219    0.5906   -3147.4399  0.2952 
   00220    0.5925   -3139.3062  0.2977 
   00221    0.5969   -3137.4401  0.2766 
   00222    0.5900   -3120.1287  0.2782 
   00223    0.6112   -3036.2557  0.2776 
   00224    0.6081   -3104.6187  0.2838 
   00225    0.6438   -3039.3854  0.2886 
   00226    0.6012   -3060.3740  0.2693 
   00227    0.5844   -3127.2981  0.2921 
   00228    0.5975   -3138.3024  0.2948 
   00229    0.6150   -3093.7378  0.2862 
   00230    0.6075   -3005.6495  0.2716 
   00231    0.6031   -3023.6821  0.2760 
   00232    0.6450   -3021.4868  0.2616 
   00233    0.6212   -3071.1282  0.2732 
   00234    0.6206   -2934.7996  0.2831 
   00235    0.6106   -2984.6610  0.2740 
   00236    0.6119   -2985.0266  0.2767 
   00237    0.6200   -2980.5885  0.2678 
   00238    0.6038   -2946.2891  0.2858 
   00239    0.6262   -2935.5132  0.2890 
   00240    0.6312   -2940.5014  0.2952 
   00241    0.6350   -3045.3987  0.2870 
   00242    0.6375   -2971.5040  0.2750 
   00243    0.6238   -2950.1451  0.2706 
   00244    0.6269   -3013.1916  0.2737 
   00245    0.6069   -3119.7755  0.2734 
   00246    0.6006   -3048.4907  0.2617 
   00247    0.5950   -2964.0954  0.2852 
   00248    0.6194   -3030.0310  0.3008 
   00249    0.5906   -2994.8945  0.2916 
   00250    0.6194   -3080.5944  0.2837 
   00251    0.6019   -3040.0904  0.2853 
   00252    0.6381   -2974.3818  0.2624 
   00253    0.6100   -2930.7802  0.2595 
   00254    0.6081   -2958.2119  0.2565 
   00255    0.6044   -2993.2493  0.2743 
   00256    0.6188   -2910.6383  0.2531 
   00257    0.6044   -2907.3147  0.2787 
   00258    0.6469   -2886.6626  0.2699 
   00259    0.6088   -2909.5638  0.2865 
   00260    0.6281   -2886.5239  0.2827 
   00261    0.6362   -2991.7781  0.2652 
   00262    0.6212   -2943.9957  0.2575 
   00263    0.6575   -2975.1614  0.2609 
   00264    0.6362   -3013.0620  0.2739 
   00265    0.6012   -3075.3003  0.2630 
   00266    0.6344   -3087.2745  0.2672 
   00267    0.6138   -3072.7462  0.2770 
   00268    0.6025   -2987.1982  0.2837 
   00269    0.6181   -2901.2043  0.2780 
   00270    0.6356   -3080.1926  0.2719 
   00271    0.6150   -3121.0415  0.2873 
   00272    0.6069   -3070.6541  0.2820 
   00273    0.6050   -3034.2931  0.2744 
   00274    0.6188   -3027.1590  0.2700 
   00275    0.6238   -3054.2511  0.2600 
   00276    0.6250   -3099.8036  0.2915 
   00277    0.5969   -3066.6842  0.2908 
   00278    0.6106   -3058.2091  0.2900 
   00279    0.6381   -3077.5701  0.2848 
   00280    0.5975   -3102.5653  0.2820 
   00281    0.6212   -3056.4574  0.3056 
   00282    0.6050   -2994.3658  0.3060 
   00283    0.6350   -3077.9178  0.3176 
   00284    0.6012   -3127.1072  0.3103 
   00285    0.5919   -3115.5631  0.3088 
   00286    0.6175   -3061.4425  0.3102 
   00287    0.6038   -3085.6468  0.3088 
   00288    0.5925   -3024.2765  0.3265 
   00289    0.6088   -3025.1013  0.3408 
   00290    0.6106   -3030.8273  0.3192 
   00291    0.6156   -2983.0012  0.3244 
   00292    0.6275   -2954.5532  0.3018 
   00293    0.6150   -2932.9320  0.3119 
   00294    0.6194   -3003.2913  0.3074 
   00295    0.6188   -2959.9069  0.3104 
   00296    0.6094   -2994.4711  0.2962 
   00297    0.6194   -2874.4314  0.2742 
   00298    0.6412   -2902.7715  0.2601 
   00299    0.6288   -3000.1491  0.2690 
   00300    0.6175   -3075.8630  0.2770 
   00301    0.5813   -3118.9224  0.2764 
   00302    0.5856   -3037.0035  0.2759 
   00303    0.6138   -3081.0511  0.2786 
   00304    0.6250   -3080.0063  0.2775 
   00305    0.6238   -3112.4439  0.2840 
   00306    0.5850   -3205.2165  0.2806 
   00307    0.6112   -3128.9554  0.2925 
   00308    0.5894   -3129.5182  0.2856 
   00309    0.6088   -3037.8669  0.2778 
   00310    0.5975   -3076.6065  0.2821 
   00311    0.6444   -3011.1061  0.3019 
   00312    0.6262   -3103.8275  0.3182 
   00313    0.6006   -3113.8018  0.3133 
   00314    0.6075   -3113.5425  0.2981 
   00315    0.6162   -2983.4813  0.2978 
   00316    0.6094   -3034.3211  0.2991 
   00317    0.6044   -2999.7236  0.2764 
   00318    0.6138   -3026.5170  0.2648 
   00319    0.6244   -3031.1469  0.2723 
   00320    0.5894   -3166.3074  0.2653 
   00321    0.5938   -3184.0710  0.2629 
   00322    0.5938   -3103.2147  0.2617 
   00323    0.5969   -3100.1340  0.2570 
   00324    0.6169   -2968.2055  0.2536 
   00325    0.6056   -3031.9749  0.2647 
   00326    0.6069   -3004.6848  0.2686 
   00327    0.6069   -3054.9378  0.2821 
   00328    0.5981   -3033.5009  0.3060 
   00329    0.6175   -3086.1458  0.2909 
   00330    0.6062   -3127.1328  0.3047 
   00331    0.6144   -3100.7446  0.3263 
   00332    0.6206   -3116.7731  0.3079 
   00333    0.6000   -3149.6827  0.3094 
   00334    0.5925   -3154.1933  0.3076 
   00335    0.6200   -3172.8765  0.3024 
   00336    0.5881   -3002.0840  0.3164 
   00337    0.6181   -3042.8126  0.3024 
   00338    0.6056   -3030.6069  0.2822 
   00339    0.6212   -2970.1621  0.2596 
   00340    0.6162   -2995.0614  0.2601 
   00341    0.6144   -3065.4969  0.2904 
   00342    0.5900   -3087.5953  0.2933 
   00343    0.6088   -3077.7857  0.2973 
   00344    0.5731   -3145.1413  0.2790 
   00345    0.6162   -3047.0988  0.2830 
   00346    0.6069   -2974.9446  0.2715 
   00347    0.6194   -2969.9299  0.2817 
   00348    0.6319   -2896.0170  0.2911 
   00349    0.6294   -2907.8280  0.2895 
   00350    0.6400   -2935.5426  0.2965 
   00351    0.6094   -2902.7411  0.3015 
   00352    0.6325   -3016.6075  0.3286 
   00353    0.6312   -2925.8846  0.3432 
   00354    0.6312   -3014.5706  0.3145 
   00355    0.6331   -3027.5435  0.3104 
   00356    0.6356   -3016.3298  0.2903 
   00357    0.5956   -3029.6738  0.2872 
   00358    0.6225   -3041.7118  0.2853 
   00359    0.6206   -3006.8448  0.2728 
   00360    0.5988   -3017.0544  0.2861 
   00361    0.5962   -2991.8959  0.2745 
   00362    0.6094   -3068.3922  0.2839 
   00363    0.6319   -3055.1437  0.2905 
   00364    0.6094   -3079.3583  0.3177 
   00365    0.6181   -3093.7482  0.3308 
   00366    0.6088   -3044.2138  0.3302 
   00367    0.5981   -3102.2149  0.3255 
   00368    0.6044   -3165.0325  0.3229 
   00369    0.6106   -3149.8039  0.3190 
   00370    0.5900   -3151.6837  0.2945 
   00371    0.5956   -3001.6626  0.2894 
   00372    0.5887   -3045.6606  0.2841 
   00373    0.5906   -3051.1396  0.2898 
   00374    0.6256   -3129.7262  0.3109 
   00375    0.5800   -3086.5475  0.3033 
   00376    0.6038   -3157.4484  0.3099 
   00377    0.5988   -3111.5568  0.2972 
   00378    0.6012   -3125.4636  0.2763 
   00379    0.5875   -3043.4292  0.2803 
   00380    0.6031   -2972.2058  0.2782 
   00381    0.6319   -3000.6973  0.2967 
   00382    0.6356   -2982.9274  0.2716 
   00383    0.6200   -3023.4949  0.2782 
   00384    0.6294   -2950.7564  0.2677 
   00385    0.6331   -2998.6326  0.2599 
   00386    0.6169   -2992.3587  0.2667 
   00387    0.6244   -3029.5385  0.2757 
   00388    0.6175   -3009.6955  0.2799 
   00389    0.6381   -3051.7855  0.2900 
   00390    0.5969   -3121.9987  0.2795 
   00391    0.5969   -3082.1134  0.2863 
   00392    0.5994   -3013.7769  0.2705 
   00393    0.6250   -3033.4933  0.2613 
   00394    0.5919   -3100.3071  0.2783 
   00395    0.6025   -3037.5458  0.2729 
   00396    0.6038   -3111.8763  0.2592 
   00397    0.6175   -3086.5093  0.2677 
   00398    0.6175   -2990.8318  0.2638 
   00399    0.6175   -3036.6435  0.2833 
   00400    0.6069   -3156.0531  0.2833 
   00401    0.6019   -3069.5289  0.2846 
   00402    0.5944   -3116.1454  0.2874 
   00403    0.6225   -3092.7394  0.2986 
   00404    0.6050   -3050.1000  0.2882 
   00405    0.6238   -3063.9303  0.2894 
   00406    0.6262   -2989.1292  0.2710 
   00407    0.6175   -3079.2622  0.2682 
   00408    0.6119   -3148.3423  0.2578 
   00409    0.6219   -3158.2398  0.2621 
   00410    0.6088   -3089.5773  0.2572 
   00411    0.6038   -3048.1689  0.2790 
   00412    0.6269   -3065.9635  0.2743 
   00413    0.6069   -2993.6210  0.2738 
   00414    0.6244   -2982.1631  0.2751 
   00415    0.6019   -3021.7341  0.3050 
   00416    0.6119   -3047.9616  0.3074 
   00417    0.6144   -3002.8226  0.2975 
   00418    0.6275   -2921.3068  0.2935 
   00419    0.6056   -2880.0428  0.2892 
   00420    0.6250   -2866.3243  0.2836 
   00421    0.6425   -2870.3860  0.2534 
   00422    0.6288   -2811.1454  0.2560 
   00423    0.6019   -2883.6029  0.2567 
   00424    0.6238   -2916.6699  0.2608 
   00425    0.6125   -2864.4505  0.2666 
   00426    0.6225   -3060.6846  0.2698 
   00427    0.5969   -3050.1517  0.2742 
   00428    0.6212   -2947.1560  0.2726 
   00429    0.5975   -3064.3567  0.2800 
   00430    0.6112   -3014.2387  0.2719 
   00431    0.6069   -3105.0902  0.2636 
   00432    0.6025   -3094.2455  0.2672 
   00433    0.6112   -3149.8684  0.2599 
   00434    0.6025   -3095.6592  0.2653 
   00435    0.6162   -3126.4183  0.2622 
   00436    0.6094   -3056.0563  0.2583 
   00437    0.6056   -3071.8899  0.2676 
   00438    0.6094   -3049.3706  0.2568 
   00439    0.6281   -3107.8669  0.2686 
   00440    0.5844   -3114.0093  0.2704 
   00441    0.6156   -3049.3366  0.2786 
   00442    0.6450   -2954.8161  0.3142 
   00443    0.6362   -3003.8354  0.3352 
   00444    0.6000   -3077.9500  0.3370 
   00445    0.5931   -3065.6173  0.3176 
   00446    0.5837   -3095.3032  0.3171 
   00447    0.5800   -3071.0919  0.3093 
   00448    0.5938   -3184.4169  0.3238 
   00449    0.5944   -3136.6721  0.3018 
   00450    0.5881   -3087.9317  0.3084 
   00451    0.6150   -3052.0229  0.3287 
   00452    0.6362   -3115.7986  0.3321 
   00453    0.6388   -3037.6787  0.3130 
   00454    0.6312   -2929.6905  0.3136 
   00455    0.6325   -2863.5648  0.3290 
   00456    0.6138   -3032.8150  0.3207 
   00457    0.6025   -3088.5843  0.3281 
   00458    0.6144   -3108.0170  0.3197 
   00459    0.6138   -3098.1105  0.3181 
   00460    0.6212   -3087.6935  0.3174 
   00461    0.6094   -2991.8537  0.3170 
   00462    0.6131   -3053.3565  0.2955 
   00463    0.5969   -3059.2594  0.2964 
   00464    0.6238   -2975.6050  0.2836 
   00465    0.6144   -3043.2299  0.2805 
   00466    0.6206   -2996.6406  0.2774 
   00467    0.5913   -3073.8023  0.2780 
   00468    0.6269   -3033.0312  0.2916 
   00469    0.6150   -3111.7112  0.2950 
   00470    0.5956   -3128.9255  0.2944 
   00471    0.5875   -3137.9416  0.3070 
   00472    0.6081   -3082.5892  0.2922 
   00473    0.6144   -3112.9048  0.2829 
   00474    0.6162   -3094.4887  0.2866 
   00475    0.5800   -3031.0480  0.2847 
   00476    0.6200   -3116.0885  0.2753 
   00477    0.6125   -3052.6579  0.2880 
   00478    0.6244   -3139.4220  0.2768 
   00479    0.6088   -3034.9683  0.2606 
   00480    0.6212   -2962.7213  0.2621 
   00481    0.6050   -3032.0405  0.2639 
   00482    0.6131   -3101.8171  0.2712 
   00483    0.6012   -3042.2694  0.2795 
   00484    0.6262   -3000.7121  0.2768 
   00485    0.6144   -3074.7866  0.2845 
   00486    0.6069   -3037.8304  0.2720 
   00487    0.5944   -3037.7983  0.2666 
   00488    0.6212   -2994.9152  0.2721 
   00489    0.6038   -3109.5094  0.2892 
   00490    0.6131   -3013.1264  0.2877 
   00491    0.5994   -3072.9135  0.2669 
   00492    0.6200   -3021.2401  0.2896 
   00493    0.6044   -3069.7930  0.3054 
   00494    0.6281   -3000.3408  0.2934 
   00495    0.6019   -3036.3141  0.2872 
   00496    0.6388   -2968.0529  0.2641 
   00497    0.6188   -3105.9525  0.2734 
   00498    0.6019   -3079.3073  0.2645 
   00499    0.6238   -3039.1303  0.2596 
   00500    0.6025   -3103.6188  0.2648 
   00501    0.6100   -3145.1522  0.2701 
   00502    0.6194   -3109.4068  0.2542 
   00503    0.6212   -3092.9384  0.2659 
   00504    0.6031   -3074.8740  0.2531 
   00505    0.6156   -2990.7072  0.2682 
   00506    0.6244   -3048.4466  0.2663 
   00507    0.5994   -3141.2125  0.2712 
   00508    0.6019   -3053.8099  0.2878 
   00509    0.6162   -3013.0478  0.2978 
   00510    0.6019   -3017.5768  0.2911 
   00511    0.6356   -3019.0033  0.2982 
   00512    0.6100   -2928.1338  0.2813 
   00513    0.6200   -2920.6906  0.2734 
   00514    0.6281   -2972.9124  0.2652 
   00515    0.6331   -2921.2647  0.2794 
   00516    0.6238   -2969.6200  0.2779 
   00517    0.6431   -2987.9027  0.2589 
   00518    0.6225   -2915.5110  0.2681 
   00519    0.6262   -2966.6190  0.2564 
   00520    0.6175   -3033.3910  0.2542 
   00521    0.6125   -3033.8136  0.2627 
   00522    0.6088   -2970.7523  0.2683 
   00523    0.6244   -3040.6943  0.2875 
   00524    0.6119   -3021.3463  0.2856 
   00525    0.6031   -3104.4477  0.2942 
   00526    0.6044   -3098.8242  0.2892 
   00527    0.6025   -3081.9791  0.3227 
   00528    0.6031   -3085.7668  0.3067 
   00529    0.6044   -2981.9170  0.3121 
   00530    0.5950   -2964.2003  0.2958 
   00531    0.6194   -2882.2398  0.2848 
   00532    0.6238   -2951.6792  0.3124 
   00533    0.6131   -3057.9510  0.3235 
   00534    0.6088   -3127.7449  0.3246 
   00535    0.6025   -2971.5001  0.3417 
   00536    0.6225   -3089.8293  0.3464 
   00537    0.6294   -3080.9924  0.3699 
   00538    0.6244   -3083.5444  0.3395 
   00539    0.5981   -3147.7701  0.3372 
   00540    0.6119   -3107.1737  0.3238 
   00541    0.5900   -3097.3110  0.3280 
   00542    0.6294   -3028.4445  0.3458 
   00543    0.6250   -3000.5837  0.3312 
   00544    0.6288   -3001.5933  0.3025 
   00545    0.6219   -2968.5501  0.2703 
   00546    0.6269   -2949.6415  0.2681 
   00547    0.6219   -3051.1212  0.2845 
   00548    0.5944   -3156.1258  0.2674 
   00549    0.6025   -3091.0862  0.2854 
   00550    0.6012   -3109.6353  0.3019 
   00551    0.6294   -3125.4504  0.3196 
   00552    0.6206   -3107.4102  0.3104 
   00553    0.5994   -3037.5322  0.2927 
   00554    0.6188   -3020.4341  0.2977 
   00555    0.6450   -3040.8688  0.2942 
   00556    0.6050   -3044.5645  0.2864 
   00557    0.6069   -3015.1332  0.2994 
   00558    0.6112   -3069.4972  0.2942 
   00559    0.5938   -3184.1718  0.3018 
   00560    0.5956   -3008.1762  0.2840 
   00561    0.6231   -3021.9098  0.2910 
   00562    0.6056   -3104.1227  0.2765 
   00563    0.6162   -3043.5747  0.2796 
   00564    0.6144   -3008.4442  0.2791 
   00565    0.6119   -3026.0833  0.2938 
   00566    0.6081   -3073.2413  0.2951 
   00567    0.6075   -3075.1467  0.2971 
   00568    0.6162   -2977.6900  0.3170 
   00569    0.6056   -2950.3988  0.3034 
   00570    0.6175   -2957.6295  0.2825 
   00571    0.6325   -2974.2243  0.2670 
   00572    0.6169   -2931.8141  0.2610 
   00573    0.6088   -2950.8709  0.2645 
   00574    0.6275   -2907.0513  0.2583 
   00575    0.6044   -2937.6074  0.2868 
   00576    0.6038   -2983.5884  0.2982 
   00577    0.6075   -3084.0363  0.3092 
   00578    0.6175   -3123.9171  0.3036 
   00579    0.6194   -3040.9483  0.2985 
   00580    0.6100   -2950.7339  0.2820 
   00581    0.6181   -3019.5752  0.2918 
   00582    0.5900   -3022.6405  0.2681 
   00583    0.6212   -2984.5159  0.2721 
   00584    0.6262   -2916.2970  0.2633 
   00585    0.6281   -2980.2007  0.2584 
   00586    0.6238   -3030.1681  0.2705 
   00587    0.6075   -2902.1191  0.2863 
   00588    0.6238   -2962.2182  0.2949 
   00589    0.6062   -3057.0808  0.2921 
   00590    0.6200   -2995.9448  0.2958 
   00591    0.6069   -3024.5074  0.2995 
   00592    0.6119   -3047.7910  0.3092 
   00593    0.6138   -3011.8152  0.3065 
   00594    0.6150   -2992.5177  0.3173 
   00595    0.6100   -3002.0392  0.3022 
   00596    0.6044   -3166.0229  0.3148 
   00597    0.5844   -3168.0856  0.3083 
   00598    0.5931   -3127.5947  0.2824 
   00599    0.5869   -3066.6236  0.2836 
   00600    0.5981   -3076.8727  0.2670 
   00601    0.6138   -3003.0117  0.2920 
   00602    0.5875   -3093.9145  0.2788 
   00603    0.6112   -3075.7722  0.2703 
   00604    0.6081   -3132.4153  0.2539 
   00605    0.5944   -3110.1757  0.2761 
   00606    0.6025   -3042.2304  0.2853 
   00607    0.6312   -3071.1823  0.2938 
   00608    0.5994   -3116.9549  0.3082 
   00609    0.5975   -3102.3481  0.3039 
   00610    0.5962   -3096.9796  0.3107 
   00611    0.5887   -3114.7261  0.3031 
   00612    0.6175   -3029.7569  0.2961 
   00613    0.6000   -3050.5966  0.2763 
   00614    0.6050   -3069.9960  0.2893 
   00615    0.6056   -3040.8441  0.2878 
   00616    0.6000   -2980.8556  0.2873 
   00617    0.5850   -3095.3211  0.2709 
   00618    0.6256   -3013.3207  0.2768 
   00619    0.6294   -3072.9972  0.2921 
   00620    0.6250   -3063.3434  0.2795 
   00621    0.6306   -2953.4369  0.2676 
   00622    0.6312   -2976.8440  0.2746 
   00623    0.5988   -2985.0051  0.2713 
   00624    0.6344   -2971.6420  0.2751 
   00625    0.6175   -3023.6487  0.2896 
   00626    0.5981   -3002.0032  0.2839 
   00627    0.6050   -2948.8742  0.2967 
   00628    0.6381   -3011.2713  0.2777 
   00629    0.6062   -3076.6550  0.2809 
   00630    0.6469   -2991.5279  0.3033 
   00631    0.6319   -3033.3704  0.2994 
   00632    0.6069   -3090.1331  0.3064 
   00633    0.6169   -3030.2415  0.2999 
   00634    0.6181   -3040.3329  0.2949 
   00635    0.6175   -3120.6050  0.3119 
   00636    0.6162   -3028.7764  0.3179 
   00637    0.6256   -2986.4463  0.2775 
   00638    0.6062   -3014.7027  0.2806 
   00639    0.6325   -3015.9551  0.2799 
   00640    0.6094   -3074.5732  0.2794 
   00641    0.6150   -3047.7086  0.3051 
   00642    0.6075   -3119.6462  0.3087 
   00643    0.6000   -3066.2816  0.2977 
   00644    0.6006   -3013.8175  0.2969 
   00645    0.6106   -2992.0661  0.2940 
   00646    0.6288   -2963.7650  0.3083 
   00647    0.6356   -2972.5225  0.2988 
   00648    0.6531   -2952.5597  0.2986 
   00649    0.6044   -2982.0071  0.2674 
   00650    0.6188   -3001.0359  0.2857 
   00651    0.6306   -3074.2332  0.2896 
   00652    0.5944   -3007.3445  0.2704 
   00653    0.6144   -2966.7683  0.2842 
   00654    0.6194   -2994.6832  0.2657 
   00655    0.6256   -2969.4698  0.2620 
   00656    0.6225   -2963.4714  0.2809 
   00657    0.6288   -2958.3229  0.2818 
   00658    0.6119   -3002.3431  0.2690 
   00659    0.6088   -3065.1002  0.2961 
   00660    0.6169   -3023.5239  0.3034 
   00661    0.6300   -2997.8334  0.3021 
   00662    0.6125   -3000.3879  0.3110 
   00663    0.6056   -3003.5106  0.2991 
   00664    0.6125   -3054.3931  0.2789 
   00665    0.5956   -3117.7411  0.2690 
   00666    0.6000   -3157.0640  0.2754 
   00667    0.6262   -3097.1473  0.2625 
   00668    0.5994   -3112.2217  0.2726 
   00669    0.6112   -3077.1216  0.2591 
   00670    0.6025   -3084.9014  0.2853 
   00671    0.6106   -3045.7530  0.2843 
   00672    0.6088   -2926.2345  0.2701 
   00673    0.6250   -2932.2874  0.2775 
   00674    0.6125   -2850.9511  0.2988 
   00675    0.6412   -2833.8030  0.2802 
   00676    0.6225   -2859.9528  0.2596 
   00677    0.6400   -2860.8640  0.2696 
   00678    0.6281   -2949.2963  0.2723 
   00679    0.6212   -2923.8191  0.2818 
   00680    0.6188   -3010.3427  0.2633 
   00681    0.6400   -3001.9033  0.2612 
   00682    0.6069   -2977.0903  0.2675 
   00683    0.6225   -2992.3314  0.2767 
   00684    0.6094   -3059.4114  0.2912 
   00685    0.6094   -2998.4210  0.2985 
   00686    0.6125   -2965.7508  0.3193 
   00687    0.6038   -3010.6184  0.3085 
   00688    0.6244   -2929.7139  0.2939 
   00689    0.6312   -2989.6657  0.2970 
   00690    0.6131   -3019.8230  0.2909 
   00691    0.6169   -3063.2537  0.2722 
   00692    0.5844   -3059.2997  0.2693 
   00693    0.6019   -3064.0845  0.2574 
   00694    0.6119   -3047.6770  0.2628 
   00695    0.5938   -3014.1548  0.2735 
   00696    0.6206   -2963.1821  0.2744 
   00697    0.6438   -2982.3550  0.2699 
   00698    0.6206   -2990.5039  0.2611 
   00699    0.6144   -3054.8784  0.2796 
   00700    0.6219   -3016.0383  0.2720 
   00701    0.6081   -3061.2230  0.2843 
   00702    0.6262   -3071.5608  0.3108 
   00703    0.6125   -2948.1768  0.3099 
   00704    0.6525   -2911.0992  0.3020 
   00705    0.6119   -3015.8936  0.3202 
   00706    0.6350   -3025.2249  0.3289 
   00707    0.6094   -3084.5446  0.3114 
   00708    0.6400   -3077.1971  0.2978 
   00709    0.6188   -2970.1948  0.2876 
   00710    0.6425   -2933.7049  0.2741 
   00711    0.6288   -3036.4301  0.2728 
   00712    0.6225   -3017.3485  0.2760 
   00713    0.6162   -2988.9819  0.2745 
   00714    0.5938   -2965.4099  0.2869 
   00715    0.6069   -3049.1592  0.2692 
   00716    0.6200   -3016.0398  0.2829 
   00717    0.6275   -3003.9590  0.2583 
   00718    0.6300   -3018.6722  0.2721 
   00719    0.6356   -2975.1603  0.2664 
   00720    0.6262   -2928.0471  0.2700 
   00721    0.6081   -3032.8609  0.2630 
   00722    0.6206   -2998.2860  0.2600 
   00723    0.6294   -2993.3500  0.2694 
   00724    0.6256   -2958.7528  0.2789 
   00725    0.6125   -3097.1798  0.2749 
   00726    0.6056   -2955.2459  0.2693 
   00727    0.6081   -3022.0018  0.2860 
   00728    0.6344   -3103.9718  0.3067 
   00729    0.6506   -3025.2223  0.2996 
   00730    0.6212   -3036.8438  0.2770 
   00731    0.6175   -3014.4203  0.2871 
   00732    0.6194   -3068.5746  0.2880 
   00733    0.6288   -3057.9336  0.2953 
   00734    0.6162   -3001.3431  0.3187 
   00735    0.6031   -2962.3718  0.3158 
   00736    0.6200   -3033.5093  0.3143 
   00737    0.6156   -3046.7886  0.3163 
   00738    0.6169   -3032.2250  0.3299 
   00739    0.6338   -2977.3145  0.3149 
   00740    0.6106   -2917.5499  0.3147 
   00741    0.6219   -2996.5888  0.2933 
   00742    0.6319   -2868.1417  0.3063 
   00743    0.6281   -2971.3595  0.3293 
   00744    0.6075   -3073.4087  0.3123 
   00745    0.6050   -3079.2878  0.2843 
   00746    0.5825   -2994.1212  0.2643 
   00747    0.5994   -2986.3062  0.2703 
   00748    0.6169   -2989.9250  0.2802 
   00749    0.6088   -2954.5965  0.2970 
   00750    0.6100   -2900.1385  0.3156 
   00751    0.6212   -3040.9031  0.3134 
   00752    0.6369   -2984.7580  0.3075 
   00753    0.6212   -3026.1364  0.3041 
   00754    0.6262   -3003.4148  0.2997 
   00755    0.6069   -2956.2495  0.2920 
   00756    0.6338   -2968.1427  0.3107 
   00757    0.5900   -2926.9074  0.3124 
   00758    0.6238   -3006.7445  0.3162 
   00759    0.6112   -3066.9787  0.3233 
   00760    0.6281   -3056.3259  0.3357 
   00761    0.6306   -3112.0247  0.3229 
   00762    0.6012   -3107.2085  0.3233 
   00763    0.6019   -3151.9812  0.3270 
   00764    0.5913   -3176.0419  0.3323 
   00765    0.6062   -3054.1281  0.3252 
   00766    0.6062   -3053.7426  0.3175 
   00767    0.6275   -3066.3486  0.3265 
   00768    0.6056   -3074.9946  0.3229 
   00769    0.6362   -3007.5524  0.3217 
   00770    0.6238   -3068.2175  0.3061 
   00771    0.6212   -3016.6156  0.3260 
   00772    0.5988   -3019.4734  0.3083 
   00773    0.6194   -3147.5238  0.2983 
   00774    0.6212   -3037.6792  0.2969 
   00775    0.6162   -3059.5737  0.3184 
   00776    0.6125   -3114.7442  0.3009 
   00777    0.6106   -3073.0439  0.2964 
   00778    0.6312   -2972.9800  0.2884 
   00779    0.6144   -3035.5350  0.3197 
   00780    0.6419   -2939.9552  0.3270 
   00781    0.6350   -2995.4236  0.3096 
   00782    0.6025   -3027.3096  0.3125 
   00783    0.5931   -3017.9833  0.3316 
   00784    0.5975   -3091.8601  0.3223 
   00785    0.6100   -3120.1799  0.3123 
   00786    0.6181   -3062.0487  0.3235 
   00787    0.6062   -3070.5095  0.3157 
   00788    0.5969   -3065.3030  0.3186 
   00789    0.6212   -3055.8399  0.3102 
   00790    0.6119   -3026.6263  0.3303 
   00791    0.5956   -3002.4955  0.3125 
   00792    0.6412   -2876.4431  0.3215 
   00793    0.6325   -2857.6653  0.3233 
   00794    0.6175   -2931.5564  0.3156 
   00795    0.6119   -2980.9866  0.3141 
   00796    0.6012   -2983.8570  0.2855 
   00797    0.6156   -2959.2705  0.2861 
   00798    0.6206   -2891.8354  0.2966 
   00799    0.6238   -3015.7832  0.3152 
   00800    0.6062   -3036.9700  0.3252 
   00801    0.6431   -3011.7828  0.3261 
   00802    0.6075   -2992.5811  0.3315 
   00803    0.6288   -2936.0751  0.3282 
   00804    0.6325   -3077.3700  0.3337 
   00805    0.5956   -3072.1802  0.3208 
   00806    0.6069   -3018.0592  0.3194 
   00807    0.6331   -2904.4501  0.3043 
   00808    0.6156   -2996.4150  0.2966 
   00809    0.6119   -3129.8520  0.2940 
   00810    0.5931   -3068.9720  0.2745 
   00811    0.6250   -3086.2709  0.2632 
   00812    0.6188   -3104.0717  0.2713 
   00813    0.6331   -3064.3016  0.2667 
   00814    0.6175   -3070.0901  0.2573 
   00815    0.5975   -3088.0903  0.2744 
   00816    0.6225   -3006.7730  0.2824 
   00817    0.5962   -3031.2661  0.2700 
   00818    0.6238   -3055.7144  0.2737 
   00819    0.6225   -3067.8593  0.2624 
   00820    0.6188   -2959.7186  0.2829 
   00821    0.6138   -3027.6441  0.2926 
   00822    0.6319   -3005.6786  0.3074 
   00823    0.6075   -3054.5417  0.3119 
   00824    0.5994   -3096.7717  0.3119 
   00825    0.6150   -3171.7985  0.3151 
   00826    0.6156   -3127.3984  0.3040 
   00827    0.6294   -3040.3783  0.3029 
   00828    0.6175   -3084.6585  0.2943 
   00829    0.6112   -3061.7282  0.2901 
   00830    0.6094   -3118.5975  0.2818 
   00831    0.6200   -3094.2497  0.2722 
   00832    0.5881   -3078.8956  0.2974 
   00833    0.6244   -2937.1183  0.3014 
   00834    0.6288   -2992.9800  0.2856 
   00835    0.6044   -3049.6561  0.2769 
   00836    0.6144   -3051.2254  0.2875 
   00837    0.6275   -3099.1542  0.2821 
   00838    0.6150   -3067.4930  0.2735 
   00839    0.5981   -3083.1252  0.2891 
   00840    0.6394   -3011.9989  0.2933 
   00841    0.6306   -3067.0031  0.2784 
   00842    0.6181   -3102.7430  0.2660 
   00843    0.6369   -3078.9367  0.2634 
   00844    0.6306   -3057.7907  0.2551 
   00845    0.6188   -3022.3104  0.2564 
   00846    0.6312   -2924.8101  0.2652 
   00847    0.6369   -2897.9139  0.2595 
   00848    0.6169   -2882.7062  0.2635 
   00849    0.6181   -3059.1717  0.2861 
   00850    0.5988   -3039.2745  0.2699 
   00851    0.6100   -3004.1516  0.2730 
   00852    0.6100   -3014.5762  0.2739 
   00853    0.6119   -3070.6546  0.2880 
   00854    0.6119   -3084.3232  0.2634 
   00855    0.6206   -3169.2817  0.2705 
   00856    0.5988   -3082.7377  0.2652 
   00857    0.6275   -3058.1060  0.2563 
   00858    0.6150   -2997.3361  0.2692 
   00859    0.6212   -2993.5274  0.2910 
   00860    0.5913   -2860.1795  0.2729 
   00861    0.6400   -2846.5403  0.2834 
   00862    0.6419   -2914.7482  0.2693 
   00863    0.6225   -2899.4822  0.2657 
   00864    0.6444   -2972.0165  0.2636 
   00865    0.6281   -2940.1849  0.2639 
   00866    0.6462   -2963.6184  0.2727 
   00867    0.6419   -2900.1690  0.2869 
   00868    0.6212   -2916.7292  0.2717 
   00869    0.6350   -3050.5954  0.3049 
   00870    0.6138   -3009.7710  0.2815 
   00871    0.6275   -3002.1370  0.2813 
   00872    0.6175   -2963.6956  0.2892 
   00873    0.6275   -3009.3469  0.3021 
   00874    0.6394   -3038.2505  0.3001 
   00875    0.6119   -3002.1184  0.3078 
   00876    0.6188   -2909.2520  0.3250 
   00877    0.6306   -3010.7438  0.2935 
   00878    0.6219   -3025.2148  0.2959 
   00879    0.6256   -3034.1999  0.2941 
   00880    0.6281   -3035.7042  0.2898 
   00881    0.6175   -2992.4072  0.2881 
   00882    0.6044   -2983.5224  0.2668 
   00883    0.6044   -2975.8548  0.2735 
   00884    0.6169   -3013.0817  0.2827 
   00885    0.6144   -3032.1229  0.2710 
   00886    0.6225   -3056.0684  0.2656 
   00887    0.6344   -2996.3050  0.2677 
   00888    0.6238   -2997.6849  0.2601 
   00889    0.5787   -3123.4661  0.2686 
   00890    0.6250   -2955.3650  0.2743 
   00891    0.6194   -3099.6109  0.2685 
   00892    0.6281   -3044.9559  0.2667 
   00893    0.6069   -3100.9144  0.2826 
   00894    0.6375   -3087.5288  0.2692 
   00895    0.6012   -3051.3670  0.2629 
   00896    0.6119   -3115.9913  0.2840 
   00897    0.5750   -3040.7655  0.2924 
   00898    0.6238   -2977.6828  0.2822 
   00899    0.6162   -3027.2666  0.2763 
   00900    0.6112   -2969.9114  0.2654 
   00901    0.6381   -2938.1757  0.2632 
   00902    0.6400   -2931.0318  0.2682 
   00903    0.6256   -2994.3691  0.2658 
   00904    0.6400   -2960.1359  0.2842 
   00905    0.6112   -2909.6428  0.2721 
   00906    0.6450   -2926.9287  0.2773 
   00907    0.6012   -2974.1661  0.2780 
   00908    0.6225   -2876.8203  0.2767 
   00909    0.6306   -2903.7764  0.2833 
   00910    0.6488   -2964.2251  0.2791 
   00911    0.6156   -2920.5108  0.2980 
   00912    0.6319   -3067.6217  0.3003 
   00913    0.6162   -3051.7710  0.2889 
   00914    0.6394   -3059.1075  0.2853 
   00915    0.6150   -3061.5293  0.2712 
   00916    0.6206   -2995.9818  0.2693 
   00917    0.6125   -2961.9930  0.2685 
   00918    0.6206   -2873.6465  0.2645 
   00919    0.6556   -2828.6665  0.2513 
   00920    0.6206   -2904.6131  0.2596 
   00921    0.6556   -2883.3613  0.2832 
   00922    0.6231   -2998.7069  0.2960 
   00923    0.6006   -2988.0950  0.3026 
   00924    0.6075   -3068.7587  0.2935 
   00925    0.5913   -3057.7501  0.3010 
   00926    0.6138   -3022.8999  0.3074 
   00927    0.6138   -3037.9851  0.2908 
   00928    0.6125   -3061.0468  0.3070 
   00929    0.6319   -3071.4278  0.3054 
   00930    0.6169   -3120.0818  0.2984 
   00931    0.6038   -3067.0903  0.3183 
   00932    0.6194   -3052.7510  0.3062 
   00933    0.6050   -3034.6817  0.3094 
   00934    0.6062   -2947.3590  0.2949 
   00935    0.6144   -3055.6294  0.2969 
   00936    0.5975   -2951.9686  0.3029 
   00937    0.6169   -3082.2525  0.2867 
   00938    0.5962   -3124.3699  0.2973 
   00939    0.6106   -3139.1647  0.2929 
   00940    0.5837   -3159.9597  0.3069 
   00941    0.6031   -3124.3246  0.2908 
   00942    0.6025   -3012.8293  0.2819 
   00943    0.6162   -3129.9220  0.2874 
   00944    0.6262   -3063.0719  0.2825 
   00945    0.6062   -3039.0224  0.2699 
   00946    0.6306   -3042.0992  0.2761 
   00947    0.5894   -3227.4303  0.2784 
   00948    0.5806   -3111.5786  0.2944 
   00949    0.6350   -3165.9639  0.2890 
   00950    0.6188   -3110.1367  0.3071 
   00951    0.5925   -3126.4611  0.2946 
   00952    0.6094   -3068.0379  0.2937 
   00953    0.6062   -2987.5862  0.2772 
   00954    0.6138   -3013.8320  0.2697 
   00955    0.5850   -2945.7001  0.2659 
   00956    0.6131   -3031.8237  0.2660 
   00957    0.6150   -3088.9678  0.2731 
   00958    0.6188   -3134.4502  0.2616 
   00959    0.6094   -3035.9755  0.2779 
   00960    0.6244   -3104.6711  0.2884 
   00961    0.6062   -3091.6952  0.2963 
   00962    0.6069   -3126.3258  0.3199 
   00963    0.6062   -3105.9120  0.3043 
   00964    0.5856   -3087.6762  0.2994 
   00965    0.5931   -3077.6177  0.3059 
   00966    0.6000   -3094.3160  0.2984 
   00967    0.6112   -3067.6598  0.2937 
   00968    0.6044   -3116.9685  0.2884 
   00969    0.6025   -3002.0701  0.2639 
   00970    0.5962   -3017.1266  0.2583 
   00971    0.5962   -3028.9357  0.2759 
   00972    0.6162   -3048.5383  0.2654 
   00973    0.6219   -2949.8729  0.2573 
   00974    0.6338   -2951.3872  0.2673 
   00975    0.6325   -3002.1679  0.2593 
   00976    0.6150   -3020.4480  0.2734 
   00977    0.6225   -3052.3665  0.2804 
   00978    0.6012   -3005.3183  0.2753 
   00979    0.6288   -2989.8869  0.2819 
   00980    0.6206   -3007.8657  0.2851 
   00981    0.6062   -3090.7876  0.2625 
   00982    0.6219   -3013.4185  0.2803 
   00983    0.6256   -2977.3718  0.2778 
   00984    0.6262   -3049.4268  0.2728 
   00985    0.6344   -2997.9787  0.2663 
   00986    0.6281   -2948.5437  0.2846 
   00987    0.6369   -2933.6853  0.2636 
   00988    0.6362   -2972.3758  0.2647 
   00989    0.6312   -2966.3557  0.2645 
   00990    0.6294   -2997.3882  0.2654 
   00991    0.6162   -2977.8675  0.2710 
   00992    0.6069   -3088.6394  0.2908 
   00993    0.6175   -3045.4045  0.2878 
   00994    0.6044   -3109.9825  0.2840 
   00995    0.5975   -3072.3544  0.2885 
   00996    0.6300   -3062.9279  0.2956 
   00997    0.6156   -3040.2176  0.3007 
   00998    0.6188   -3043.8364  0.2877 
   00999    0.5956   -2982.6009  0.2777 
   01000    0.6112   -2919.1243  0.2909 
