#=====================================================
# File created:        Tue-07-Nov-2023-at-04-12-14PM
# Size of lattice:     80x80
# Number of MC steps:  1000
# Reduced temperature: 1.000
# Run time (s):        311.576499
#=====================================================
# MC step:  Ratio:     Energy:   Order:
#=====================================================
   00000    0.5000   -6415.5597  0.2642 
   00001    0.6956   -9484.2748  0.2690 
   00002    0.6441  -11129.9918  0.2743 
   00003    0.6033  -12104.6330  0.2697 
   00004    0.5717  -12744.7626  0.2632 
   00005    0.5614  -13105.8065  0.2620 
   00006    0.5413  -13600.9664  0.2629 
   00007    0.5292  -13922.0135  0.2607 
   00008    0.5203  -14038.6998  0.2601 
   00009    0.5236  -14339.7949  0.2626 
   00010    0.5269  -14353.9832  0.2591 
   00011    0.5114  -14429.1117  0.2559 
   00012    0.5134  -14558.3563  0.2556 
   00013    0.5083  -14640.5751  0.2541 
   00014    0.5091  -14866.2434  0.2597 
   00015    0.4869  -15003.7986  0.2705 
   00016    0.4959  -14887.1166  0.2684 
   00017    0.4972  -14864.2858  0.2698 
   00018    0.5039  -14841.4829  0.2683 
   00019    0.5086  -14872.9998  0.2669 
   00020    0.5011  -14948.3452  0.2607 
   00021    0.5131  -14804.5904  0.2660 
   00022    0.4970  -14959.4161  0.2655 
   00023    0.4997  -14893.0478  0.2609 
   00024    0.4975  -14861.8683  0.2725 
   00025    0.4934  -14873.4303  0.2661 
   00026    0.5048  -14897.1155  0.2593 
   00027    0.4920  -15000.5674  0.2526 
   00028    0.4936  -15189.9153  0.2685 
   00029    0.4919  -15255.7536  0.2725 
   00030    0.4866  -14936.2323  0.2634 
   00031    0.5000  -14759.5564  0.2657 
   00032    0.5027  -14876.7526  0.2702 
   00033    0.4920  -14891.9431  0.2699 
   00034    0.4898  -14928.7800  0.2711 
   00035    0.4917  -14955.3768  0.2741 
   00036    0.4902  -15105.1609  0.2861 
   00037    0.4958  -15101.2602  0.2778 
   00038    0.4841  -14882.9840  0.2736 
   00039    0.5006  -14854.7589  0.2741 
   00040    0.4908  -14866.4876  0.2801 
   00041    0.5039  -14979.4773  0.2799 
   00042    0.4903  -14994.3630  0.2701 
   00043    0.4961  -15166.5624  0.2646 
   00044    0.4978  -15016.0516  0.2688 
   00045    0.4888  -15035.0317  0.2689 
   00046    0.4980  -15059.6188  0.2616 
   00047    0.4853  -15061.1875  0.2527 
   00048    0.5003  -15076.4901  0.2541 
   00049    0.4894  -14964.1595  0.2539 
   00050    0.5017  -14988.7046  0.2573 
   00051    0.4980  -14998.2456  0.2584 
   00052    0.4958  -15147.0280  0.2559 
   00053    0.4859  -15221.6648  0.2585 
   00054    0.4872  -15240.8030  0.2560 
   00055    0.4814  -15325.0174  0.2572 
   00056    0.4831  -15333.6308  0.2563 
   00057    0.4756  -15269.1114  0.2576 
   00058    0.4958  -15143.7868  0.2627 
   00059    0.5008  -14997.5097  0.2649 
   00060    0.4953  -15072.5470  0.2696 
   00061    0.4953  -15176.7264  0.2737 
   00062    0.4917  -15265.9190  0.2712 
   00063    0.4789  -15234.0963  0.2758 
   00064    0.4927  -15110.8718  0.2736 
   00065    0.4875  -15033.4191  0.2802 
   00066    0.4906  -15048.5765  0.2799 
   00067    0.5008  -15125.7422  0.2862 
   00068    0.4995  -15035.3617  0.2888 
   00069    0.5069  -14938.9765  0.2927 
   00070    0.4980  -14960.6171  0.2984 
   00071    0.4922  -15071.9459  0.2978 
   00072    0.4945  -15060.6359  0.2965 
   00073    0.5038  -15079.9540  0.2815 
   00074    0.4878  -15065.3363  0.2839 
   00075    0.5006  -15094.9354  0.2788 
   00076    0.4839  -15158.5537  0.2782 
   00077    0.4966  -15080.3108  0.2819 
   00078    0.4873  -15120.2139  0.2821 
   00079    0.4873  -15237.5172  0.2792 
   00080    0.4966  -15191.4762  0.2710 
   00081    0.4923  -15001.6500  0.2750 
   00082    0.4978  -15047.8178  0.2749 
   00083    0.4995  -15086.7094  0.2732 
   00084    0.4916  -15163.2946  0.2798 
   00085    0.4888  -15166.0002  0.2736 
   00086    0.5117  -15296.0384  0.2783 
   00087    0.4952  -15165.5481  0.2822 
   00088    0.4906  -15187.6081  0.2816 
   00089    0.4895  -15020.2659  0.2817 
   00090    0.5009  -15146.9292  0.2740 
   00091    0.4967  -15283.9724  0.2694 
   00092    0.4827  -15047.2871  0.2703 
   00093    0.5061  -14963.4038  0.2732 
   00094    0.5028  -15023.3565  0.2719 
   00095    0.5011  -14958.3154  0.2730 
   00096    0.4898  -15108.7209  0.2710 
   00097    0.4970  -15104.1885  0.2695 
   00098    0.5075  -15110.6743  0.2694 
   00099    0.4898  -15037.7687  0.2715 
   00100    0.4859  -15040.2664  0.2735 
   00101    0.4973  -15126.8509  0.2667 
   00102    0.4959  -15119.3170  0.2593 
   00103    0.4903  -15139.0025  0.2566 
   00104    0.4908  -15216.8084  0.2579 
   00105    0.5080  -15098.2623  0.2545 
   00106    0.4947  -14967.3542  0.2563 
   00107    0.4945  -14895.9612  0.2578 
   00108    0.5019  -15045.9318  0.2598 
   00109    0.4978  -15062.9339  0.2576 
   00110    0.4969  -15010.9253  0.2652 
   00111    0.4964  -14828.1851  0.2704 
   00112    0.4973  -14830.8271  0.2691 
   00113    0.5122  -14849.4030  0.2717 
   00114    0.4939  -14984.8183  0.2779 
   00115    0.5073  -14997.9153  0.2799 
   00116    0.5039  -14771.4256  0.2755 
   00117    0.5059  -14880.9002  0.2715 
   00118    0.4994  -14940.7242  0.2745 
   00119    0.4906  -15001.9376  0.2682 
   00120    0.4970  -14887.6336  0.2693 
   00121    0.5028  -14891.7907  0.2725 
   00122    0.4980  -14912.3013  0.2631 
   00123    0.5009  -14848.3211  0.2697 
   00124    0.4936  -14798.1713  0.2724 
   00125    0.5102  -14646.4706  0.2759 
   00126    0.4955  -14749.4872  0.2829 
   00127    0.5016  -14755.6441  0.2688 
   00128    0.4927  -14777.0356  0.2722 
   00129    0.4969  -14798.9195  0.2736 
   00130    0.4888  -14802.8000  0.2738 
   00131    0.4914  -14806.1210  0.2766 
   00132    0.4998  -14965.0067  0.2664 
   00133    0.4966  -14865.5198  0.2684 
   00134    0.4963  -14901.6865  0.2705 
   00135    0.5052  -14836.4758  0.2625 
   00136    0.4911  -15019.1980  0.2607 
   00137    0.4961  -15072.6650  0.2617 
   00138    0.4911  -15245.1841  0.2714 
   00139    0.4923  -15182.1180  0.2700 
   00140    0.4959  -15152.9567  0.2778 
   00141    0.4920  -15205.7262  0.2800 
   00142    0.4884  -15279.7642  0.2798 
   00143    0.4927  -15349.8307  0.2859 
   00144    0.4906  -15236.3585  0.2930 
   00145    0.4839  -15298.8033  0.2821 
   00146    0.4898  -15141.7370  0.2900 
   00147    0.4950  -15231.0678  0.2876 
   00148    0.4930  -15217.6566  0.2858 
   00149    0.4945  -15245.3403  0.2763 
   00150    0.4955  -15182.5416  0.2671 
   00151    0.4916  -15211.5760  0.2710 
   00152    0.4869  -15271.3742  0.2667 
   00153    0.4903  -15098.7554  0.2669 
   00154    0.4980  -15173.9052  0.2708 
   00155    0.4894  -15147.6684  0.2726 
   00156    0.4981  -15109.0780  0.2750 
   00157    0.4886  -15170.3492  0.2732 
   00158    0.4855  -15193.0947  0.2640 
   00159    0.4998  -15192.5715  0.2677 
   00160    0.4992  -14955.5455  0.2648 
   00161    0.4952  -15115.8933  0.2623 
   00162    0.5067  -15032.6419  0.2650 
   00163    0.4998  -15146.7063  0.2616 
   00164    0.4906  -15064.6987  0.2638 
   00165    0.4839  -15134.0855  0.2628 
   00166    0.4983  -15128.0838  0.2613 
   00167    0.4875  -15161.9319  0.2586 
   00168    0.4947  -15155.3213  0.2575 
   00169    0.4967  -15213.4764  0.2599 
   00170    0.4961  -15215.9246  0.2587 
   00171    0.4953  -15234.5364  0.2602 
   00172    0.4833  -15323.8386  0.2568 
   00173    0.4827  -15374.7607  0.2530 
   00174    0.4738  -15399.0351  0.2530 
   00175    0.4902  -15271.4471  0.2550 
   00176    0.5009  -15060.4322  0.2599 
   00177    0.5000  -14849.9520  0.2620 
   00178    0.5014  -14793.6854  0.2636 
   00179    0.4995  -14727.5076  0.2692 
   00180    0.5025  -14833.8508  0.2744 
   00181    0.4995  -14969.1536  0.2821 
   00182    0.5034  -14883.3730  0.2787 
   00183    0.4970  -14980.4195  0.2771 
   00184    0.4811  -14952.6210  0.2822 
   00185    0.4909  -14915.2002  0.2791 
   00186    0.5100  -14882.6616  0.2856 
   00187    0.4964  -15130.5472  0.2833 
   00188    0.4909  -15163.2363  0.2798 
   00189    0.4953  -15068.2206  0.2654 
   00190    0.5050  -15056.4732  0.2581 
   00191    0.4984  -15055.7950  0.2585 
   00192    0.4969  -15091.0956  0.2597 
   00193    0.4972  -15047.0946  0.2621 
   00194    0.5002  -14993.0955  0.2549 
   00195    0.5005  -15011.8521  0.2584 
   00196    0.5027  -14970.6307  0.2613 
   00197    0.4939  -15015.0510  0.2587 
   00198    0.4916  -14965.3634  0.2622 
   00199    0.4888  -15026.5472  0.2604 
   00200    0.4952  -15052.4565  0.2619 
   00201    0.4925  -15274.0730  0.2648 
   00202    0.4919  -15309.5176  0.2632 
   00203    0.4864  -15126.6023  0.2616 
   00204    0.4909  -15128.7802  0.2676 
   00205    0.4969  -15133.6430  0.2794 
   00206    0.4959  -15173.9092  0.2813 
   00207    0.4966  -15159.7538  0.2718 
   00208    0.4992  -15161.3414  0.2782 
   00209    0.4948  -15258.3703  0.2765 
   00210    0.4905  -15181.8948  0.2800 
   00211    0.4917  -15156.9055  0.2825 
   00212    0.4900  -15213.7925  0.2854 
   00213    0.4859  -15155.1429  0.2832 
   00214    0.4983  -15249.1799  0.2784 
   00215    0.4897  -15152.8824  0.2809 
   00216    0.4939  -15118.4005  0.2754 
   00217    0.4872  -15066.9643  0.2711 
   00218    0.4863  -15165.7067  0.2721 
   00219    0.4852  -15142.0373  0.2690 
   00220    0.4881  -15102.4945  0.2715 
   00221    0.4888  -15194.2173  0.2690 
   00222    0.4958  -15211.7397  0.2663 
   00223    0.5009  -15310.3993  0.2660 
   00224    0.4850  -15280.3397  0.2673 
   00225    0.5009  -15108.7220  0.2585 
   00226    0.4883  -15161.3688  0.2513 
   00227    0.4875  -15044.3975  0.2611 
   00228    0.4947  -15182.7840  0.2764 
   00229    0.5086  -15240.2909  0.2808 
   00230    0.4898  -15176.5452  0.2901 
   00231    0.4872  -15159.4162  0.2967 
   00232    0.4955  -15125.4513  0.2989 
   00233    0.4881  -15189.7318  0.3040 
   00234    0.4961  -15028.2413  0.3003 
   00235    0.4992  -14972.1277  0.3027 
   00236    0.4870  -15017.8256  0.2966 
   00237    0.4847  -15114.2428  0.2998 
   00238    0.4855  -15176.1897  0.3083 
   00239    0.4819  -15183.6602  0.3138 
   00240    0.4892  -15170.0872  0.3047 
   00241    0.4938  -15139.1383  0.2991 
   00242    0.4919  -14981.8216  0.2956 
   00243    0.5050  -15029.9971  0.2965 
   00244    0.4883  -15064.8735  0.3000 
   00245    0.4911  -14989.8106  0.2901 
   00246    0.4884  -15173.4627  0.2880 
   00247    0.5003  -15206.9032  0.2811 
   00248    0.4858  -15187.1598  0.2806 
   00249    0.4944  -14979.8500  0.2740 
   00250    0.4989  -14949.5666  0.2745 
   00251    0.4948  -15013.9355  0.2676 
   00252    0.5061  -14967.0476  0.2618 
   00253    0.4973  -15056.8086  0.2690 
   00254    0.4978  -15129.4632  0.2719 
   00255    0.4873  -15056.9257  0.2682 
   00256    0.4988  -14981.7823  0.2687 
   00257    0.4902  -15065.9263  0.2707 
   00258    0.5081  -14921.2378  0.2697 
   00259    0.4764  -15122.5913  0.2791 
   00260    0.4980  -15054.0190  0.2830 
   00261    0.4883  -15155.7005  0.2793 
   00262    0.5008  -15153.6668  0.2767 
   00263    0.4817  -14929.4559  0.2699 
   00264    0.4945  -15086.0158  0.2781 
   00265    0.4864  -15179.7459  0.2830 
   00266    0.4934  -15201.5038  0.2807 
   00267    0.4839  -15154.0182  0.2791 
   00268    0.4891  -15368.3619  0.2783 
   00269    0.4814  -15275.2345  0.2726 
   00270    0.4828  -15284.8757  0.2759 
   00271    0.4791  -15410.3720  0.2734 
   00272    0.4873  -15155.9874  0.2740 
   00273    0.4916  -15179.0830  0.2697 
   00274    0.4822  -15221.9791  0.2714 
   00275    0.4875  -15103.5363  0.2747 
   00276    0.5059  -15094.6249  0.2754 
   00277    0.5028  -15132.2633  0.2772 
   00278    0.4916  -15096.7897  0.2772 
   00279    0.5062  -15152.8884  0.2736 
   00280    0.4872  -15325.8266  0.2740 
   00281    0.4920  -15402.5199  0.2764 
   00282    0.4791  -15401.8654  0.2696 
   00283    0.4884  -15234.3978  0.2644 
   00284    0.4850  -15214.7263  0.2555 
   00285    0.4945  -15178.9595  0.2546 
   00286    0.4967  -15192.9037  0.2534 
   00287    0.4959  -15193.6029  0.2528 
   00288    0.4803  -15116.3050  0.2545 
   00289    0.5022  -15064.8963  0.2547 
   00290    0.4927  -15161.8723  0.2523 
   00291    0.4902  -15226.1257  0.2563 
   00292    0.4844  -15201.5260  0.2573 
   00293    0.4888  -15294.9863  0.2545 
   00294    0.4892  -15255.5240  0.2614 
   00295    0.4956  -15225.7843  0.2674 
   00296    0.4898  -15311.6533  0.2636 
   00297    0.4883  -15252.1531  0.2659 
   00298    0.4947  -15222.0449  0.2708 
   00299    0.4933  -15234.8604  0.2728 
   00300    0.4998  -15054.9977  0.2695 
   00301    0.4950  -15137.2839  0.2716 
   00302    0.4853  -15176.3180  0.2768 
   00303    0.4955  -15054.2694  0.2760 
   00304    0.5002  -14969.2322  0.2818 
   00305    0.4931  -15028.3989  0.2749 
   00306    0.4909  -15120.4595  0.2751 
   00307    0.5047  -15139.5606  0.2723 
   00308    0.4897  -15197.2071  0.2727 
   00309    0.4913  -15086.5267  0.2680 
   00310    0.4992  -15105.2643  0.2695 
   00311    0.5003  -15110.0863  0.2689 
   00312    0.4980  -14983.8940  0.2783 
   00313    0.4997  -14886.8955  0.2734 
   00314    0.4964  -14942.5731  0.2635 
   00315    0.4861  -15153.6499  0.2675 
   00316    0.4831  -15324.9144  0.2682 
   00317    0.4959  -15303.9444  0.2674 
   00318    0.4844  -15388.2155  0.2633 
   00319    0.4733  -15373.8411  0.2665 
   00320    0.4913  -15434.7289  0.2609 
   00321    0.4830  -15324.4137  0.2626 
   00322    0.4884  -15409.6306  0.2661 
   00323    0.4972  -15052.4809  0.2642 
   00324    0.4913  -15100.0308  0.2627 
   00325    0.4913  -15067.5314  0.2636 
   00326    0.5020  -15113.3890  0.2698 
   00327    0.5027  -15193.6138  0.2687 
   00328    0.4866  -15051.9200  0.2610 
   00329    0.4925  -14984.2726  0.2649 
   00330    0.4981  -15085.3872  0.2687 
   00331    0.5073  -15028.8411  0.2761 
   00332    0.4914  -15102.0189  0.2762 
   00333    0.4922  -15099.1093  0.2708 
   00334    0.4902  -15331.5822  0.2645 
   00335    0.4908  -15165.1694  0.2679 
   00336    0.4966  -15371.2944  0.2785 
   00337    0.4909  -15286.1553  0.2809 
   00338    0.4980  -15290.9726  0.2886 
   00339    0.4923  -15254.1745  0.2863 
   00340    0.5009  -15161.5150  0.2801 
   00341    0.4953  -15292.1679  0.2833 
   00342    0.4941  -15337.2822  0.2949 
   00343    0.4903  -15398.3144  0.2976 
   00344    0.4923  -15491.2286  0.2969 
   00345    0.4902  -15300.0776  0.2928 
   00346    0.4852  -15140.4985  0.2853 
   00347    0.4900  -15270.4431  0.2739 
   00348    0.5027  -15267.1768  0.2744 
   00349    0.4966  -15174.0973  0.2911 
   00350    0.4905  -15174.5222  0.2853 
   00351    0.5012  -15211.3522  0.2870 
   00352    0.4884  -15240.6012  0.2872 
   00353    0.4822  -15322.1032  0.2817 
   00354    0.4877  -15295.8927  0.2813 
   00355    0.4841  -15125.2448  0.2882 
   00356    0.4916  -15035.0267  0.2905 
   00357    0.5031  -15051.2126  0.2915 
   00358    0.4998  -15088.1187  0.2973 
   00359    0.4816  -15065.8826  0.2972 
   00360    0.5084  -15070.3791  0.2993 
   00361    0.4963  -15201.3315  0.3057 
   00362    0.4917  -15268.6994  0.3078 
   00363    0.4933  -15295.8840  0.2985 
   00364    0.4838  -15177.4567  0.2900 
   00365    0.4902  -15352.9588  0.2817 
   00366    0.4744  -15448.2433  0.2847 
   00367    0.4797  -15439.2756  0.2803 
   00368    0.4797  -15400.6371  0.2828 
   00369    0.4881  -15279.5066  0.2695 
   00370    0.4884  -15132.0407  0.2751 
   00371    0.4855  -15205.1745  0.2886 
   00372    0.4945  -15060.2115  0.2818 
   00373    0.5062  -15118.2825  0.2880 
   00374    0.4953  -15118.8435  0.2864 
   00375    0.4842  -15261.7772  0.2918 
   00376    0.4858  -15337.9517  0.2919 
   00377    0.4834  -15239.2619  0.2995 
   00378    0.4863  -15219.6697  0.3011 
   00379    0.4972  -14995.3848  0.3060 
   00380    0.4903  -15075.7808  0.3018 
   00381    0.4878  -15266.9794  0.2983 
   00382    0.4988  -15326.6216  0.2957 
   00383    0.4813  -15337.2531  0.2972 
   00384    0.4888  -15440.0199  0.2948 
   00385    0.4864  -15358.4102  0.2894 
   00386    0.4923  -15511.0999  0.2891 
   00387    0.4820  -15659.5887  0.2888 
   00388    0.4819  -15478.7757  0.2888 
   00389    0.4947  -15359.1855  0.2928 
   00390    0.4913  -15250.0783  0.2947 
   00391    0.4866  -15330.3285  0.2992 
   00392    0.4853  -15258.3502  0.3002 
   00393    0.4877  -15198.8826  0.3054 
   00394    0.4914  -15146.0913  0.3091 
   00395    0.4825  -15258.9163  0.3049 
   00396    0.4745  -15135.5125  0.3014 
   00397    0.4884  -15186.8916  0.3040 
   00398    0.4841  -15186.1879  0.3054 
   00399    0.5041  -15218.1422  0.3088 
   00400    0.5044  -15084.1155  0.3041 
   00401    0.4934  -15000.1103  0.3004 
   00402    0.4997  -15111.2887  0.3003 
   00403    0.4875  -15227.8054  0.3015 
   00404    0.4830  -15249.9364  0.2956 
   00405    0.4878  -15271.4707  0.2969 
   00406    0.4888  -15259.3325  0.3037 
   00407    0.4939  -15306.5294  0.3021 
   00408    0.4900  -15238.7172  0.2953 
   00409    0.5084  -15169.5468  0.3025 
   00410    0.4877  -15279.8721  0.3030 
   00411    0.4747  -15222.0918  0.3007 
   00412    0.4816  -15230.3014  0.3025 
   00413    0.4939  -15300.8958  0.2935 
   00414    0.4922  -15195.3755  0.3024 
   00415    0.4823  -15360.3644  0.3058 
   00416    0.4906  -15137.6007  0.3101 
   00417    0.4931  -15352.4578  0.3064 
   00418    0.4788  -15356.6508  0.3047 
   00419    0.4830  -15395.6886  0.2973 
   00420    0.4913  -15258.4382  0.2989 
   00421    0.5011  -15117.2018  0.2917 
   00422    0.4894  -15155.9509  0.2879 
   00423    0.5055  -15172.0615  0.2943 
   00424    0.5008  -15159.8924  0.2929 
   00425    0.4989  -15287.5641  0.2904 
   00426    0.4889  -15131.0473  0.2938 
   00427    0.4908  -15078.8811  0.2827 
   00428    0.4806  -15105.7599  0.2877 
   00429    0.4903  -15165.1771  0.2911 
   00430    0.4873  -15149.6507  0.2821 
   00431    0.4905  -14977.7268  0.2799 
   00432    0.4931  -14869.2401  0.2877 
   00433    0.4997  -14850.9038  0.2925 
   00434    0.5036  -14863.9566  0.2826 
   00435    0.4922  -14980.0637  0.2838 
   00436    0.4859  -15215.0934  0.2821 
   00437    0.4944  -15144.4361  0.2747 
   00438    0.4991  -15018.5425  0.2753 
   00439    0.4902  -14850.5551  0.2650 
   00440    0.5006  -14874.1932  0.2691 
   00441    0.5025  -15049.3995  0.2642 
   00442    0.5059  -14968.0410  0.2636 
   00443    0.4963  -14990.9553  0.2657 
   00444    0.5012  -14942.1037  0.2541 
   00445    0.4948  -15040.9240  0.2600 
   00446    0.4839  -14901.6459  0.2617 
   00447    0.5041  -14927.1978  0.2646 
   00448    0.5098  -14894.2319  0.2615 
   00449    0.4995  -15009.6169  0.2658 
   00450    0.4897  -15004.6488  0.2730 
   00451    0.5092  -15149.6410  0.2841 
   00452    0.4881  -15180.5764  0.2791 
   00453    0.4786  -15345.3058  0.2756 
   00454    0.4955  -15212.7931  0.2768 
   00455    0.4858  -15192.7913  0.2816 
   00456    0.4863  -15034.5483  0.2746 
   00457    0.5017  -15111.8294  0.2739 
   00458    0.4902  -15060.7373  0.2788 
   00459    0.4991  -15285.9081  0.2787 
   00460    0.4950  -15119.9893  0.2843 
   00461    0.4900  -15141.3793  0.2873 
   00462    0.5005  -14993.0065  0.2876 
   00463    0.4947  -15095.9142  0.2927 
   00464    0.4845  -14955.7074  0.2892 
   00465    0.4986  -15025.9522  0.2956 
   00466    0.4941  -14954.9937  0.2894 
   00467    0.4964  -15067.8173  0.2939 
   00468    0.4967  -15063.2751  0.2956 
   00469    0.4847  -14987.9636  0.2977 
   00470    0.4856  -15142.0903  0.2987 
   00471    0.4911  -14935.4709  0.2929 
   00472    0.4953  -14853.4293  0.2925 
   00473    0.5095  -14778.5557  0.2963 
   00474    0.5020  -14882.0751  0.2918 
   00475    0.4991  -14992.2200  0.2953 
   00476    0.5106  -15081.3033  0.2903 
   00477    0.4858  -14926.4232  0.2967 
   00478    0.4947  -14941.1823  0.3012 
   00479    0.4969  -14933.6607  0.2986 
   00480    0.4908  -15153.2031  0.2971 
   00481    0.4911  -14962.7072  0.2933 
   00482    0.5016  -14990.0572  0.3018 
   00483    0.4883  -15158.6331  0.2968 
   00484    0.4938  -15226.1888  0.2875 
   00485    0.4920  -15169.4134  0.2829 
   00486    0.5097  -15016.3596  0.2757 
   00487    0.5083  -15044.7290  0.2760 
   00488    0.4969  -15093.9657  0.2659 
   00489    0.4894  -14928.3521  0.2666 
   00490    0.5031  -15008.5173  0.2729 
   00491    0.4991  -15039.8915  0.2760 
   00492    0.4919  -14832.7394  0.2769 
   00493    0.4955  -14972.4045  0.2716 
   00494    0.5008  -14956.1041  0.2781 
   00495    0.4963  -14946.6554  0.2779 
   00496    0.4934  -15089.4229  0.2751 
   00497    0.4964  -15030.3656  0.2733 
   00498    0.4873  -14956.8224  0.2761 
   00499    0.5033  -15048.6628  0.2798 
   00500    0.4945  -15040.9435  0.2796 
   00501    0.4948  -15171.9331  0.2850 
   00502    0.4950  -14934.9239  0.2869 
   00503    0.5044  -14941.3554  0.2862 
   00504    0.5005  -14901.4010  0.2760 
   00505    0.5033  -15029.4573  0.2692 
   00506    0.5053  -14948.1123  0.2604 
   00507    0.4995  -14974.8608  0.2644 
   00508    0.4906  -15017.6773  0.2641 
   00509    0.4859  -15142.1530  0.2688 
   00510    0.4825  -15160.7551  0.2684 
   00511    0.4934  -15132.8997  0.2685 
   00512    0.4967  -15213.0958  0.2688 
   00513    0.4978  -15055.5689  0.2662 
   00514    0.4945  -15048.8605  0.2650 
   00515    0.4909  -15153.5837  0.2678 
   00516    0.4983  -15186.0631  0.2703 
   00517    0.4886  -15167.6713  0.2684 
   00518    0.5030  -15031.3002  0.2736 
   00519    0.4925  -15098.2873  0.2704 
   00520    0.4727  -15247.7841  0.2805 
   00521    0.4878  -15136.5274  0.2835 
   00522    0.4916  -15083.5675  0.2844 
   00523    0.4913  -15125.0802  0.2879 
   00524    0.4911  -15150.9262  0.2871 
   00525    0.4853  -15222.1956  0.2934 
   00526    0.4908  -15200.6172  0.2973 
   00527    0.4886  -15149.7525  0.2952 
   00528    0.4958  -15194.2372  0.2888 
   00529    0.4958  -15268.1775  0.2890 
   00530    0.4989  -15367.2816  0.2850 
   00531    0.4875  -15203.5137  0.2901 
   00532    0.4877  -15226.2899  0.2954 
   00533    0.4802  -15344.9634  0.2997 
   00534    0.4902  -15312.5953  0.3067 
   00535    0.4894  -15285.9470  0.3060 
   00536    0.4872  -15318.0976  0.3012 
   00537    0.4794  -15350.5089  0.3002 
   00538    0.4964  -15448.1713  0.3008 
   00539    0.4875  -15360.5600  0.2951 
   00540    0.4945  -15316.2239  0.2915 
   00541    0.4805  -15357.3135  0.2920 
   00542    0.4853  -15185.5941  0.2899 
   00543    0.4941  -15255.0322  0.2921 
   00544    0.4945  -15277.7475  0.2868 
   00545    0.4916  -15065.2625  0.2832 
   00546    0.4881  -15275.9352  0.2818 
   00547    0.4914  -15291.3440  0.2748 
   00548    0.4889  -15213.2390  0.2789 
   00549    0.4991  -15294.9780  0.2793 
   00550    0.4977  -15370.4024  0.2879 
   00551    0.4827  -15270.2143  0.2776 
   00552    0.4945  -15239.4950  0.2740 
   00553    0.4844  -15219.7178  0.2801 
   00554    0.4809  -15189.4477  0.2914 
   00555    0.4992  -15076.1681  0.2903 
   00556    0.4963  -15096.5767  0.2889 
   00557    0.5000  -15164.8126  0.2927 
   00558    0.4933  -15146.2290  0.3063 
   00559    0.4963  -15210.6262  0.3038 
   00560    0.4875  -14999.9829  0.2999 
   00561    0.4948  -15089.1975  0.2965 
   00562    0.4914  -15077.8118  0.2882 
   00563    0.4917  -15063.4313  0.2977 
   00564    0.4864  -15056.0234  0.2992 
   00565    0.5022  -15044.4526  0.3050 
   00566    0.4978  -15073.2360  0.3061 
   00567    0.4928  -15369.6665  0.3126 
   00568    0.4942  -15217.9006  0.3184 
   00569    0.4828  -15266.0751  0.3223 
   00570    0.4903  -15026.4173  0.3226 
   00571    0.4920  -15046.7473  0.3223 
   00572    0.4850  -15052.7460  0.3238 
   00573    0.5045  -15133.6901  0.3127 
   00574    0.4866  -15147.4973  0.3151 
   00575    0.4956  -15080.1194  0.3115 
   00576    0.4975  -15099.3447  0.3159 
   00577    0.4908  -15018.4379  0.3081 
   00578    0.5009  -14915.3058  0.2988 
   00579    0.5072  -15062.0514  0.3016 
   00580    0.4914  -14922.4086  0.2988 
   00581    0.4998  -14966.3796  0.2956 
   00582    0.5041  -15027.2405  0.2935 
   00583    0.4900  -14950.3375  0.2887 
   00584    0.4911  -15005.3760  0.2807 
   00585    0.4997  -15068.6769  0.2799 
   00586    0.5109  -15091.5563  0.2877 
   00587    0.4936  -15155.7164  0.2862 
   00588    0.4977  -14986.6868  0.2822 
   00589    0.4922  -15086.6586  0.2888 
   00590    0.4928  -14953.0443  0.2989 
   00591    0.4933  -15058.7169  0.3115 
   00592    0.4994  -14998.0174  0.3065 
   00593    0.4905  -15029.8547  0.3106 
   00594    0.4931  -15018.5846  0.3085 
   00595    0.4917  -14817.6198  0.3113 
   00596    0.4994  -14751.6474  0.3107 
   00597    0.4895  -14795.7439  0.3107 
   00598    0.5152  -14744.6932  0.3019 
   00599    0.5050  -14908.3731  0.3035 
   00600    0.4981  -15177.0706  0.3050 
   00601    0.4905  -15194.3649  0.3005 
   00602    0.4911  -15343.4652  0.2988 
   00603    0.4816  -15392.8016  0.3054 
   00604    0.4880  -15305.0189  0.3089 
   00605    0.4875  -15349.5771  0.3138 
   00606    0.4916  -15438.0834  0.3043 
   00607    0.4841  -15188.9045  0.3064 
   00608    0.4972  -15248.2595  0.3061 
   00609    0.4877  -15243.0410  0.3099 
   00610    0.4941  -15147.9187  0.3168 
   00611    0.4956  -15127.9704  0.3168 
   00612    0.4895  -15121.1613  0.3166 
   00613    0.4944  -15193.6995  0.3113 
   00614    0.4922  -15190.6816  0.3110 
   00615    0.4906  -15130.2092  0.3125 
   00616    0.4975  -15198.0256  0.3128 
   00617    0.4850  -15147.7035  0.3113 
   00618    0.5017  -15089.4860  0.3130 
   00619    0.4811  -15087.9133  0.3135 
   00620    0.4839  -15079.7539  0.3200 
   00621    0.4973  -15215.6413  0.3152 
   00622    0.4842  -15253.1617  0.3156 
   00623    0.4955  -15050.8643  0.3152 
   00624    0.4925  -15180.5519  0.3109 
   00625    0.4802  -15186.2697  0.3157 
   00626    0.4888  -15128.8697  0.3114 
   00627    0.4934  -14928.8683  0.3230 
   00628    0.4878  -15022.7476  0.3225 
   00629    0.5008  -14891.4738  0.3251 
   00630    0.5006  -14888.9199  0.3206 
   00631    0.5077  -14885.1225  0.3122 
   00632    0.5212  -14950.0764  0.3215 
   00633    0.5027  -14851.6114  0.3227 
   00634    0.5139  -14729.0887  0.3124 
   00635    0.5061  -14737.7731  0.3044 
   00636    0.5014  -14650.2650  0.2962 
   00637    0.5055  -14745.5629  0.2998 
   00638    0.5139  -14821.2039  0.2999 
   00639    0.5095  -14878.1232  0.3062 
   00640    0.4942  -14816.8797  0.3018 
   00641    0.4994  -15017.3977  0.3076 
   00642    0.4908  -15104.6173  0.3047 
   00643    0.4891  -14931.8081  0.3039 
   00644    0.4975  -14910.9346  0.3038 
   00645    0.4936  -14843.9963  0.3020 
   00646    0.5045  -14943.2601  0.2971 
   00647    0.4836  -15032.6225  0.2943 
   00648    0.4905  -14947.9295  0.2950 
   00649    0.5066  -14969.2630  0.3044 
   00650    0.5009  -14887.6678  0.3036 
   00651    0.4986  -14895.1405  0.3012 
   00652    0.4941  -14863.2448  0.3074 
   00653    0.4945  -15037.4741  0.2995 
   00654    0.4905  -15105.0779  0.3060 
   00655    0.4928  -14950.4961  0.3078 
   00656    0.5041  -14764.1795  0.3081 
   00657    0.4973  -14787.1488  0.3061 
   00658    0.5077  -14725.1888  0.3035 
   00659    0.5041  -14800.5146  0.3030 
   00660    0.4880  -14776.6345  0.3006 
   00661    0.5075  -14875.1345  0.3059 
   00662    0.4914  -15037.5913  0.2981 
   00663    0.4992  -15101.4548  0.3094 
   00664    0.5038  -15169.7171  0.3106 
   00665    0.4981  -15158.2151  0.3142 
   00666    0.4923  -15089.5237  0.3081 
   00667    0.5044  -15138.7782  0.3092 
   00668    0.5017  -15022.7835  0.3065 
   00669    0.4948  -15211.1557  0.3060 
   00670    0.4809  -15224.9789  0.3028 
   00671    0.4927  -15107.4222  0.2923 
   00672    0.4886  -15136.1320  0.2869 
   00673    0.4977  -15140.3168  0.2868 
   00674    0.4942  -15163.7255  0.2874 
   00675    0.5006  -15100.0415  0.2890 
   00676    0.5008  -15098.3490  0.2854 
   00677    0.4895  -15150.5732  0.2877 
   00678    0.5062  -14965.5395  0.2912 
   00679    0.4991  -15039.1540  0.2889 
   00680    0.5005  -15026.4040  0.2809 
   00681    0.4914  -14895.8170  0.2742 
   00682    0.4997  -14889.4805  0.2797 
   00683    0.5028  -15178.1182  0.2827 
   00684    0.4863  -15262.8635  0.2876 
   00685    0.5000  -14964.8003  0.2838 
   00686    0.4922  -15042.6289  0.2842 
   00687    0.4877  -15183.7191  0.2888 
   00688    0.4950  -15072.6345  0.2811 
   00689    0.5045  -15124.3784  0.2827 
   00690    0.4988  -15168.2043  0.2829 
   00691    0.4998  -15103.9431  0.2895 
   00692    0.4916  -15097.9598  0.2905 
   00693    0.4981  -15089.5099  0.2949 
   00694    0.4942  -15202.0377  0.2926 
   00695    0.4883  -15235.3490  0.2993 
   00696    0.4911  -15329.0332  0.2957 
   00697    0.4914  -15323.0889  0.2972 
   00698    0.4933  -15273.4898  0.2942 
   00699    0.4897  -15134.1712  0.2912 
   00700    0.4956  -15095.0363  0.3031 
   00701    0.4895  -15117.4103  0.3018 
   00702    0.4936  -15007.7026  0.3043 
   00703    0.5033  -15062.8421  0.3043 
   00704    0.4950  -15104.4432  0.3074 
   00705    0.4963  -15124.5491  0.3127 
   00706    0.4984  -15152.6035  0.3133 
   00707    0.5020  -14961.2047  0.3080 
   00708    0.4978  -15068.9588  0.3057 
   00709    0.4864  -15260.2418  0.3054 
   00710    0.4842  -15425.0237  0.3073 
   00711    0.4984  -15365.4974  0.3022 
   00712    0.4791  -15410.9981  0.3009 
   00713    0.4945  -15400.1846  0.2961 
   00714    0.4955  -15320.3421  0.2881 
   00715    0.4961  -15326.8796  0.2997 
   00716    0.4867  -15312.0961  0.3014 
   00717    0.4792  -15146.8160  0.3022 
   00718    0.4958  -15196.5559  0.2956 
   00719    0.4850  -15163.8789  0.2930 
   00720    0.4958  -15285.2389  0.2936 
   00721    0.4963  -15126.3456  0.2890 
   00722    0.4905  -15036.7499  0.2947 
   00723    0.5078  -14811.5064  0.2904 
   00724    0.5050  -14844.1845  0.2895 
   00725    0.5044  -14816.4374  0.2812 
   00726    0.5047  -14953.4414  0.2809 
   00727    0.4938  -14958.6532  0.2813 
   00728    0.5028  -15144.6808  0.2748 
   00729    0.4970  -15193.0599  0.2783 
   00730    0.4808  -15131.5096  0.2833 
   00731    0.4934  -15142.2788  0.2886 
   00732    0.4883  -15216.9802  0.2919 
   00733    0.4883  -15021.0241  0.3001 
   00734    0.5020  -14783.1219  0.2933 
   00735    0.4986  -15137.0818  0.2949 
   00736    0.4928  -14957.1188  0.2960 
   00737    0.4983  -14998.2413  0.2925 
   00738    0.4989  -14948.6036  0.2880 
   00739    0.5008  -14977.6387  0.2811 
   00740    0.4930  -15084.8933  0.2852 
   00741    0.4861  -15116.8030  0.2783 
   00742    0.4983  -15313.0477  0.2841 
   00743    0.4953  -15286.5339  0.2915 
   00744    0.4922  -15318.2101  0.2934 
   00745    0.4988  -15216.5512  0.2889 
   00746    0.4894  -15185.8238  0.2831 
   00747    0.4984  -15098.4886  0.2787 
   00748    0.4867  -15192.5742  0.2778 
   00749    0.4913  -15176.3622  0.2716 
   00750    0.4847  -15330.1332  0.2735 
   00751    0.4769  -15209.0261  0.2795 
   00752    0.4884  -15285.9218  0.2857 
   00753    0.4873  -15225.8670  0.2855 
   00754    0.4872  -15151.9805  0.2860 
   00755    0.4866  -15213.7978  0.2936 
   00756    0.4967  -15360.8432  0.2896 
   00757    0.4964  -15308.9588  0.2962 
   00758    0.4933  -15189.5824  0.2979 
   00759    0.4977  -15028.5505  0.2943 
   00760    0.4941  -15232.1907  0.2946 
   00761    0.4925  -15175.2053  0.2995 
   00762    0.4989  -15080.6977  0.3003 
   00763    0.5000  -15177.6503  0.2936 
   00764    0.4955  -15180.6646  0.3004 
   00765    0.4919  -15234.3910  0.3017 
   00766    0.4819  -15354.1976  0.2991 
   00767    0.4895  -15373.8447  0.2986 
   00768    0.4811  -15212.8018  0.3058 
   00769    0.5011  -15283.7152  0.3030 
   00770    0.4894  -15242.6898  0.2959 
   00771    0.4813  -15215.2545  0.2965 
   00772    0.4938  -15262.6490  0.2953 
   00773    0.4883  -15181.5131  0.2876 
   00774    0.5016  -15270.5486  0.2803 
   00775    0.4923  -15200.0574  0.2849 
   00776    0.4836  -15096.7793  0.2819 
   00777    0.4920  -15255.6590  0.2803 
   00778    0.4931  -15141.5782  0.2750 
   00779    0.4827  -15037.2027  0.2765 
   00780    0.4908  -15158.6837  0.2720 
   00781    0.4925  -15251.7049  0.2772 
   00782    0.4817  -15210.7495  0.2796 
   00783    0.4884  -15236.4744  0.2822 
   00784    0.4900  -15110.9559  0.2874 
   00785    0.4902  -15020.9597  0.2921 
   00786    0.4983  -14974.5925  0.2888 
   00787    0.4838  -15098.5512  0.3021 
   00788    0.4877  -14995.5483  0.3061 
   00789    0.4925  -15226.8599  0.3090 
   00790    0.4909  -15238.2594  0.3076 
   00791    0.4978  -15166.7516  0.3162 
   00792    0.4948  -15205.9261  0.3206 
   00793    0.4872  -15236.8400  0.3226 
   00794    0.4991  -15326.7940  0.3252 
   00795    0.4797  -15296.3401  0.3215 
   00796    0.4842  -15237.4425  0.3274 
   00797    0.4798  -15237.7108  0.3218 
   00798    0.4847  -15112.1605  0.3175 
   00799    0.4936  -15167.2905  0.3154 
   00800    0.4923  -15361.6925  0.3170 
   00801    0.4863  -15257.1541  0.3168 
   00802    0.4973  -15241.1616  0.3193 
   00803    0.4934  -15247.2915  0.3167 
   00804    0.4911  -15128.6912  0.3127 
   00805    0.4866  -15106.7143  0.3146 
   00806    0.4986  -15088.3125  0.3180 
   00807    0.4966  -15166.8050  0.3085 
   00808    0.4830  -15039.3049  0.3046 
   00809    0.4903  -15203.2480  0.2955 
   00810    0.4894  -15123.6216  0.2975 
   00811    0.5059  -15187.9294  0.2979 
   00812    0.4958  -15182.0281  0.2945 
   00813    0.4789  -15165.5355  0.2948 
   00814    0.4906  -15279.8413  0.3013 
   00815    0.4808  -15085.2501  0.2952 
   00816    0.4864  -15058.3043  0.2954 
   00817    0.5017  -15073.6239  0.2960 
   00818    0.4847  -15010.4012  0.2993 
   00819    0.5069  -15104.3174  0.2879 
   00820    0.4928  -14991.5946  0.2848 
   00821    0.4963  -14949.8069  0.2861 
   00822    0.5047  -14925.5352  0.2858 
   00823    0.4952  -15078.0681  0.2860 
   00824    0.5017  -14928.8454  0.2914 
   00825    0.4906  -14980.2102  0.2928 
   00826    0.5039  -15029.9902  0.2878 
   00827    0.5003  -15067.7392  0.2805 
   00828    0.5038  -15130.8467  0.2841 
   00829    0.4961  -15069.6323  0.2871 
   00830    0.4906  -15127.5523  0.2891 
   00831    0.4984  -14986.7906  0.2838 
   00832    0.5019  -15097.9856  0.2831 
   00833    0.4809  -15214.3937  0.2815 
   00834    0.4773  -15151.8209  0.2801 
   00835    0.4884  -15397.3541  0.2806 
   00836    0.4772  -15336.0874  0.2720 
   00837    0.4884  -15332.8403  0.2719 
   00838    0.4895  -15235.1232  0.2727 
   00839    0.4813  -15185.5573  0.2697 
   00840    0.4831  -15129.7929  0.2758 
   00841    0.4894  -15186.6188  0.2766 
   00842    0.4969  -15022.0807  0.2759 
   00843    0.4925  -15116.2103  0.2723 
   00844    0.5014  -14904.6598  0.2725 
   00845    0.4983  -15076.9958  0.2747 
   00846    0.4902  -15032.4301  0.2723 
   00847    0.5033  -15092.5021  0.2690 
   00848    0.4980  -14960.5646  0.2621 
   00849    0.4948  -15114.3005  0.2596 
   00850    0.4905  -15090.3970  0.2660 
   00851    0.4995  -15107.9309  0.2701 
   00852    0.4994  -15170.5582  0.2666 
   00853    0.4761  -15207.7598  0.2734 
   00854    0.4767  -15149.9390  0.2732 
   00855    0.4866  -15083.2049  0.2721 
   00856    0.4981  -14989.9802  0.2783 
   00857    0.4927  -14964.1409  0.2821 
   00858    0.4944  -14988.6339  0.2932 
   00859    0.4964  -14964.1592  0.2922 
   00860    0.4922  -15037.0125  0.2956 
   00861    0.4906  -15173.5482  0.2916 
   00862    0.4930  -15062.9083  0.2950 
   00863    0.4869  -15112.3416  0.2937 
   00864    0.4905  -14896.2472  0.2910 
   00865    0.4909  -14971.4478  0.2917 
   00866    0.5042  -15017.0394  0.2921 
   00867    0.4956  -15035.2958  0.2955 
   00868    0.5003  -15084.9614  0.3023 
   00869    0.4883  -15045.3314  0.3018 
   00870    0.4881  -14968.0344  0.2981 
   00871    0.4963  -14867.4761  0.2962 
   00872    0.4811  -14915.8753  0.2931 
   00873    0.5012  -14988.2934  0.2879 
   00874    0.5083  -14934.7381  0.2949 
   00875    0.4989  -14859.5236  0.2995 
   00876    0.4986  -14878.0692  0.3013 
   00877    0.4995  -14792.7620  0.2942 
   00878    0.4933  -14843.8547  0.2936 
   00879    0.5008  -14815.4892  0.2886 
   00880    0.4936  -14840.0665  0.2905 
   00881    0.5020  -14797.4231  0.2932 
   00882    0.4963  -14976.1909  0.2869 
   00883    0.4967  -14978.0600  0.2812 
   00884    0.5059  -15084.0516  0.2835 
   00885    0.5016  -15173.7122  0.2788 
   00886    0.4922  -15069.7593  0.2825 
   00887    0.4939  -14968.9905  0.2832 
   00888    0.5070  -15138.8394  0.2852 
   00889    0.4864  -14850.3119  0.2842 
   00890    0.4916  -14967.6843  0.2890 
   00891    0.4970  -15076.9509  0.2962 
   00892    0.4938  -15101.5929  0.2926 
   00893    0.4817  -15027.9553  0.2904 
   00894    0.5053  -15111.8920  0.2787 
   00895    0.4981  -15121.2062  0.2855 
   00896    0.5020  -15144.7193  0.2861 
   00897    0.4952  -15228.5255  0.2841 
   00898    0.4817  -15180.7875  0.2877 
   00899    0.4914  -15111.2231  0.2963 
   00900    0.4994  -15043.2724  0.2961 
   00901    0.4930  -15030.8097  0.2967 
   00902    0.5009  -14981.7388  0.2952 
   00903    0.4872  -15064.0166  0.2886 
   00904    0.4870  -15077.3904  0.2860 
   00905    0.4900  -14905.1425  0.2852 
   00906    0.4902  -14934.8918  0.2781 
   00907    0.4978  -14851.9065  0.2868 
   00908    0.5108  -14916.3589  0.2946 
   00909    0.4892  -15015.5186  0.2899 
   00910    0.4909  -14783.7678  0.2934 
   00911    0.5017  -14943.6857  0.2878 
   00912    0.4995  -14998.6328  0.2858 
   00913    0.4916  -15009.0428  0.2848 
   00914    0.4952  -15072.4220  0.2927 
   00915    0.4986  -15101.7272  0.2981 
   00916    0.4950  -15027.1032  0.2893 
   00917    0.4984  -15054.6598  0.2752 
   00918    0.5059  -15134.3915  0.2758 
   00919    0.4953  -15162.9491  0.2796 
   00920    0.4831  -15163.1646  0.2868 
   00921    0.4903  -15210.7433  0.2805 
   00922    0.5009  -15158.6540  0.2812 
   00923    0.4902  -15221.6606  0.2840 
   00924    0.5041  -15022.4521  0.2768 
   00925    0.4881  -15134.4140  0.2840 
   00926    0.5031  -15079.3590  0.2792 
   00927    0.4998  -15224.8214  0.2733 
   00928    0.4845  -15256.1142  0.2812 
   00929    0.4908  -15296.3907  0.2740 
   00930    0.4845  -15174.0233  0.2796 
   00931    0.4734  -15417.0669  0.2757 
   00932    0.4805  -15344.1877  0.2662 
   00933    0.4919  -15221.0720  0.2589 
   00934    0.4909  -15054.1601  0.2670 
   00935    0.4905  -14995.2528  0.2716 
   00936    0.4967  -15073.6834  0.2682 
   00937    0.4948  -15142.9320  0.2642 
   00938    0.4858  -15214.7125  0.2641 
   00939    0.4891  -15148.8447  0.2626 
   00940    0.4877  -15042.0263  0.2671 
   00941    0.4972  -15041.9484  0.2737 
   00942    0.4967  -15155.8992  0.2680 
   00943    0.4952  -15139.0991  0.2644 
   00944    0.4881  -15139.9846  0.2719 
   00945    0.4906  -15114.7826  0.2664 
   00946    0.4934  -15056.7593  0.2576 
   00947    0.5031  -15105.8059  0.2558 
   00948    0.4995  -15210.3342  0.2621 
   00949    0.4963  -15161.1369  0.2558 
   00950    0.4906  -15298.4744  0.2565 
   00951    0.4731  -15236.5892  0.2568 
   00952    0.4869  -15214.2172  0.2609 
   00953    0.4894  -15177.0751  0.2634 
   00954    0.4931  -15089.9814  0.2607 
   00955    0.5023  -15135.4033  0.2602 
   00956    0.4961  -15112.6517  0.2580 
   00957    0.4913  -15193.0720  0.2587 
   00958    0.4964  -15108.7704  0.2537 
   00959    0.4722  -15248.3609  0.2599 
   00960    0.4853  -15261.9413  0.2596 
   00961    0.4902  -15230.3549  0.2615 
   00962    0.4906  -15218.5346  0.2657 
   00963    0.4928  -15151.3614  0.2738 
   00964    0.4964  -15007.8962  0.2751 
   00965    0.4967  -14992.7681  0.2714 
   00966    0.5025  -14823.6274  0.2726 
   00967    0.5055  -14994.8791  0.2692 
   00968    0.4970  -15150.3936  0.2735 
   00969    0.4906  -15170.5502  0.2714 
   00970    0.4928  -15170.5582  0.2765 
   00971    0.4859  -15147.3513  0.2783 
   00972    0.4914  -15169.3712  0.2883 
   00973    0.4911  -15199.9499  0.2833 
   00974    0.4939  -15279.8199  0.2845 
   00975    0.4933  -15153.8048  0.2839 
   00976    0.5061  -15016.0210  0.2833 
   00977    0.4939  -15024.3697  0.2792 
   00978    0.4917  -14990.7545  0.2782 
   00979    0.4994  -14993.9407  0.2770 
   00980    0.4975  -15197.1226  0.2806 
   00981    0.4994  -15108.1267  0.2784 
   00982    0.4981  -15164.1576  0.2713 
   00983    0.4998  -15094.1384  0.2758 
   00984    0.4947  -14964.7206  0.2716 
   00985    0.4995  -15152.3605  0.2718 
   00986    0.4877  -15210.6816  0.2672 
   00987    0.4938  -15086.8195  0.2619 
   00988    0.5028  -14989.3967  0.2758 
   00989    0.4898  -15009.5387  0.2758 
   00990    0.4902  -15159.2964  0.2844 
   00991    0.4902  -15199.4684  0.2837 
   00992    0.4922  -15119.7812  0.2795 
   00993    0.4888  -15179.0868  0.2755 
   00994    0.4867  -15172.2341  0.2797 
   00995    0.4922  -15224.1205  0.2854 
   00996    0.4861  -15140.7594  0.2846 
   00997    0.4984  -15222.2461  0.2857 
   00998    0.4752  -15175.5660  0.2874 
   00999    0.4914  -15003.0445  0.2903 
   01000    0.4895  -14945.4745  0.2838 
