#=====================================================
# File created:        Mon-06-Nov-2023-at-03-14-02PM
# Size of lattice:     40x40
# Number of MC steps:  1000
# Reduced temperature: 0.400
# Run time (s):        7.139037
#=====================================================
# MC step:  Ratio:     Energy:   Order:
#=====================================================
   00000    0.5000   -1610.2535  0.2766 
   00001    0.6769   -2354.3723  0.2963 
   00002    0.6306   -2834.1760  0.3098 
   00003    0.5906   -3253.9162  0.3124 
   00004    0.5919   -3508.8333  0.3248 
   00005    0.5456   -3768.6376  0.3278 
   00006    0.5681   -3978.3485  0.3357 
   00007    0.5406   -4171.9904  0.3451 
   00008    0.4981   -4328.8280  0.3646 
   00009    0.5256   -4408.3727  0.3603 
   00010    0.4869   -4511.7453  0.3748 
   00011    0.4856   -4575.1115  0.3790 
   00012    0.4706   -4626.8756  0.3806 
   00013    0.4725   -4712.6888  0.3853 
   00014    0.4894   -4765.6613  0.3728 
   00015    0.4731   -4818.3072  0.3782 
   00016    0.4394   -4885.3137  0.3846 
   00017    0.4681   -4893.1409  0.3894 
   00018    0.4631   -4943.1904  0.3957 
   00019    0.4512   -4950.3227  0.3993 
   00020    0.4625   -4972.6570  0.3887 
   00021    0.4713   -4996.2548  0.3848 
   00022    0.4506   -5031.2871  0.3885 
   00023    0.4681   -5036.5974  0.3930 
   00024    0.4650   -5074.5130  0.3980 
   00025    0.4519   -5084.2810  0.3938 
   00026    0.4575   -5103.5522  0.3977 
   00027    0.4656   -5141.7275  0.3951 
   00028    0.4494   -5173.8329  0.3966 
   00029    0.4569   -5154.0753  0.4032 
   00030    0.4475   -5186.6893  0.4103 
   00031    0.4769   -5217.3508  0.4220 
   00032    0.4750   -5220.0746  0.4201 
   00033    0.4431   -5266.7043  0.4225 
   00034    0.4350   -5267.4361  0.4206 
   00035    0.4531   -5274.4603  0.4259 
   00036    0.4437   -5281.3610  0.4330 
   00037    0.4531   -5323.3195  0.4374 
   00038    0.4481   -5319.9709  0.4480 
   00039    0.4081   -5296.3631  0.4487 
   00040    0.4394   -5320.9768  0.4579 
   00041    0.4606   -5342.9565  0.4623 
   00042    0.4363   -5395.0517  0.4648 
   00043    0.4200   -5423.6345  0.4643 
   00044    0.4231   -5404.2149  0.4674 
   00045    0.4556   -5424.8024  0.4646 
   00046    0.4244   -5426.2331  0.4724 
   00047    0.4244   -5445.6792  0.4772 
   00048    0.4313   -5438.4417  0.4746 
   00049    0.4581   -5416.7176  0.4702 
   00050    0.4325   -5456.6332  0.4699 
   00051    0.4344   -5435.4360  0.4653 
   00052    0.4369   -5430.7362  0.4668 
   00053    0.4250   -5447.9591  0.4725 
   00054    0.4119   -5464.5590  0.4775 
   00055    0.4594   -5496.9311  0.4826 
   00056    0.4281   -5488.5140  0.4774 
   00057    0.4419   -5480.7464  0.4772 
   00058    0.4156   -5476.3717  0.4717 
   00059    0.4319   -5495.7076  0.4729 
   00060    0.4244   -5496.9846  0.4715 
   00061    0.4400   -5490.4321  0.4656 
   00062    0.4294   -5524.7647  0.4677 
   00063    0.4231   -5510.8404  0.4665 
   00064    0.4275   -5514.6857  0.4619 
   00065    0.4256   -5488.7113  0.4575 
   00066    0.4300   -5486.0809  0.4564 
   00067    0.4425   -5477.0409  0.4484 
   00068    0.4306   -5457.0968  0.4530 
   00069    0.4338   -5460.6337  0.4542 
   00070    0.4500   -5485.3507  0.4591 
   00071    0.4138   -5530.9420  0.4615 
   00072    0.4425   -5516.9413  0.4619 
   00073    0.4325   -5475.6024  0.4637 
   00074    0.4275   -5496.1468  0.4630 
   00075    0.4344   -5532.6215  0.4686 
   00076    0.4387   -5542.8778  0.4676 
   00077    0.4250   -5534.8299  0.4591 
   00078    0.4400   -5540.4627  0.4619 
   00079    0.4131   -5555.1103  0.4594 
   00080    0.4206   -5547.8419  0.4614 
   00081    0.4350   -5561.9849  0.4606 
   00082    0.4125   -5555.9389  0.4643 
   00083    0.4325   -5532.6219  0.4638 
   00084    0.4275   -5501.1992  0.4649 
   00085    0.4456   -5523.6703  0.4614 
   00086    0.4200   -5518.5701  0.4606 
   00087    0.4175   -5513.6211  0.4608 
   00088    0.4406   -5532.6641  0.4600 
   00089    0.4344   -5517.5494  0.4565 
   00090    0.4363   -5576.7584  0.4587 
   00091    0.4412   -5559.7693  0.4621 
   00092    0.4444   -5547.0198  0.4613 
   00093    0.4375   -5538.8031  0.4650 
   00094    0.4275   -5537.3401  0.4642 
   00095    0.4394   -5557.1861  0.4569 
   00096    0.4275   -5553.7926  0.4548 
   00097    0.4363   -5549.0725  0.4587 
   00098    0.4338   -5544.9559  0.4608 
   00099    0.4444   -5557.8961  0.4632 
   00100    0.4306   -5534.5697  0.4593 
   00101    0.4300   -5546.2697  0.4575 
   00102    0.4431   -5540.7431  0.4571 
   00103    0.4131   -5534.5882  0.4477 
   00104    0.4313   -5546.6063  0.4447 
   00105    0.4256   -5565.2020  0.4508 
   00106    0.4313   -5543.9642  0.4468 
   00107    0.4244   -5569.0608  0.4510 
   00108    0.4325   -5551.8551  0.4505 
   00109    0.4325   -5560.6924  0.4498 
   00110    0.4294   -5551.4087  0.4495 
   00111    0.4519   -5567.9677  0.4573 
   00112    0.4444   -5546.7954  0.4638 
   00113    0.4400   -5521.8650  0.4623 
   00114    0.4313   -5531.5269  0.4691 
   00115    0.4425   -5534.5432  0.4743 
   00116    0.4444   -5540.6541  0.4648 
   00117    0.4225   -5560.0140  0.4620 
   00118    0.4344   -5554.6548  0.4626 
   00119    0.4156   -5525.7002  0.4637 
   00120    0.4381   -5511.9881  0.4647 
   00121    0.4537   -5535.4808  0.4606 
   00122    0.4425   -5574.9905  0.4586 
   00123    0.4450   -5594.7819  0.4554 
   00124    0.4338   -5604.4522  0.4557 
   00125    0.4225   -5600.8301  0.4453 
   00126    0.4356   -5604.7263  0.4534 
   00127    0.4481   -5605.2838  0.4499 
   00128    0.4356   -5623.8663  0.4518 
   00129    0.4138   -5622.2062  0.4524 
   00130    0.4306   -5596.7168  0.4572 
   00131    0.4188   -5584.0471  0.4557 
   00132    0.4313   -5593.1489  0.4553 
   00133    0.4244   -5600.9389  0.4626 
   00134    0.4450   -5594.7743  0.4710 
   00135    0.4375   -5596.8270  0.4723 
   00136    0.4225   -5584.8905  0.4731 
   00137    0.4250   -5560.4791  0.4703 
   00138    0.4269   -5555.1850  0.4728 
   00139    0.4475   -5575.3255  0.4755 
   00140    0.4369   -5577.9538  0.4750 
   00141    0.4363   -5590.7928  0.4780 
   00142    0.4412   -5602.9296  0.4790 
   00143    0.4394   -5585.3032  0.4761 
   00144    0.4200   -5565.6410  0.4769 
   00145    0.4169   -5579.3846  0.4791 
   00146    0.4281   -5572.8547  0.4821 
   00147    0.4206   -5591.2507  0.4761 
   00148    0.4375   -5592.4469  0.4710 
   00149    0.4256   -5581.2933  0.4738 
   00150    0.4394   -5579.9977  0.4783 
   00151    0.4338   -5569.2534  0.4858 
   00152    0.4169   -5584.1830  0.4839 
   00153    0.4194   -5564.6117  0.4928 
   00154    0.4412   -5579.6420  0.4946 
   00155    0.4350   -5567.2967  0.5000 
   00156    0.4113   -5572.6951  0.4957 
   00157    0.4188   -5593.5527  0.5053 
   00158    0.4106   -5579.3989  0.5070 
   00159    0.4194   -5607.5776  0.5045 
   00160    0.4056   -5611.1822  0.5086 
   00161    0.4375   -5610.3679  0.5079 
   00162    0.4331   -5642.1226  0.5072 
   00163    0.4194   -5653.6967  0.5106 
   00164    0.4275   -5622.8308  0.5114 
   00165    0.4444   -5596.4981  0.5134 
   00166    0.4100   -5607.2984  0.5184 
   00167    0.4375   -5607.9736  0.5166 
   00168    0.4163   -5610.1274  0.5189 
   00169    0.4313   -5609.2457  0.5189 
   00170    0.4138   -5589.1694  0.5229 
   00171    0.4281   -5581.1266  0.5282 
   00172    0.4537   -5559.3564  0.5297 
   00173    0.4194   -5564.6145  0.5403 
   00174    0.4188   -5590.1471  0.5414 
   00175    0.4269   -5579.0303  0.5419 
   00176    0.4244   -5558.4584  0.5417 
   00177    0.4306   -5565.2407  0.5410 
   00178    0.4419   -5583.3340  0.5396 
   00179    0.4044   -5581.9591  0.5425 
   00180    0.4456   -5562.9601  0.5446 
   00181    0.4394   -5566.4776  0.5457 
   00182    0.4144   -5570.1072  0.5416 
   00183    0.4281   -5580.7225  0.5466 
   00184    0.4219   -5607.9317  0.5507 
   00185    0.4288   -5619.3174  0.5552 
   00186    0.4119   -5610.9958  0.5516 
   00187    0.4088   -5618.9244  0.5437 
   00188    0.4213   -5627.8183  0.5434 
   00189    0.4213   -5619.4579  0.5360 
   00190    0.4431   -5603.8861  0.5309 
   00191    0.4306   -5614.7379  0.5364 
   00192    0.4313   -5606.4508  0.5405 
   00193    0.4169   -5598.6285  0.5416 
   00194    0.4319   -5598.1031  0.5369 
   00195    0.4200   -5584.7078  0.5387 
   00196    0.4169   -5606.1406  0.5370 
   00197    0.4525   -5589.5501  0.5351 
   00198    0.4381   -5589.2399  0.5404 
   00199    0.4363   -5596.4645  0.5406 
   00200    0.4294   -5581.8919  0.5415 
   00201    0.4331   -5585.1618  0.5472 
   00202    0.4375   -5600.6188  0.5497 
   00203    0.4206   -5594.4814  0.5504 
   00204    0.4175   -5550.6364  0.5495 
   00205    0.4300   -5577.1747  0.5545 
   00206    0.4313   -5544.0427  0.5528 
   00207    0.4369   -5557.7653  0.5661 
   00208    0.4037   -5570.3150  0.5744 
   00209    0.4269   -5597.0534  0.5812 
   00210    0.4213   -5641.3575  0.5839 
   00211    0.4100   -5631.3974  0.5852 
   00212    0.4181   -5661.8423  0.5982 
   00213    0.4231   -5649.4977  0.5992 
   00214    0.4319   -5665.5706  0.5999 
   00215    0.4113   -5647.4352  0.5985 
   00216    0.4412   -5661.4497  0.6027 
   00217    0.4338   -5641.7746  0.6073 
   00218    0.4569   -5654.7581  0.6113 
   00219    0.4275   -5657.3218  0.6126 
   00220    0.4125   -5654.4748  0.6112 
   00221    0.4238   -5646.1091  0.6160 
   00222    0.4163   -5612.3295  0.6154 
   00223    0.4531   -5648.0177  0.6217 
   00224    0.4356   -5625.9407  0.6217 
   00225    0.4350   -5609.9084  0.6163 
   00226    0.4181   -5583.4236  0.6140 
   00227    0.4062   -5586.6834  0.6205 
   00228    0.4537   -5599.5250  0.6217 
   00229    0.4369   -5591.5412  0.6160 
   00230    0.4156   -5622.4282  0.6170 
   00231    0.4281   -5619.9714  0.6204 
   00232    0.4144   -5624.1139  0.6174 
   00233    0.4288   -5619.0222  0.6114 
   00234    0.4238   -5638.3156  0.6170 
   00235    0.4256   -5616.2838  0.6147 
   00236    0.4163   -5583.9864  0.6119 
   00237    0.4125   -5605.8801  0.6194 
   00238    0.4325   -5614.8059  0.6181 
   00239    0.4300   -5599.4176  0.6171 
   00240    0.4281   -5638.5794  0.6169 
   00241    0.4319   -5609.8764  0.6152 
   00242    0.4325   -5611.1514  0.6119 
   00243    0.4375   -5640.3473  0.6196 
   00244    0.4400   -5611.0171  0.6159 
   00245    0.4344   -5632.2091  0.6129 
   00246    0.4050   -5655.6293  0.6141 
   00247    0.4250   -5634.9111  0.6143 
   00248    0.4481   -5622.8912  0.6076 
   00249    0.4150   -5629.0625  0.6098 
   00250    0.4331   -5600.5617  0.6114 
   00251    0.4462   -5598.2995  0.6100 
   00252    0.4319   -5604.1745  0.6132 
   00253    0.4600   -5612.4703  0.6133 
   00254    0.4375   -5630.4366  0.6283 
   00255    0.4331   -5646.8504  0.6303 
   00256    0.4363   -5633.3856  0.6338 
   00257    0.4175   -5631.6588  0.6364 
   00258    0.4269   -5648.7475  0.6353 
   00259    0.4088   -5653.0467  0.6334 
   00260    0.4350   -5699.1962  0.6290 
   00261    0.4394   -5679.9647  0.6264 
   00262    0.4263   -5671.3756  0.6228 
   00263    0.4175   -5636.0672  0.6250 
   00264    0.4131   -5607.7810  0.6209 
   00265    0.4288   -5601.8744  0.6222 
   00266    0.4281   -5596.6246  0.6249 
   00267    0.4350   -5599.1087  0.6298 
   00268    0.4119   -5615.0612  0.6294 
   00269    0.4363   -5639.6178  0.6307 
   00270    0.4188   -5617.9195  0.6322 
   00271    0.4206   -5640.8126  0.6406 
   00272    0.4325   -5670.1930  0.6371 
   00273    0.4300   -5653.5662  0.6341 
   00274    0.4244   -5643.1779  0.6299 
   00275    0.4294   -5685.5238  0.6299 
   00276    0.4300   -5682.1542  0.6328 
   00277    0.4363   -5640.6003  0.6268 
   00278    0.4062   -5616.0253  0.6248 
   00279    0.4306   -5635.2107  0.6242 
   00280    0.4269   -5633.1001  0.6262 
   00281    0.4206   -5648.1376  0.6306 
   00282    0.4350   -5640.8696  0.6380 
   00283    0.4325   -5650.8730  0.6411 
   00284    0.4238   -5638.1870  0.6365 
   00285    0.4306   -5614.7812  0.6389 
   00286    0.4263   -5608.0992  0.6405 
   00287    0.4319   -5622.6662  0.6362 
   00288    0.4194   -5616.6268  0.6354 
   00289    0.4331   -5621.5750  0.6335 
   00290    0.4313   -5611.5979  0.6349 
   00291    0.4275   -5614.8213  0.6349 
   00292    0.4275   -5616.1503  0.6347 
   00293    0.4088   -5626.1507  0.6354 
   00294    0.4462   -5598.3019  0.6344 
   00295    0.4394   -5615.6761  0.6378 
   00296    0.4206   -5608.1583  0.6420 
   00297    0.4156   -5603.4009  0.6419 
   00298    0.4263   -5622.5721  0.6437 
   00299    0.4213   -5591.6614  0.6409 
   00300    0.4363   -5615.4145  0.6384 
   00301    0.4131   -5607.9910  0.6379 
   00302    0.4256   -5648.8991  0.6398 
   00303    0.4300   -5648.5717  0.6451 
   00304    0.4231   -5675.7542  0.6464 
   00305    0.3962   -5671.0433  0.6495 
   00306    0.4419   -5663.4799  0.6414 
   00307    0.4269   -5639.8078  0.6302 
   00308    0.4519   -5650.1140  0.6289 
   00309    0.4075   -5638.6299  0.6341 
   00310    0.3994   -5651.4086  0.6397 
   00311    0.4150   -5634.4993  0.6377 
   00312    0.4300   -5629.2034  0.6403 
   00313    0.4431   -5632.1288  0.6442 
   00314    0.4088   -5642.6217  0.6491 
   00315    0.4200   -5647.0858  0.6491 
   00316    0.4244   -5642.6044  0.6437 
   00317    0.4094   -5662.5508  0.6419 
   00318    0.4194   -5662.0493  0.6446 
   00319    0.4363   -5669.5784  0.6475 
   00320    0.4200   -5672.6136  0.6408 
   00321    0.4213   -5662.7902  0.6444 
   00322    0.4231   -5671.1317  0.6487 
   00323    0.4381   -5676.9234  0.6546 
   00324    0.3994   -5663.9405  0.6546 
   00325    0.4069   -5651.1512  0.6522 
   00326    0.4331   -5638.5243  0.6554 
   00327    0.4269   -5656.1573  0.6635 
   00328    0.4119   -5652.5582  0.6630 
   00329    0.4288   -5652.0241  0.6626 
   00330    0.4300   -5683.9496  0.6668 
   00331    0.4194   -5671.3893  0.6636 
   00332    0.4356   -5660.4623  0.6686 
   00333    0.4331   -5667.9588  0.6651 
   00334    0.4275   -5673.1704  0.6697 
   00335    0.4506   -5662.4055  0.6672 
   00336    0.4281   -5644.7837  0.6604 
   00337    0.4156   -5652.2585  0.6597 
   00338    0.4375   -5632.6374  0.6665 
   00339    0.4400   -5651.8307  0.6634 
   00340    0.4231   -5642.6931  0.6605 
   00341    0.4300   -5664.0506  0.6578 
   00342    0.3850   -5642.7976  0.6493 
   00343    0.4406   -5628.6386  0.6554 
   00344    0.4150   -5618.5487  0.6556 
   00345    0.4400   -5610.3853  0.6579 
   00346    0.4150   -5628.5470  0.6546 
   00347    0.4138   -5627.7059  0.6572 
   00348    0.4200   -5633.4886  0.6518 
   00349    0.4363   -5620.5448  0.6512 
   00350    0.4313   -5632.4357  0.6553 
   00351    0.4056   -5622.5736  0.6552 
   00352    0.4150   -5622.6011  0.6509 
   00353    0.4306   -5594.5633  0.6553 
   00354    0.4294   -5597.3435  0.6526 
   00355    0.4350   -5622.9712  0.6566 
   00356    0.4250   -5630.3415  0.6561 
   00357    0.4731   -5641.5731  0.6604 
   00358    0.4325   -5609.0629  0.6544 
   00359    0.4313   -5611.2420  0.6505 
   00360    0.4300   -5608.8502  0.6480 
   00361    0.4256   -5637.5011  0.6513 
   00362    0.4338   -5642.8013  0.6489 
   00363    0.4188   -5645.6972  0.6472 
   00364    0.4319   -5628.1910  0.6567 
   00365    0.4256   -5611.7719  0.6541 
   00366    0.4369   -5638.7849  0.6550 
   00367    0.3850   -5614.0094  0.6576 
   00368    0.4306   -5601.7875  0.6618 
   00369    0.4100   -5622.2119  0.6588 
   00370    0.4288   -5616.8003  0.6570 
   00371    0.4119   -5618.3501  0.6589 
   00372    0.4381   -5638.0200  0.6565 
   00373    0.4200   -5637.0197  0.6496 
   00374    0.4387   -5618.3581  0.6462 
   00375    0.4344   -5653.5761  0.6499 
   00376    0.4088   -5644.8420  0.6465 
   00377    0.4350   -5665.5227  0.6445 
   00378    0.4375   -5654.0605  0.6372 
   00379    0.4300   -5654.8954  0.6350 
   00380    0.4281   -5637.9654  0.6364 
   00381    0.4519   -5648.7947  0.6418 
   00382    0.4238   -5644.3874  0.6375 
   00383    0.4181   -5637.6942  0.6304 
   00384    0.4313   -5646.0405  0.6266 
   00385    0.4181   -5666.1061  0.6275 
   00386    0.4188   -5657.4728  0.6260 
   00387    0.4412   -5684.8968  0.6210 
   00388    0.4369   -5658.1264  0.6273 
   00389    0.4163   -5643.9799  0.6296 
   00390    0.4425   -5631.8390  0.6298 
   00391    0.4419   -5603.3981  0.6265 
   00392    0.4381   -5623.9627  0.6239 
   00393    0.4275   -5636.3346  0.6228 
   00394    0.4350   -5648.6606  0.6235 
   00395    0.4281   -5662.9199  0.6252 
   00396    0.4169   -5656.1058  0.6296 
   00397    0.4081   -5676.3404  0.6297 
   00398    0.4375   -5664.6939  0.6360 
   00399    0.4206   -5630.0027  0.6323 
   00400    0.4394   -5641.1917  0.6310 
   00401    0.4375   -5641.3260  0.6255 
   00402    0.4156   -5641.0809  0.6275 
   00403    0.4244   -5635.3147  0.6322 
   00404    0.4462   -5637.3536  0.6300 
   00405    0.4219   -5643.0390  0.6290 
   00406    0.4294   -5642.0832  0.6252 
   00407    0.4350   -5667.5826  0.6319 
   00408    0.4281   -5676.8356  0.6300 
   00409    0.4275   -5663.3509  0.6326 
   00410    0.4300   -5630.2294  0.6334 
   00411    0.4213   -5629.2275  0.6347 
   00412    0.4094   -5664.8580  0.6336 
   00413    0.4344   -5618.7171  0.6337 
   00414    0.4431   -5638.8670  0.6404 
   00415    0.4306   -5647.6693  0.6394 
   00416    0.4250   -5650.0718  0.6356 
   00417    0.4313   -5617.9281  0.6285 
   00418    0.4437   -5653.7811  0.6311 
   00419    0.4387   -5659.8548  0.6289 
   00420    0.4125   -5648.6184  0.6310 
   00421    0.4412   -5663.7906  0.6323 
   00422    0.4263   -5632.4496  0.6339 
   00423    0.4194   -5620.2900  0.6252 
   00424    0.4200   -5607.9614  0.6152 
   00425    0.4381   -5606.4299  0.6217 
   00426    0.3994   -5611.5938  0.6266 
   00427    0.4344   -5604.6780  0.6334 
   00428    0.4306   -5571.9899  0.6350 
   00429    0.4444   -5555.3821  0.6331 
   00430    0.4200   -5574.7267  0.6337 
   00431    0.4275   -5590.1369  0.6390 
   00432    0.4294   -5590.3724  0.6371 
   00433    0.4294   -5603.5484  0.6381 
   00434    0.4419   -5599.7602  0.6380 
   00435    0.4406   -5624.2002  0.6363 
   00436    0.4450   -5603.2602  0.6429 
   00437    0.4300   -5581.0643  0.6412 
   00438    0.4350   -5584.7911  0.6434 
   00439    0.4325   -5591.9870  0.6435 
   00440    0.4331   -5595.9434  0.6413 
   00441    0.4294   -5601.3317  0.6323 
   00442    0.4381   -5601.7546  0.6314 
   00443    0.4338   -5599.7451  0.6328 
   00444    0.4106   -5588.7548  0.6311 
   00445    0.4138   -5622.1761  0.6324 
   00446    0.4144   -5628.7722  0.6298 
   00447    0.4306   -5615.5991  0.6310 
   00448    0.4400   -5619.5967  0.6296 
   00449    0.4219   -5599.2410  0.6332 
   00450    0.4175   -5584.7288  0.6284 
   00451    0.4531   -5626.1764  0.6395 
   00452    0.4000   -5629.4886  0.6463 
   00453    0.4456   -5610.2450  0.6463 
   00454    0.4300   -5587.9451  0.6460 
   00455    0.4400   -5617.4921  0.6511 
   00456    0.4163   -5628.8102  0.6540 
   00457    0.4150   -5621.0796  0.6500 
   00458    0.4138   -5639.8907  0.6533 
   00459    0.4213   -5660.7735  0.6492 
   00460    0.4075   -5668.8134  0.6509 
   00461    0.4163   -5643.6799  0.6442 
   00462    0.3975   -5643.5653  0.6379 
   00463    0.4206   -5655.6679  0.6400 
   00464    0.4369   -5640.2326  0.6457 
   00465    0.4150   -5632.6791  0.6484 
   00466    0.4194   -5653.4821  0.6508 
   00467    0.4163   -5663.8544  0.6563 
   00468    0.4294   -5655.0297  0.6591 
   00469    0.4238   -5669.6240  0.6648 
   00470    0.4300   -5655.2124  0.6629 
   00471    0.4269   -5640.1883  0.6648 
   00472    0.4331   -5647.7336  0.6673 
   00473    0.4406   -5640.2061  0.6730 
   00474    0.4181   -5657.9222  0.6777 
   00475    0.4125   -5644.9326  0.6854 
   00476    0.4506   -5667.1385  0.6876 
   00477    0.4138   -5667.4693  0.6899 
   00478    0.4306   -5667.3235  0.6909 
   00479    0.4200   -5656.7220  0.6874 
   00480    0.4181   -5640.8123  0.6865 
   00481    0.4050   -5643.0793  0.6886 
   00482    0.4325   -5640.6475  0.6871 
   00483    0.4238   -5626.4680  0.6908 
   00484    0.4475   -5620.0962  0.6881 
   00485    0.4281   -5636.6909  0.6889 
   00486    0.4431   -5643.6930  0.6896 
   00487    0.4306   -5586.9248  0.6895 
   00488    0.4469   -5595.7840  0.6928 
   00489    0.4131   -5607.0837  0.6920 
   00490    0.4319   -5602.9629  0.6976 
   00491    0.4263   -5618.2341  0.6947 
   00492    0.4188   -5623.4582  0.7023 
   00493    0.4319   -5647.8411  0.7097 
   00494    0.4144   -5650.6661  0.7207 
   00495    0.4269   -5653.9090  0.7310 
   00496    0.4206   -5646.3916  0.7280 
   00497    0.4387   -5626.4821  0.7219 
   00498    0.4238   -5646.2001  0.7278 
   00499    0.4244   -5609.7331  0.7263 
   00500    0.4181   -5645.8275  0.7228 
   00501    0.4363   -5635.6236  0.7225 
   00502    0.4094   -5650.2975  0.7296 
   00503    0.4263   -5663.6819  0.7260 
   00504    0.4431   -5628.2498  0.7230 
   00505    0.4200   -5618.3621  0.7219 
   00506    0.4250   -5638.9187  0.7249 
   00507    0.4325   -5623.4290  0.7272 
   00508    0.4188   -5627.5243  0.7261 
   00509    0.4113   -5623.9999  0.7308 
   00510    0.4363   -5632.8794  0.7368 
   00511    0.4081   -5643.3263  0.7397 
   00512    0.3981   -5647.6930  0.7420 
   00513    0.4275   -5677.2837  0.7430 
   00514    0.4244   -5654.6164  0.7367 
   00515    0.4356   -5635.9820  0.7329 
   00516    0.4363   -5652.8211  0.7291 
   00517    0.4169   -5657.7157  0.7308 
   00518    0.4181   -5667.8042  0.7293 
   00519    0.4331   -5658.8095  0.7260 
   00520    0.4188   -5626.0735  0.7214 
   00521    0.4263   -5644.4480  0.7221 
   00522    0.4244   -5646.6484  0.7232 
   00523    0.4181   -5666.8078  0.7199 
   00524    0.4250   -5670.5209  0.7153 
   00525    0.4225   -5651.0178  0.7113 
   00526    0.4219   -5651.7198  0.7062 
   00527    0.4319   -5647.1650  0.7055 
   00528    0.4156   -5667.9669  0.7109 
   00529    0.4231   -5668.0153  0.7120 
   00530    0.4394   -5672.6629  0.7110 
   00531    0.4188   -5686.5649  0.7087 
   00532    0.4088   -5660.9671  0.7116 
   00533    0.4306   -5665.7855  0.7139 
   00534    0.4113   -5676.5068  0.7165 
   00535    0.4144   -5679.3018  0.7175 
   00536    0.4125   -5665.9737  0.7146 
   00537    0.4338   -5670.1228  0.7161 
   00538    0.4219   -5644.7030  0.7176 
   00539    0.4363   -5659.6246  0.7180 
   00540    0.4163   -5680.0968  0.7219 
   00541    0.4200   -5676.7382  0.7238 
   00542    0.4175   -5667.5846  0.7269 
   00543    0.4275   -5661.7389  0.7262 
   00544    0.4169   -5696.5248  0.7242 
   00545    0.4313   -5689.6092  0.7244 
   00546    0.4062   -5685.1060  0.7321 
   00547    0.4206   -5660.0455  0.7371 
   00548    0.4113   -5662.1173  0.7360 
   00549    0.4150   -5693.7768  0.7393 
   00550    0.4181   -5698.6746  0.7512 
   00551    0.4250   -5696.3063  0.7560 
   00552    0.4319   -5660.5909  0.7535 
   00553    0.4338   -5648.9791  0.7537 
   00554    0.4138   -5674.6535  0.7532 
   00555    0.4119   -5666.2191  0.7566 
   00556    0.4462   -5683.6768  0.7516 
   00557    0.4275   -5676.1462  0.7502 
   00558    0.3981   -5670.0647  0.7547 
   00559    0.4444   -5686.7511  0.7522 
   00560    0.4225   -5697.1024  0.7505 
   00561    0.4181   -5665.9884  0.7487 
   00562    0.4044   -5681.3735  0.7512 
   00563    0.4231   -5681.9986  0.7458 
   00564    0.4288   -5661.5553  0.7508 
   00565    0.4206   -5672.6906  0.7576 
   00566    0.4325   -5662.7884  0.7539 
   00567    0.4263   -5669.0012  0.7611 
   00568    0.4194   -5684.8088  0.7583 
   00569    0.4156   -5680.6080  0.7625 
   00570    0.4306   -5698.5815  0.7599 
   00571    0.4156   -5668.7450  0.7583 
   00572    0.4181   -5674.2099  0.7600 
   00573    0.4106   -5677.3909  0.7664 
   00574    0.4306   -5676.7223  0.7654 
   00575    0.4325   -5676.1661  0.7686 
   00576    0.4288   -5691.1638  0.7672 
   00577    0.4175   -5695.8190  0.7603 
   00578    0.4206   -5704.6346  0.7534 
   00579    0.4175   -5711.8001  0.7511 
   00580    0.4288   -5729.7172  0.7577 
   00581    0.4169   -5714.4770  0.7591 
   00582    0.4269   -5734.2210  0.7619 
   00583    0.4125   -5735.5538  0.7611 
   00584    0.4244   -5713.3853  0.7577 
   00585    0.4094   -5704.1891  0.7579 
   00586    0.4269   -5673.7061  0.7533 
   00587    0.4269   -5686.7199  0.7438 
   00588    0.4238   -5681.5767  0.7439 
   00589    0.4319   -5674.6550  0.7520 
   00590    0.4469   -5676.2263  0.7535 
   00591    0.4256   -5673.8721  0.7575 
   00592    0.4088   -5668.4515  0.7626 
   00593    0.4050   -5658.7764  0.7642 
   00594    0.4313   -5663.2371  0.7631 
   00595    0.4363   -5650.8074  0.7626 
   00596    0.4050   -5694.5850  0.7693 
   00597    0.4181   -5706.5385  0.7813 
   00598    0.4206   -5717.4987  0.7879 
   00599    0.4200   -5704.3983  0.7872 
   00600    0.4306   -5686.0211  0.7813 
   00601    0.4225   -5665.0823  0.7793 
   00602    0.4381   -5670.8273  0.7764 
   00603    0.4106   -5660.3459  0.7728 
   00604    0.4306   -5639.0685  0.7706 
   00605    0.4156   -5630.6498  0.7701 
   00606    0.4400   -5653.6357  0.7740 
   00607    0.4294   -5676.8471  0.7756 
   00608    0.4169   -5676.5309  0.7795 
   00609    0.4088   -5668.7850  0.7813 
   00610    0.4375   -5655.0702  0.7792 
   00611    0.4037   -5632.2599  0.7769 
   00612    0.4294   -5629.3307  0.7810 
   00613    0.4244   -5640.5131  0.7865 
   00614    0.4344   -5637.7839  0.7917 
   00615    0.4269   -5650.3079  0.7888 
   00616    0.4006   -5655.7153  0.7909 
   00617    0.4275   -5641.0314  0.7903 
   00618    0.4331   -5672.9583  0.7960 
   00619    0.4325   -5671.1346  0.8052 
   00620    0.4219   -5698.0026  0.8100 
   00621    0.4081   -5690.4104  0.8119 
   00622    0.4075   -5679.1288  0.8095 
   00623    0.4487   -5722.9862  0.8127 
   00624    0.4512   -5700.6243  0.8151 
   00625    0.4256   -5706.5073  0.8207 
   00626    0.4138   -5716.4414  0.8174 
   00627    0.4281   -5709.6729  0.8183 
   00628    0.4206   -5703.1308  0.8185 
   00629    0.4125   -5702.9808  0.8195 
   00630    0.4400   -5715.3267  0.8188 
   00631    0.4125   -5708.7257  0.8144 
   00632    0.4175   -5692.6510  0.8135 
   00633    0.4225   -5687.7266  0.8130 
   00634    0.4125   -5705.7603  0.8120 
   00635    0.4156   -5712.3917  0.8160 
   00636    0.4294   -5705.1696  0.8198 
   00637    0.4363   -5704.8525  0.8226 
   00638    0.4281   -5667.6681  0.8171 
   00639    0.4350   -5684.2841  0.8169 
   00640    0.4037   -5669.3363  0.8168 
   00641    0.4094   -5663.8871  0.8189 
   00642    0.4019   -5669.9287  0.8191 
   00643    0.4387   -5670.8677  0.8159 
   00644    0.4181   -5660.8653  0.8186 
   00645    0.4288   -5684.2338  0.8173 
   00646    0.4250   -5657.0117  0.8142 
   00647    0.4306   -5677.6502  0.8159 
   00648    0.4219   -5692.4341  0.8218 
   00649    0.4156   -5689.4286  0.8221 
   00650    0.4094   -5695.5892  0.8254 
   00651    0.4100   -5700.1701  0.8282 
   00652    0.4213   -5697.8339  0.8294 
   00653    0.4406   -5702.9195  0.8331 
   00654    0.4294   -5692.7860  0.8346 
   00655    0.4344   -5707.7946  0.8367 
   00656    0.4150   -5681.2767  0.8367 
   00657    0.4450   -5663.9600  0.8346 
   00658    0.4319   -5680.3050  0.8350 
   00659    0.4206   -5722.3498  0.8394 
   00660    0.4375   -5738.4008  0.8429 
   00661    0.4056   -5685.8386  0.8420 
   00662    0.4156   -5688.5996  0.8422 
   00663    0.4231   -5684.7811  0.8448 
   00664    0.4369   -5678.0565  0.8426 
   00665    0.4275   -5677.0202  0.8415 
   00666    0.4163   -5683.6112  0.8445 
   00667    0.4231   -5684.2611  0.8413 
   00668    0.4150   -5703.5754  0.8403 
   00669    0.4200   -5723.9591  0.8398 
   00670    0.4156   -5709.4029  0.8378 
   00671    0.4494   -5733.8239  0.8411 
   00672    0.4138   -5724.7112  0.8376 
   00673    0.4313   -5690.7593  0.8340 
   00674    0.4250   -5707.5492  0.8379 
   00675    0.4100   -5741.5785  0.8413 
   00676    0.4138   -5703.4405  0.8399 
   00677    0.4456   -5706.7766  0.8453 
   00678    0.4319   -5697.1070  0.8471 
   00679    0.4231   -5686.1109  0.8425 
   00680    0.4412   -5679.6835  0.8363 
   00681    0.4213   -5685.2199  0.8373 
   00682    0.3906   -5705.6795  0.8361 
   00683    0.4219   -5677.1751  0.8338 
   00684    0.4144   -5677.5481  0.8376 
   00685    0.4188   -5697.6073  0.8334 
   00686    0.4125   -5714.4812  0.8377 
   00687    0.4206   -5729.6377  0.8435 
   00688    0.4319   -5702.1055  0.8396 
   00689    0.4431   -5710.6322  0.8390 
   00690    0.4244   -5717.8946  0.8343 
   00691    0.4406   -5723.0220  0.8422 
   00692    0.4263   -5710.5197  0.8428 
   00693    0.4106   -5698.3727  0.8488 
   00694    0.4188   -5703.4277  0.8454 
   00695    0.4225   -5712.3448  0.8446 
   00696    0.4363   -5693.0207  0.8430 
   00697    0.4244   -5725.7780  0.8372 
   00698    0.4075   -5694.5441  0.8364 
   00699    0.4325   -5686.0056  0.8367 
   00700    0.4250   -5658.4839  0.8385 
   00701    0.4169   -5656.5337  0.8404 
   00702    0.4338   -5651.9128  0.8413 
   00703    0.4213   -5688.8850  0.8442 
   00704    0.4181   -5710.1240  0.8423 
   00705    0.4338   -5685.9256  0.8416 
   00706    0.4106   -5689.5947  0.8393 
   00707    0.4306   -5665.0116  0.8367 
   00708    0.4213   -5632.0543  0.8349 
   00709    0.4281   -5637.0531  0.8355 
   00710    0.4363   -5636.6754  0.8376 
   00711    0.4319   -5663.5514  0.8378 
   00712    0.4194   -5689.3206  0.8390 
   00713    0.4269   -5671.2256  0.8353 
   00714    0.4144   -5695.9181  0.8396 
   00715    0.4113   -5686.5411  0.8372 
   00716    0.4181   -5694.7921  0.8317 
   00717    0.4213   -5720.1306  0.8320 
   00718    0.4188   -5702.9396  0.8369 
   00719    0.4163   -5709.7831  0.8382 
   00720    0.4363   -5686.4498  0.8303 
   00721    0.4269   -5662.9334  0.8270 
   00722    0.4338   -5693.4709  0.8331 
   00723    0.4219   -5700.1655  0.8377 
   00724    0.4469   -5702.6105  0.8368 
   00725    0.4263   -5733.8711  0.8410 
   00726    0.4113   -5734.4942  0.8454 
   00727    0.3994   -5723.2048  0.8482 
   00728    0.4231   -5750.9590  0.8541 
   00729    0.4412   -5733.8215  0.8507 
   00730    0.4394   -5725.1868  0.8541 
   00731    0.4194   -5715.7447  0.8518 
   00732    0.4150   -5700.2643  0.8474 
   00733    0.4375   -5708.5604  0.8466 
   00734    0.4225   -5713.4367  0.8441 
   00735    0.4381   -5737.7029  0.8433 
   00736    0.4106   -5733.7172  0.8414 
   00737    0.4175   -5719.9178  0.8394 
   00738    0.4456   -5751.4396  0.8398 
   00739    0.4444   -5769.1427  0.8400 
   00740    0.4019   -5747.1121  0.8385 
   00741    0.4156   -5745.9697  0.8350 
   00742    0.4319   -5713.5336  0.8350 
   00743    0.4363   -5704.9798  0.8292 
   00744    0.4331   -5667.2738  0.8231 
   00745    0.4331   -5683.2259  0.8264 
   00746    0.4050   -5702.9322  0.8262 
   00747    0.4381   -5675.3008  0.8208 
   00748    0.4069   -5669.3346  0.8209 
   00749    0.4294   -5707.8318  0.8256 
   00750    0.4081   -5725.7697  0.8258 
   00751    0.4319   -5703.4722  0.8244 
   00752    0.4219   -5712.6488  0.8220 
   00753    0.4244   -5710.0540  0.8178 
   00754    0.4094   -5705.2460  0.8141 
   00755    0.4125   -5700.9543  0.8110 
   00756    0.4244   -5725.8258  0.8149 
   00757    0.4338   -5725.3599  0.8152 
   00758    0.4194   -5703.0715  0.8154 
   00759    0.4231   -5704.8794  0.8145 
   00760    0.4194   -5710.5870  0.8220 
   00761    0.4181   -5719.0914  0.8238 
   00762    0.4100   -5714.8602  0.8255 
   00763    0.3950   -5704.7282  0.8249 
   00764    0.4113   -5696.8469  0.8255 
   00765    0.4281   -5700.2497  0.8269 
   00766    0.4144   -5741.0078  0.8331 
   00767    0.3881   -5751.1294  0.8327 
   00768    0.4306   -5723.3259  0.8277 
   00769    0.4144   -5709.3661  0.8314 
   00770    0.4188   -5714.3972  0.8312 
   00771    0.4256   -5674.6877  0.8290 
   00772    0.4138   -5666.0309  0.8289 
   00773    0.4369   -5676.8445  0.8295 
   00774    0.4288   -5686.1625  0.8282 
   00775    0.4194   -5699.1324  0.8292 
   00776    0.4462   -5700.6989  0.8221 
   00777    0.4169   -5704.5227  0.8206 
   00778    0.4238   -5701.3146  0.8186 
   00779    0.4131   -5718.6098  0.8217 
   00780    0.4306   -5692.5941  0.8214 
   00781    0.4169   -5705.0440  0.8241 
   00782    0.4125   -5713.5889  0.8211 
   00783    0.3987   -5688.3113  0.8187 
   00784    0.4350   -5691.5793  0.8205 
   00785    0.4288   -5694.8893  0.8162 
   00786    0.4406   -5699.8789  0.8172 
   00787    0.4200   -5685.6622  0.8149 
   00788    0.4412   -5689.9259  0.8165 
   00789    0.4369   -5682.1532  0.8172 
   00790    0.4138   -5666.1722  0.8189 
   00791    0.4206   -5637.2485  0.8186 
   00792    0.4306   -5652.3760  0.8171 
   00793    0.4281   -5676.8412  0.8215 
   00794    0.4050   -5691.1378  0.8214 
   00795    0.4462   -5664.0469  0.8199 
   00796    0.4081   -5639.0725  0.8259 
   00797    0.4425   -5655.1040  0.8331 
   00798    0.4194   -5645.6103  0.8345 
   00799    0.4263   -5693.0235  0.8417 
   00800    0.4412   -5696.7188  0.8394 
   00801    0.4175   -5715.4740  0.8400 
   00802    0.4231   -5702.6260  0.8358 
   00803    0.4462   -5706.2862  0.8368 
   00804    0.4125   -5720.4764  0.8419 
   00805    0.4106   -5712.6661  0.8398 
   00806    0.4325   -5681.5983  0.8363 
   00807    0.4338   -5664.6263  0.8303 
   00808    0.4412   -5667.8067  0.8270 
   00809    0.4313   -5675.2484  0.8293 
   00810    0.4075   -5649.5646  0.8255 
   00811    0.4144   -5699.9891  0.8259 
   00812    0.4294   -5725.0462  0.8302 
   00813    0.4163   -5723.7021  0.8304 
   00814    0.4150   -5760.0373  0.8342 
   00815    0.4056   -5743.7734  0.8323 
   00816    0.4150   -5746.2338  0.8293 
   00817    0.4163   -5723.3727  0.8272 
   00818    0.4281   -5709.0344  0.8248 
   00819    0.4250   -5713.4715  0.8237 
   00820    0.4406   -5705.1436  0.8225 
   00821    0.4206   -5716.1325  0.8214 
   00822    0.4094   -5698.9945  0.8205 
   00823    0.4144   -5722.8421  0.8222 
   00824    0.4131   -5730.5368  0.8263 
   00825    0.4106   -5725.9062  0.8240 
   00826    0.4450   -5743.9767  0.8217 
   00827    0.4281   -5704.8435  0.8237 
   00828    0.4331   -5707.8052  0.8267 
   00829    0.4294   -5715.5321  0.8308 
   00830    0.4331   -5716.0530  0.8288 
   00831    0.4219   -5729.3962  0.8357 
   00832    0.4406   -5704.9895  0.8343 
   00833    0.4331   -5707.3577  0.8368 
   00834    0.4338   -5698.5987  0.8358 
   00835    0.4356   -5697.3644  0.8361 
   00836    0.4350   -5671.7363  0.8318 
   00837    0.4088   -5668.6171  0.8304 
   00838    0.4150   -5694.9907  0.8356 
   00839    0.4306   -5700.7741  0.8365 
   00840    0.4169   -5729.2235  0.8395 
   00841    0.4138   -5713.3117  0.8342 
   00842    0.4325   -5699.8490  0.8296 
   00843    0.4250   -5688.9033  0.8302 
   00844    0.4331   -5708.8410  0.8330 
   00845    0.4256   -5716.0170  0.8373 
   00846    0.4219   -5716.1279  0.8381 
   00847    0.4213   -5696.3012  0.8369 
   00848    0.4119   -5699.0218  0.8387 
   00849    0.4263   -5689.5895  0.8376 
   00850    0.4394   -5690.1861  0.8387 
   00851    0.4319   -5709.2620  0.8359 
   00852    0.4319   -5711.9810  0.8360 
   00853    0.4194   -5684.6674  0.8375 
   00854    0.4381   -5683.6695  0.8388 
   00855    0.4344   -5691.7732  0.8390 
   00856    0.4206   -5687.4308  0.8409 
   00857    0.4113   -5676.9781  0.8408 
   00858    0.4456   -5673.9893  0.8414 
   00859    0.4094   -5688.7517  0.8435 
   00860    0.4075   -5690.6439  0.8428 
   00861    0.4231   -5689.1004  0.8416 
   00862    0.4238   -5680.9538  0.8435 
   00863    0.4381   -5710.4193  0.8474 
   00864    0.4113   -5720.5756  0.8470 
   00865    0.4269   -5707.5869  0.8477 
   00866    0.4462   -5715.9569  0.8462 
   00867    0.4200   -5685.6650  0.8418 
   00868    0.4288   -5702.6564  0.8416 
   00869    0.4188   -5687.1016  0.8374 
   00870    0.4294   -5691.2704  0.8367 
   00871    0.4250   -5686.2183  0.8396 
   00872    0.4269   -5686.4950  0.8398 
   00873    0.4150   -5692.4859  0.8449 
   00874    0.4356   -5712.6797  0.8474 
   00875    0.4331   -5704.0969  0.8517 
   00876    0.4294   -5729.8544  0.8554 
   00877    0.4081   -5707.5107  0.8592 
   00878    0.4156   -5683.2867  0.8606 
   00879    0.4200   -5689.2440  0.8590 
   00880    0.4419   -5713.7130  0.8597 
   00881    0.4119   -5692.0208  0.8587 
   00882    0.4188   -5708.9369  0.8605 
   00883    0.4500   -5678.6969  0.8566 
   00884    0.4194   -5705.8693  0.8582 
   00885    0.4144   -5717.5740  0.8635 
   00886    0.4256   -5739.7803  0.8648 
   00887    0.4288   -5702.4410  0.8584 
   00888    0.4163   -5741.9849  0.8648 
   00889    0.4081   -5751.7409  0.8640 
   00890    0.4250   -5775.1734  0.8693 
   00891    0.4313   -5744.1622  0.8598 
   00892    0.4356   -5724.4072  0.8619 
   00893    0.4131   -5723.7761  0.8582 
   00894    0.4213   -5707.4048  0.8575 
   00895    0.4025   -5704.6747  0.8556 
   00896    0.4269   -5725.0080  0.8556 
   00897    0.4256   -5729.3299  0.8569 
   00898    0.4156   -5729.6483  0.8506 
   00899    0.4181   -5703.6288  0.8465 
   00900    0.4244   -5685.5697  0.8490 
   00901    0.4269   -5704.7909  0.8523 
   00902    0.4175   -5714.2174  0.8506 
   00903    0.4175   -5721.0043  0.8492 
   00904    0.4113   -5728.1222  0.8485 
   00905    0.4356   -5745.3005  0.8491 
   00906    0.4206   -5711.4210  0.8469 
   00907    0.4306   -5727.8916  0.8452 
   00908    0.4288   -5709.9636  0.8480 
   00909    0.4412   -5705.3798  0.8435 
   00910    0.4056   -5715.1115  0.8431 
   00911    0.4188   -5689.8571  0.8473 
   00912    0.4263   -5682.1723  0.8450 
   00913    0.4062   -5679.9274  0.8439 
   00914    0.4194   -5686.1745  0.8421 
   00915    0.4088   -5676.8862  0.8383 
   00916    0.4106   -5655.3080  0.8389 
   00917    0.4100   -5654.6005  0.8396 
   00918    0.4350   -5682.1936  0.8418 
   00919    0.4400   -5630.5604  0.8367 
   00920    0.4144   -5627.8477  0.8384 
   00921    0.4425   -5634.1642  0.8425 
   00922    0.4169   -5671.3577  0.8434 
   00923    0.4444   -5668.6560  0.8442 
   00924    0.4194   -5662.1555  0.8448 
   00925    0.4200   -5672.6611  0.8461 
   00926    0.4131   -5678.9204  0.8421 
   00927    0.4306   -5674.4290  0.8396 
   00928    0.4450   -5679.9612  0.8373 
   00929    0.4400   -5697.0821  0.8385 
   00930    0.4300   -5684.0699  0.8408 
   00931    0.4156   -5681.3531  0.8426 
   00932    0.4188   -5687.9923  0.8394 
   00933    0.4225   -5684.3750  0.8418 
   00934    0.4163   -5649.9142  0.8416 
   00935    0.4325   -5659.8970  0.8432 
   00936    0.4150   -5698.6132  0.8493 
   00937    0.4131   -5690.8483  0.8459 
   00938    0.4294   -5702.3149  0.8523 
   00939    0.4031   -5696.6455  0.8532 
   00940    0.4119   -5704.5421  0.8572 
   00941    0.4281   -5724.4851  0.8592 
   00942    0.4100   -5718.4869  0.8590 
   00943    0.4106   -5716.2205  0.8574 
   00944    0.4069   -5698.1405  0.8531 
   00945    0.4175   -5724.0238  0.8578 
   00946    0.4163   -5719.8950  0.8597 
   00947    0.4113   -5746.5341  0.8600 
   00948    0.4238   -5738.3015  0.8593 
   00949    0.4138   -5741.6653  0.8577 
   00950    0.4125   -5768.1248  0.8585 
   00951    0.4331   -5746.3601  0.8574 
   00952    0.4425   -5743.3783  0.8593 
   00953    0.4313   -5718.5202  0.8603 
   00954    0.4150   -5714.5393  0.8575 
   00955    0.3925   -5700.3827  0.8574 
   00956    0.4294   -5732.7702  0.8600 
   00957    0.4288   -5721.5737  0.8608 
   00958    0.4281   -5720.9662  0.8586 
   00959    0.4075   -5707.4045  0.8516 
   00960    0.4056   -5704.6476  0.8510 
   00961    0.4394   -5710.1471  0.8544 
   00962    0.4381   -5718.9277  0.8556 
   00963    0.4331   -5698.4084  0.8511 
   00964    0.4263   -5701.8573  0.8517 
   00965    0.4256   -5677.1919  0.8526 
   00966    0.4250   -5711.2613  0.8550 
   00967    0.4344   -5669.0666  0.8491 
   00968    0.4363   -5629.3741  0.8431 
   00969    0.4319   -5632.7401  0.8440 
   00970    0.4163   -5640.8513  0.8451 
   00971    0.4050   -5660.5078  0.8450 
   00972    0.4138   -5676.1963  0.8445 
   00973    0.4419   -5678.4534  0.8447 
   00974    0.4200   -5674.2643  0.8449 
   00975    0.4300   -5659.7242  0.8441 
   00976    0.4144   -5680.3350  0.8467 
   00977    0.4263   -5708.8113  0.8456 
   00978    0.4288   -5692.8874  0.8434 
   00979    0.4219   -5686.4746  0.8458 
   00980    0.4088   -5695.5916  0.8446 
   00981    0.4231   -5740.2760  0.8467 
   00982    0.4450   -5745.6560  0.8493 
   00983    0.4387   -5755.1871  0.8501 
   00984    0.4300   -5766.2431  0.8492 
   00985    0.4131   -5752.0382  0.8468 
   00986    0.4144   -5732.3074  0.8399 
   00987    0.4169   -5725.4374  0.8410 
   00988    0.4050   -5692.4108  0.8374 
   00989    0.4206   -5707.1314  0.8445 
   00990    0.4462   -5702.5332  0.8443 
   00991    0.4587   -5696.3641  0.8383 
   00992    0.4156   -5704.8325  0.8392 
   00993    0.4300   -5682.2173  0.8381 
   00994    0.4319   -5707.4364  0.8323 
   00995    0.4163   -5719.1497  0.8308 
   00996    0.4244   -5685.2175  0.8260 
   00997    0.4238   -5692.0499  0.8264 
   00998    0.4331   -5680.7719  0.8269 
   00999    0.4281   -5662.4829  0.8256 
   01000    0.4094   -5669.0766  0.8240 
