#=====================================================
# File created:        Mon-06-Nov-2023-at-10-50-34AM
# Size of lattice:     20x20
# Number of MC steps:  1000
# Reduced temperature: 1.600
# Run time (s):        10.093568
#=====================================================
# MC step:  Ratio:     Energy:   Order:
#=====================================================
   00000    0.5000    -328.7958  0.2854 
   00001    0.6300    -371.6510  0.2776 
   00002    0.6000    -420.2664  0.2850 
   00003    0.6400    -458.1072  0.2866 
   00004    0.6800    -460.1283  0.2691 
   00005    0.5900    -505.8472  0.2720 
   00006    0.5700    -531.0485  0.2790 
   00007    0.5400    -547.1152  0.3016 
   00008    0.6100    -559.5490  0.3054 
   00009    0.6000    -584.4925  0.3114 
   00010    0.5900    -596.1333  0.3060 
   00011    0.5600    -603.6375  0.3018 
   00012    0.5500    -597.0202  0.2839 
   00013    0.6300    -612.6389  0.2953 
   00014    0.6300    -611.7090  0.2904 
   00015    0.5600    -613.6787  0.2775 
   00016    0.5700    -631.6347  0.2597 
   00017    0.6200    -628.4459  0.2666 
   00018    0.6000    -665.2146  0.2679 
   00019    0.5000    -660.8538  0.2681 
   00020    0.6000    -672.8548  0.2618 
   00021    0.5500    -662.0514  0.2613 
   00022    0.5600    -668.1882  0.2580 
   00023    0.5600    -660.6200  0.2694 
   00024    0.5500    -644.1801  0.2732 
   00025    0.5100    -703.7936  0.2738 
   00026    0.5700    -670.5021  0.2861 
   00027    0.5900    -655.2536  0.2870 
   00028    0.5000    -656.2292  0.3037 
   00029    0.5600    -672.9409  0.3019 
   00030    0.5700    -696.1586  0.3115 
   00031    0.4700    -701.6660  0.3192 
   00032    0.5500    -682.4902  0.2969 
   00033    0.5700    -697.5428  0.2986 
   00034    0.5200    -693.1314  0.2961 
   00035    0.6000    -703.4509  0.2792 
   00036    0.5800    -743.1550  0.2778 
   00037    0.5700    -720.6215  0.2735 
   00038    0.4800    -725.4020  0.2675 
   00039    0.5000    -697.8210  0.2652 
   00040    0.4600    -702.1036  0.2559 
   00041    0.4300    -725.4448  0.2680 
   00042    0.5100    -721.0073  0.2853 
   00043    0.5000    -688.0102  0.2878 
   00044    0.5000    -685.4205  0.2735 
   00045    0.5200    -689.7936  0.2737 
   00046    0.5800    -710.2046  0.2726 
   00047    0.4700    -696.6362  0.2659 
   00048    0.5200    -688.2467  0.2683 
   00049    0.5100    -705.8079  0.2729 
   00050    0.4400    -734.0175  0.2968 
   00051    0.5100    -758.3472  0.3051 
   00052    0.4800    -733.7199  0.2944 
   00053    0.4700    -704.0052  0.3137 
   00054    0.5700    -713.1517  0.3179 
   00055    0.5100    -699.9136  0.3223 
   00056    0.5100    -709.5762  0.2912 
   00057    0.5300    -696.1267  0.3094 
   00058    0.4600    -699.2498  0.3025 
   00059    0.5800    -711.6265  0.3181 
   00060    0.5900    -725.3780  0.2971 
   00061    0.5300    -732.9792  0.3121 
   00062    0.5200    -742.7746  0.3142 
   00063    0.5100    -748.7984  0.3276 
   00064    0.4800    -722.3970  0.3229 
   00065    0.5000    -722.9795  0.3361 
   00066    0.5300    -672.1189  0.3440 
   00067    0.5000    -685.1906  0.3483 
   00068    0.5100    -693.7155  0.3532 
   00069    0.4200    -690.4755  0.3323 
   00070    0.5800    -696.9900  0.3193 
   00071    0.5500    -688.1672  0.3118 
   00072    0.5000    -652.0320  0.3081 
   00073    0.5700    -648.7345  0.2882 
   00074    0.5400    -690.0352  0.2978 
   00075    0.5500    -680.0784  0.2986 
   00076    0.5100    -710.4272  0.2984 
   00077    0.4700    -716.9507  0.3187 
   00078    0.5600    -703.6193  0.3089 
   00079    0.4900    -700.4443  0.3134 
   00080    0.6100    -700.5038  0.3147 
   00081    0.5700    -688.1956  0.2902 
   00082    0.4700    -698.3665  0.2862 
   00083    0.4800    -683.6585  0.2900 
   00084    0.5000    -656.3065  0.2764 
   00085    0.5900    -652.2962  0.2791 
   00086    0.5800    -667.6824  0.2803 
   00087    0.4700    -666.9909  0.2778 
   00088    0.5600    -669.6745  0.2706 
   00089    0.5400    -674.0058  0.2787 
   00090    0.4800    -724.6350  0.2799 
   00091    0.5500    -733.1267  0.2873 
   00092    0.6000    -739.1589  0.2768 
   00093    0.5000    -733.4832  0.2572 
   00094    0.5500    -749.1664  0.2547 
   00095    0.5000    -722.3038  0.2632 
   00096    0.4600    -716.8516  0.2692 
   00097    0.5300    -708.8140  0.2656 
   00098    0.5200    -713.4697  0.2874 
   00099    0.5700    -688.4526  0.2871 
   00100    0.5500    -711.5838  0.2930 
   00101    0.5400    -726.1233  0.3022 
   00102    0.5600    -707.6712  0.2857 
   00103    0.5300    -747.6646  0.3215 
   00104    0.5500    -737.7426  0.3338 
   00105    0.5300    -724.2428  0.3369 
   00106    0.4800    -719.7047  0.3467 
   00107    0.5500    -691.9672  0.3212 
   00108    0.5800    -706.6129  0.3292 
   00109    0.4300    -694.8507  0.3217 
   00110    0.5400    -701.9104  0.3157 
   00111    0.5300    -714.7293  0.3075 
   00112    0.5800    -717.0747  0.3084 
   00113    0.5300    -688.0912  0.3073 
   00114    0.4300    -666.9176  0.3104 
   00115    0.5900    -673.5354  0.3006 
   00116    0.5700    -693.0936  0.3095 
   00117    0.5100    -668.7538  0.2964 
   00118    0.5200    -645.7639  0.3072 
   00119    0.5100    -648.6981  0.3374 
   00120    0.5900    -664.4652  0.3379 
   00121    0.4700    -663.0743  0.3397 
   00122    0.5100    -639.3333  0.3446 
   00123    0.5500    -643.6299  0.3548 
   00124    0.5600    -659.1614  0.3454 
   00125    0.5700    -661.1091  0.3469 
   00126    0.5200    -650.8276  0.3456 
   00127    0.4700    -663.1524  0.3504 
   00128    0.5200    -658.6501  0.3453 
   00129    0.6000    -671.3291  0.3387 
   00130    0.5400    -673.2743  0.3176 
   00131    0.5200    -687.8017  0.3017 
   00132    0.5300    -710.0475  0.2957 
   00133    0.5000    -724.1069  0.3103 
   00134    0.5600    -710.4431  0.3260 
   00135    0.4700    -697.0783  0.3253 
   00136    0.5000    -707.7201  0.3456 
   00137    0.4700    -687.9610  0.3320 
   00138    0.5100    -692.9945  0.3361 
   00139    0.6300    -642.0820  0.3318 
   00140    0.5100    -667.7586  0.3319 
   00141    0.5100    -653.0312  0.3168 
   00142    0.5600    -676.9383  0.3231 
   00143    0.5000    -685.2571  0.3208 
   00144    0.6100    -659.5715  0.2992 
   00145    0.5400    -685.1648  0.2916 
   00146    0.6000    -685.5654  0.2863 
   00147    0.5700    -659.8836  0.2782 
   00148    0.5100    -682.3990  0.2696 
   00149    0.5200    -688.0505  0.2763 
   00150    0.5800    -694.6286  0.2874 
   00151    0.5300    -696.6905  0.2801 
   00152    0.5100    -674.0590  0.2815 
   00153    0.5600    -684.5533  0.2783 
   00154    0.5400    -696.7624  0.2821 
   00155    0.5200    -694.8115  0.2904 
   00156    0.5900    -709.5128  0.2784 
   00157    0.6200    -708.2296  0.2774 
   00158    0.5600    -718.5629  0.2803 
   00159    0.5800    -742.8121  0.2876 
   00160    0.4900    -738.6982  0.2845 
   00161    0.5600    -738.8149  0.2701 
   00162    0.5200    -724.4118  0.2592 
   00163    0.5600    -725.4036  0.2690 
   00164    0.5300    -710.8611  0.2866 
   00165    0.6200    -726.1727  0.2946 
   00166    0.4900    -721.1956  0.2981 
   00167    0.4400    -740.9004  0.2858 
   00168    0.5100    -743.3899  0.2837 
   00169    0.5200    -730.5013  0.3216 
   00170    0.5500    -731.5457  0.3231 
   00171    0.4900    -728.7116  0.3383 
   00172    0.5100    -729.0006  0.3443 
   00173    0.6000    -720.1927  0.3463 
   00174    0.6100    -718.7687  0.3436 
   00175    0.5300    -741.9234  0.3312 
   00176    0.5000    -730.1467  0.3390 
   00177    0.5000    -714.7553  0.3500 
   00178    0.5200    -717.9336  0.3635 
   00179    0.4300    -726.3188  0.3572 
   00180    0.5400    -738.6937  0.3529 
   00181    0.5200    -744.3569  0.3544 
   00182    0.5100    -739.8954  0.3299 
   00183    0.5400    -760.4247  0.3408 
   00184    0.5300    -764.4794  0.3514 
   00185    0.5300    -748.1220  0.3572 
   00186    0.5200    -729.1404  0.3514 
   00187    0.5300    -761.3257  0.3528 
   00188    0.4900    -777.8582  0.3725 
   00189    0.5500    -768.0595  0.3624 
   00190    0.5200    -742.8871  0.3321 
   00191    0.5300    -737.0196  0.3321 
   00192    0.5900    -751.7075  0.3192 
   00193    0.5100    -747.5440  0.3373 
   00194    0.5300    -724.2466  0.3284 
   00195    0.5400    -742.5544  0.3394 
   00196    0.5600    -733.8434  0.3341 
   00197    0.5200    -729.6308  0.3144 
   00198    0.5400    -727.2246  0.2936 
   00199    0.4700    -709.7841  0.3108 
   00200    0.5100    -709.6768  0.3113 
   00201    0.5000    -725.1330  0.2928 
   00202    0.5700    -708.1666  0.2751 
   00203    0.5700    -700.8852  0.2725 
   00204    0.4800    -729.1681  0.2727 
   00205    0.5700    -716.3663  0.2689 
   00206    0.6200    -688.5805  0.2868 
   00207    0.5800    -645.0093  0.3098 
   00208    0.5600    -618.1109  0.3167 
   00209    0.5400    -621.7309  0.3345 
   00210    0.5100    -615.6579  0.3199 
   00211    0.5800    -619.4474  0.3242 
   00212    0.4700    -630.7152  0.3148 
   00213    0.6000    -662.9497  0.3287 
   00214    0.5600    -656.8482  0.3103 
   00215    0.5600    -654.0468  0.3047 
   00216    0.4800    -656.7642  0.2932 
   00217    0.5100    -632.6892  0.2956 
   00218    0.4900    -619.2050  0.3100 
   00219    0.5200    -625.4317  0.2952 
   00220    0.5200    -640.1375  0.2983 
   00221    0.5100    -627.5608  0.3074 
   00222    0.5600    -626.8592  0.3253 
   00223    0.5700    -624.6077  0.3187 
   00224    0.5600    -641.2841  0.3277 
   00225    0.4800    -671.9086  0.3330 
   00226    0.5100    -672.8629  0.3316 
   00227    0.5400    -715.6191  0.3354 
   00228    0.5000    -708.2641  0.3318 
   00229    0.5000    -697.6625  0.3117 
   00230    0.5000    -706.8815  0.3105 
   00231    0.5800    -739.7811  0.3092 
   00232    0.5200    -738.0390  0.3034 
   00233    0.4900    -736.6258  0.3061 
   00234    0.5100    -716.8161  0.2950 
   00235    0.5300    -697.6859  0.3117 
   00236    0.5300    -676.9255  0.3132 
   00237    0.5200    -679.0082  0.3159 
   00238    0.5100    -690.9687  0.3251 
   00239    0.4500    -693.7998  0.3150 
   00240    0.6500    -700.0187  0.3403 
   00241    0.5700    -713.2760  0.3454 
   00242    0.4600    -725.3419  0.3449 
   00243    0.5000    -727.6655  0.3431 
   00244    0.4400    -707.6696  0.3552 
   00245    0.4300    -724.7883  0.3520 
   00246    0.5100    -723.5089  0.3419 
   00247    0.5900    -725.7827  0.3462 
   00248    0.5800    -696.4322  0.3374 
   00249    0.5300    -719.1238  0.3382 
   00250    0.5400    -703.6238  0.3149 
   00251    0.5700    -701.9481  0.3026 
   00252    0.5400    -707.7735  0.2942 
   00253    0.4800    -708.5717  0.2963 
   00254    0.5700    -701.1714  0.2854 
   00255    0.5200    -693.8319  0.2827 
   00256    0.5600    -710.2066  0.2844 
   00257    0.5300    -703.5849  0.2722 
   00258    0.4700    -674.4777  0.2747 
   00259    0.5100    -667.5920  0.2540 
   00260    0.5000    -660.2902  0.2694 
   00261    0.5300    -701.8673  0.2944 
   00262    0.6200    -670.3457  0.2742 
   00263    0.5300    -681.9007  0.2620 
   00264    0.5600    -659.0915  0.2660 
   00265    0.6100    -653.8517  0.2682 
   00266    0.5200    -650.6664  0.2982 
   00267    0.5700    -641.4019  0.3064 
   00268    0.4900    -656.9385  0.3140 
   00269    0.5600    -659.5177  0.3149 
   00270    0.4900    -673.2941  0.3239 
   00271    0.5000    -695.8052  0.3445 
   00272    0.5500    -679.9667  0.3344 
   00273    0.5700    -667.6999  0.3306 
   00274    0.5700    -676.6487  0.3375 
   00275    0.5800    -665.1267  0.3375 
   00276    0.6600    -652.1444  0.3275 
   00277    0.5400    -663.0670  0.3219 
   00278    0.5500    -679.4053  0.3208 
   00279    0.5600    -712.7642  0.3451 
   00280    0.5100    -730.9311  0.3338 
   00281    0.5600    -735.4438  0.3514 
   00282    0.5200    -722.2309  0.3546 
   00283    0.5400    -702.9535  0.3389 
   00284    0.5300    -694.7084  0.3288 
   00285    0.5300    -695.1773  0.3318 
   00286    0.5000    -682.5691  0.3422 
   00287    0.5100    -686.1905  0.3612 
   00288    0.5000    -675.3567  0.3605 
   00289    0.5000    -691.0931  0.3648 
   00290    0.5700    -689.8405  0.3658 
   00291    0.5800    -692.7724  0.3676 
   00292    0.5300    -712.0749  0.3446 
   00293    0.5400    -684.5829  0.3413 
   00294    0.5100    -697.1585  0.3494 
   00295    0.5400    -664.6838  0.3333 
   00296    0.4900    -686.3191  0.3355 
   00297    0.5800    -702.0863  0.3513 
   00298    0.5400    -732.7245  0.3408 
   00299    0.5100    -728.6196  0.3365 
   00300    0.4800    -728.1155  0.3373 
   00301    0.4800    -728.7076  0.3310 
   00302    0.5000    -732.9995  0.3406 
   00303    0.5000    -729.4205  0.3506 
   00304    0.5400    -718.9550  0.3396 
   00305    0.5100    -715.5262  0.3554 
   00306    0.4600    -724.4177  0.3707 
   00307    0.4100    -720.1268  0.3753 
   00308    0.5500    -720.9772  0.3849 
   00309    0.5200    -718.3832  0.3807 
   00310    0.5200    -704.1893  0.3768 
   00311    0.5200    -711.1418  0.3846 
   00312    0.5800    -735.0776  0.3909 
   00313    0.5200    -706.1359  0.3982 
   00314    0.4800    -681.5939  0.3878 
   00315    0.5500    -692.7635  0.3770 
   00316    0.5400    -710.8288  0.3799 
   00317    0.5300    -716.5492  0.3693 
   00318    0.5700    -714.7902  0.3669 
   00319    0.4900    -718.5803  0.3500 
   00320    0.5000    -724.0876  0.3457 
   00321    0.4900    -703.4388  0.3578 
   00322    0.5300    -712.6493  0.3355 
   00323    0.5200    -714.3775  0.3455 
   00324    0.5500    -717.9484  0.3453 
   00325    0.5100    -742.8837  0.3449 
   00326    0.5200    -732.3467  0.3271 
   00327    0.5000    -736.7201  0.3339 
   00328    0.5000    -758.0000  0.3327 
   00329    0.4400    -740.1795  0.3486 
   00330    0.5500    -725.6460  0.3666 
   00331    0.5300    -719.6393  0.3634 
   00332    0.5200    -702.1918  0.3439 
   00333    0.5100    -715.5681  0.3281 
   00334    0.4600    -709.4662  0.3432 
   00335    0.4400    -696.7369  0.3491 
   00336    0.5200    -702.2372  0.3557 
   00337    0.5000    -694.0357  0.3509 
   00338    0.5500    -705.3535  0.3169 
   00339    0.5600    -693.2042  0.3261 
   00340    0.6400    -710.3479  0.3400 
   00341    0.4800    -688.4276  0.3221 
   00342    0.4700    -697.9389  0.3205 
   00343    0.4900    -702.1447  0.3077 
   00344    0.5900    -657.1798  0.3020 
   00345    0.5800    -663.0705  0.3063 
   00346    0.5200    -655.1552  0.3048 
   00347    0.5600    -656.9132  0.3113 
   00348    0.5300    -670.4314  0.3222 
   00349    0.5500    -685.4257  0.3119 
   00350    0.5000    -677.7914  0.3055 
   00351    0.5400    -677.5743  0.3017 
   00352    0.5600    -674.7989  0.2816 
   00353    0.5500    -690.0163  0.2823 
   00354    0.5200    -699.5538  0.2690 
   00355    0.5700    -667.5207  0.2585 
   00356    0.5500    -653.2080  0.2717 
   00357    0.6100    -664.1043  0.2559 
   00358    0.5300    -671.8924  0.2569 
   00359    0.4900    -686.4020  0.2668 
   00360    0.5400    -683.1575  0.2657 
   00361    0.5500    -692.5499  0.2615 
   00362    0.5400    -690.0225  0.2727 
   00363    0.5500    -692.0440  0.2818 
   00364    0.4200    -729.6917  0.2818 
   00365    0.5100    -717.8207  0.2798 
   00366    0.5500    -720.7563  0.2761 
   00367    0.5200    -739.6903  0.2677 
   00368    0.5400    -739.0963  0.2845 
   00369    0.5600    -731.4993  0.2872 
   00370    0.4700    -695.2511  0.2986 
   00371    0.5500    -689.3166  0.2845 
   00372    0.5400    -658.5687  0.2854 
   00373    0.5200    -695.9876  0.3195 
   00374    0.5600    -685.0027  0.3213 
   00375    0.5600    -657.7717  0.3223 
   00376    0.5900    -666.7633  0.3296 
   00377    0.5700    -644.3004  0.3099 
   00378    0.5600    -654.0016  0.3183 
   00379    0.5300    -690.4895  0.3133 
   00380    0.6000    -692.9472  0.3157 
   00381    0.5800    -670.1341  0.3066 
   00382    0.6000    -669.9439  0.2995 
   00383    0.5300    -664.0990  0.3236 
   00384    0.5400    -689.0446  0.3146 
   00385    0.5100    -690.4819  0.3208 
   00386    0.5300    -695.2010  0.3297 
   00387    0.5000    -699.4439  0.3203 
   00388    0.5300    -693.0617  0.3153 
   00389    0.5900    -686.1808  0.3147 
   00390    0.5900    -696.7104  0.3036 
   00391    0.5300    -681.7426  0.3120 
   00392    0.5200    -693.6636  0.3032 
   00393    0.5800    -692.8243  0.3130 
   00394    0.5500    -697.6427  0.3113 
   00395    0.4300    -693.0923  0.3068 
   00396    0.5700    -705.7304  0.2939 
   00397    0.4800    -726.7253  0.2869 
   00398    0.4800    -736.5166  0.2985 
   00399    0.5100    -784.3915  0.3238 
   00400    0.4900    -746.4323  0.3377 
   00401    0.4600    -720.4457  0.3384 
   00402    0.5200    -733.3533  0.3386 
   00403    0.4800    -744.8917  0.3388 
   00404    0.5400    -708.4441  0.3411 
   00405    0.5100    -744.2116  0.3392 
   00406    0.4100    -775.1326  0.3517 
   00407    0.4600    -782.2079  0.3429 
   00408    0.4800    -764.4012  0.3377 
   00409    0.5600    -765.4673  0.3340 
   00410    0.5100    -767.5161  0.3416 
   00411    0.5000    -767.1386  0.3340 
   00412    0.5200    -789.6001  0.3334 
   00413    0.4700    -785.9895  0.3365 
   00414    0.4700    -786.2270  0.3485 
   00415    0.5000    -797.6870  0.3477 
   00416    0.5100    -791.7041  0.3348 
   00417    0.4800    -815.2112  0.3368 
   00418    0.4600    -771.9451  0.3143 
   00419    0.5300    -790.3262  0.3202 
   00420    0.5100    -798.9193  0.3535 
   00421    0.4700    -790.7892  0.3376 
   00422    0.5200    -791.2484  0.3335 
   00423    0.5500    -774.1428  0.3224 
   00424    0.4700    -773.4340  0.2996 
   00425    0.5200    -763.7441  0.2934 
   00426    0.3800    -750.4710  0.2971 
   00427    0.5000    -770.8976  0.3090 
   00428    0.4900    -774.7829  0.3019 
   00429    0.4800    -797.7308  0.2915 
   00430    0.5200    -781.6465  0.2780 
   00431    0.5600    -762.8271  0.2792 
   00432    0.5000    -762.3143  0.2837 
   00433    0.4900    -745.4291  0.2895 
   00434    0.4900    -750.5259  0.3029 
   00435    0.4500    -731.9866  0.3121 
   00436    0.5100    -734.8718  0.3168 
   00437    0.6100    -711.4876  0.3011 
   00438    0.5200    -694.1762  0.3159 
   00439    0.5500    -708.3863  0.3263 
   00440    0.5400    -676.6484  0.2880 
   00441    0.6100    -686.0059  0.2825 
   00442    0.5600    -717.0341  0.3065 
   00443    0.5900    -716.2949  0.2975 
   00444    0.5200    -708.8731  0.3074 
   00445    0.4700    -713.7347  0.3051 
   00446    0.5100    -743.4181  0.3208 
   00447    0.5000    -736.8741  0.3353 
   00448    0.5300    -732.3338  0.3200 
   00449    0.4100    -738.7744  0.3157 
   00450    0.5100    -736.7297  0.3068 
   00451    0.5100    -753.2328  0.3147 
   00452    0.5100    -749.8848  0.3177 
   00453    0.5500    -760.3962  0.2984 
   00454    0.4800    -754.6041  0.2989 
   00455    0.4500    -728.1095  0.2973 
   00456    0.4800    -736.5635  0.2987 
   00457    0.5100    -734.3735  0.2946 
   00458    0.5100    -714.3608  0.3078 
   00459    0.4900    -700.7846  0.3158 
   00460    0.4500    -697.1814  0.3213 
   00461    0.5300    -670.1114  0.3129 
   00462    0.4900    -689.4419  0.3075 
   00463    0.5600    -669.1960  0.3028 
   00464    0.5000    -673.0191  0.3032 
   00465    0.5200    -665.8601  0.3125 
   00466    0.5900    -648.3430  0.3071 
   00467    0.5800    -659.2228  0.3192 
   00468    0.5200    -673.6110  0.2960 
   00469    0.5400    -653.4073  0.3003 
   00470    0.6200    -655.9869  0.2954 
   00471    0.5500    -668.9871  0.3020 
   00472    0.5500    -646.6799  0.2754 
   00473    0.6000    -642.4703  0.2578 
   00474    0.5400    -692.1409  0.2574 
   00475    0.5600    -684.1034  0.2707 
   00476    0.5500    -669.0805  0.2702 
   00477    0.5400    -657.9745  0.2749 
   00478    0.5800    -663.6856  0.2783 
   00479    0.5300    -674.1884  0.2741 
   00480    0.5400    -674.2792  0.2698 
   00481    0.5500    -657.4419  0.2803 
   00482    0.5200    -644.3958  0.2862 
   00483    0.5500    -640.4438  0.2797 
   00484    0.5300    -658.8428  0.2801 
   00485    0.4600    -678.9405  0.2892 
   00486    0.4800    -688.9096  0.3032 
   00487    0.5100    -692.4677  0.3100 
   00488    0.5500    -707.9306  0.3116 
   00489    0.5800    -659.5721  0.3364 
   00490    0.6000    -662.6251  0.3287 
   00491    0.4900    -655.2152  0.3381 
   00492    0.4700    -669.5908  0.3298 
   00493    0.4600    -691.8608  0.3248 
   00494    0.4800    -704.9363  0.3200 
   00495    0.4900    -711.3271  0.3077 
   00496    0.6400    -705.4513  0.2939 
   00497    0.5800    -696.3749  0.2976 
   00498    0.5600    -683.6456  0.3125 
   00499    0.5700    -681.1166  0.3259 
   00500    0.4600    -673.5469  0.3013 
   00501    0.4800    -687.2258  0.3074 
   00502    0.5400    -689.9307  0.2975 
   00503    0.5100    -710.3967  0.3007 
   00504    0.5300    -737.0565  0.2983 
   00505    0.4700    -747.3455  0.3024 
   00506    0.4800    -751.5851  0.3025 
   00507    0.5700    -769.9049  0.3016 
   00508    0.4800    -770.5794  0.2813 
   00509    0.5000    -771.1784  0.2860 
   00510    0.4900    -773.5206  0.2703 
   00511    0.5200    -748.7809  0.2685 
   00512    0.5300    -733.0694  0.2804 
   00513    0.5000    -746.7099  0.2584 
   00514    0.5500    -738.9106  0.2542 
   00515    0.5800    -751.5422  0.2586 
   00516    0.5600    -738.7091  0.2709 
   00517    0.5400    -736.9228  0.2818 
   00518    0.4800    -732.2469  0.2790 
   00519    0.5200    -728.0441  0.2605 
   00520    0.5500    -716.4034  0.2613 
   00521    0.5100    -713.1731  0.2655 
   00522    0.5300    -703.6464  0.2728 
   00523    0.5200    -703.2669  0.2980 
   00524    0.5500    -678.4338  0.2992 
   00525    0.5600    -674.9135  0.3018 
   00526    0.5600    -711.3368  0.3246 
   00527    0.4400    -728.7977  0.3188 
   00528    0.6100    -704.0835  0.3112 
   00529    0.4900    -738.1658  0.3140 
   00530    0.5400    -729.9327  0.3092 
   00531    0.5400    -745.1446  0.3180 
   00532    0.5900    -723.3290  0.3325 
   00533    0.5100    -735.3681  0.3420 
   00534    0.4900    -760.2335  0.3531 
   00535    0.4800    -775.2406  0.3384 
   00536    0.5500    -745.2553  0.3467 
   00537    0.4900    -740.8670  0.3389 
   00538    0.4700    -726.5745  0.3372 
   00539    0.5400    -697.1972  0.3301 
   00540    0.4500    -702.6927  0.3587 
   00541    0.5500    -683.7547  0.3433 
   00542    0.5000    -689.5465  0.3285 
   00543    0.5000    -685.8631  0.3093 
   00544    0.5000    -696.1687  0.3151 
   00545    0.5300    -679.2269  0.3170 
   00546    0.5700    -669.7705  0.3176 
   00547    0.6000    -691.2303  0.2966 
   00548    0.5100    -699.5054  0.3144 
   00549    0.4900    -670.5294  0.3032 
   00550    0.5300    -674.4650  0.2826 
   00551    0.5300    -680.5055  0.2890 
   00552    0.5800    -683.0954  0.2914 
   00553    0.5700    -670.3724  0.2952 
   00554    0.5100    -670.6863  0.3018 
   00555    0.4900    -683.5999  0.3021 
   00556    0.5800    -693.1603  0.2834 
   00557    0.5400    -674.8847  0.2834 
   00558    0.5900    -689.5760  0.2761 
   00559    0.5800    -688.5679  0.2978 
   00560    0.5500    -701.3860  0.3006 
   00561    0.5200    -718.0509  0.3021 
   00562    0.5600    -714.2887  0.3185 
   00563    0.5900    -696.7201  0.3318 
   00564    0.5100    -691.3774  0.3552 
   00565    0.5100    -691.9327  0.3777 
   00566    0.5500    -683.1328  0.3878 
   00567    0.5700    -702.4153  0.3957 
   00568    0.5200    -714.4529  0.4158 
   00569    0.4900    -737.8200  0.4203 
   00570    0.4900    -747.6882  0.4131 
   00571    0.5600    -741.3440  0.4034 
   00572    0.5400    -737.7953  0.4127 
   00573    0.4800    -749.4338  0.4090 
   00574    0.5000    -773.6347  0.4107 
   00575    0.4300    -768.2947  0.3872 
   00576    0.5000    -775.3850  0.3817 
   00577    0.6000    -761.0698  0.3863 
   00578    0.4700    -769.1592  0.4005 
   00579    0.4900    -777.4697  0.3925 
   00580    0.4800    -772.0132  0.3825 
   00581    0.5700    -797.9250  0.3841 
   00582    0.4500    -804.0737  0.3749 
   00583    0.4700    -788.5664  0.3748 
   00584    0.5600    -764.7556  0.3624 
   00585    0.5900    -725.7866  0.3373 
   00586    0.5100    -749.1200  0.3130 
   00587    0.5300    -762.2502  0.3289 
   00588    0.4900    -723.8031  0.3139 
   00589    0.4900    -710.3872  0.3085 
   00590    0.4900    -710.0414  0.2982 
   00591    0.4400    -728.2188  0.3143 
   00592    0.6100    -743.8942  0.3158 
   00593    0.5400    -707.8568  0.3114 
   00594    0.5200    -678.3656  0.2819 
   00595    0.5700    -682.5345  0.2824 
   00596    0.6100    -706.3726  0.3043 
   00597    0.5300    -711.8191  0.3072 
   00598    0.5800    -706.0547  0.2816 
   00599    0.5500    -726.5861  0.2964 
   00600    0.5300    -723.2126  0.2934 
   00601    0.5300    -715.4085  0.2905 
   00602    0.5000    -732.6117  0.3014 
   00603    0.5600    -729.9361  0.3197 
   00604    0.4100    -750.8862  0.3183 
   00605    0.5300    -767.5742  0.3377 
   00606    0.4500    -755.7575  0.3467 
   00607    0.4900    -762.6515  0.3482 
   00608    0.4600    -755.5884  0.3147 
   00609    0.5400    -714.6202  0.3216 
   00610    0.5300    -692.1124  0.3162 
   00611    0.5400    -699.2865  0.3069 
   00612    0.5600    -673.8340  0.2922 
   00613    0.5500    -670.0807  0.2868 
   00614    0.4900    -694.8937  0.2825 
   00615    0.5100    -700.1912  0.2821 
   00616    0.5300    -730.1235  0.2983 
   00617    0.4600    -700.5586  0.2797 
   00618    0.5600    -699.7252  0.2934 
   00619    0.5900    -688.2519  0.2746 
   00620    0.5700    -696.4147  0.2737 
   00621    0.4800    -699.1810  0.2828 
   00622    0.5900    -689.8881  0.2627 
   00623    0.5000    -692.2572  0.2636 
   00624    0.5800    -705.2214  0.2710 
   00625    0.5100    -716.2620  0.2712 
   00626    0.5900    -706.4267  0.2874 
   00627    0.5100    -694.3226  0.2952 
   00628    0.5600    -696.4619  0.3123 
   00629    0.5400    -687.4458  0.2880 
   00630    0.5000    -654.1443  0.2881 
   00631    0.5100    -670.9392  0.3039 
   00632    0.5400    -674.1006  0.3167 
   00633    0.4900    -678.1434  0.3191 
   00634    0.5800    -657.0289  0.3185 
   00635    0.4700    -640.0633  0.3150 
   00636    0.5700    -629.9765  0.3061 
   00637    0.6100    -651.1792  0.3067 
   00638    0.5600    -649.2590  0.2970 
   00639    0.5700    -683.3247  0.2955 
   00640    0.5900    -681.0636  0.3059 
   00641    0.5200    -697.6378  0.3241 
   00642    0.4700    -710.4457  0.3172 
   00643    0.5600    -752.6823  0.3060 
   00644    0.4800    -734.8317  0.2906 
   00645    0.5400    -734.2358  0.3076 
   00646    0.5200    -748.9924  0.3424 
   00647    0.5700    -752.0730  0.3233 
   00648    0.5500    -732.0073  0.3054 
   00649    0.5000    -736.6898  0.3188 
   00650    0.4500    -762.9574  0.3225 
   00651    0.5300    -768.2836  0.3126 
   00652    0.4400    -805.1360  0.3071 
   00653    0.5100    -744.1696  0.3026 
   00654    0.5100    -734.5540  0.3073 
   00655    0.4600    -748.6373  0.3166 
   00656    0.4800    -724.8394  0.3356 
   00657    0.5000    -723.0791  0.3131 
   00658    0.5800    -707.7004  0.2962 
   00659    0.5500    -695.7180  0.3044 
   00660    0.4600    -702.3908  0.2912 
   00661    0.4900    -704.0878  0.3048 
   00662    0.5600    -687.1398  0.3067 
   00663    0.6100    -688.3517  0.3165 
   00664    0.5300    -690.6556  0.3303 
   00665    0.5400    -710.2849  0.3225 
   00666    0.5500    -711.6914  0.2951 
   00667    0.5200    -722.0048  0.2816 
   00668    0.5200    -736.4527  0.2836 
   00669    0.4500    -749.7837  0.2858 
   00670    0.4600    -760.2111  0.2823 
   00671    0.5100    -736.9313  0.2863 
   00672    0.4500    -733.9950  0.2813 
   00673    0.5100    -690.7276  0.2832 
   00674    0.5300    -696.2241  0.2778 
   00675    0.5000    -709.0101  0.2725 
   00676    0.5500    -694.1132  0.2796 
   00677    0.5100    -689.4247  0.2860 
   00678    0.4800    -719.3041  0.2942 
   00679    0.5300    -722.8801  0.2916 
   00680    0.5700    -734.6514  0.2891 
   00681    0.5500    -741.2479  0.2979 
   00682    0.4500    -734.5751  0.3036 
   00683    0.5300    -753.0733  0.2687 
   00684    0.5000    -757.2197  0.2778 
   00685    0.5000    -759.0442  0.2957 
   00686    0.4600    -753.7368  0.3063 
   00687    0.5200    -753.0249  0.2880 
   00688    0.5200    -751.8754  0.2731 
   00689    0.5400    -748.4343  0.2781 
   00690    0.5600    -752.4793  0.2811 
   00691    0.5000    -738.8793  0.2774 
   00692    0.5500    -713.8963  0.2710 
   00693    0.5600    -698.7566  0.2860 
   00694    0.5000    -714.8310  0.2903 
   00695    0.5200    -697.5512  0.2934 
   00696    0.5500    -669.4902  0.2854 
   00697    0.5600    -670.7532  0.2945 
   00698    0.5300    -689.2138  0.3171 
   00699    0.5600    -684.5166  0.2971 
   00700    0.5400    -673.7410  0.2880 
   00701    0.5000    -666.1849  0.2903 
   00702    0.5700    -657.3339  0.2909 
   00703    0.6000    -661.4921  0.2755 
   00704    0.5500    -674.1040  0.2630 
   00705    0.5400    -681.7385  0.2642 
   00706    0.5300    -681.3330  0.2810 
   00707    0.5200    -670.0616  0.2705 
   00708    0.5000    -672.7609  0.3003 
   00709    0.5200    -661.5445  0.3010 
   00710    0.4600    -656.7306  0.3055 
   00711    0.5200    -652.0305  0.3142 
   00712    0.5000    -638.4296  0.3159 
   00713    0.5800    -618.1609  0.2980 
   00714    0.5700    -607.5136  0.2918 
   00715    0.6100    -612.0557  0.2845 
   00716    0.6000    -625.4341  0.3204 
   00717    0.5800    -639.8287  0.3186 
   00718    0.5800    -637.6900  0.3131 
   00719    0.5600    -639.8715  0.3123 
   00720    0.5700    -672.4430  0.3092 
   00721    0.4900    -672.4019  0.3174 
   00722    0.5300    -693.1371  0.3251 
   00723    0.5500    -700.0997  0.3237 
   00724    0.5900    -706.0989  0.3412 
   00725    0.5100    -713.9645  0.3593 
   00726    0.5200    -707.3185  0.3257 
   00727    0.5300    -698.7759  0.3247 
   00728    0.5700    -676.6412  0.3214 
   00729    0.5300    -693.3349  0.3325 
   00730    0.5000    -676.8613  0.3395 
   00731    0.5600    -683.2504  0.3314 
   00732    0.5300    -695.9759  0.3483 
   00733    0.5000    -694.4556  0.3810 
   00734    0.5400    -693.4515  0.3789 
   00735    0.5300    -690.4516  0.3835 
   00736    0.5700    -695.3851  0.3672 
   00737    0.4900    -712.7999  0.3746 
   00738    0.5300    -719.7672  0.3869 
   00739    0.4400    -692.3397  0.3656 
   00740    0.5000    -698.2260  0.3680 
   00741    0.4300    -704.3922  0.3666 
   00742    0.5300    -716.5960  0.3804 
   00743    0.5100    -742.6094  0.3893 
   00744    0.4600    -762.0174  0.3840 
   00745    0.4900    -744.1980  0.3817 
   00746    0.5600    -737.2236  0.3720 
   00747    0.5200    -708.2283  0.3655 
   00748    0.5500    -717.9135  0.3593 
   00749    0.5500    -725.6312  0.3562 
   00750    0.4600    -734.5504  0.3648 
   00751    0.5200    -737.4003  0.3496 
   00752    0.5200    -741.6035  0.3416 
   00753    0.5300    -706.1715  0.3240 
   00754    0.5100    -701.3822  0.3236 
   00755    0.5600    -679.0102  0.3196 
   00756    0.5700    -691.5091  0.3527 
   00757    0.4600    -690.7764  0.3336 
   00758    0.5300    -682.3728  0.3546 
   00759    0.6000    -679.1528  0.3480 
   00760    0.5700    -683.2588  0.3321 
   00761    0.6100    -672.5486  0.3177 
   00762    0.5400    -663.9823  0.3132 
   00763    0.6300    -694.7698  0.3083 
   00764    0.6600    -682.5372  0.3051 
   00765    0.5900    -668.3270  0.3002 
   00766    0.5400    -652.5878  0.3162 
   00767    0.5400    -666.2176  0.3070 
   00768    0.4500    -663.6720  0.3127 
   00769    0.5800    -686.6942  0.3199 
   00770    0.5300    -664.5456  0.3358 
   00771    0.5100    -668.2368  0.3512 
   00772    0.5300    -674.1014  0.3475 
   00773    0.5100    -669.7976  0.3425 
   00774    0.5800    -683.5041  0.3561 
   00775    0.5800    -647.5739  0.3561 
   00776    0.4600    -641.0640  0.3700 
   00777    0.5200    -660.2161  0.3708 
   00778    0.4900    -655.6457  0.3637 
   00779    0.4700    -671.9486  0.3570 
   00780    0.5600    -666.0376  0.3590 
   00781    0.5400    -666.4012  0.3600 
   00782    0.5700    -662.6012  0.3571 
   00783    0.5600    -660.7041  0.3420 
   00784    0.5400    -680.2813  0.3349 
   00785    0.5900    -669.6095  0.3197 
   00786    0.5700    -669.7449  0.3054 
   00787    0.5000    -690.0724  0.2961 
   00788    0.5100    -688.9505  0.3137 
   00789    0.4900    -693.8742  0.3142 
   00790    0.5900    -698.0770  0.3041 
   00791    0.5500    -716.9185  0.2905 
   00792    0.5000    -748.2475  0.3090 
   00793    0.4700    -732.1972  0.3070 
   00794    0.5600    -707.7645  0.3043 
   00795    0.5400    -703.9206  0.3234 
   00796    0.5200    -717.8690  0.3323 
   00797    0.5400    -729.8667  0.3306 
   00798    0.5300    -693.1140  0.3208 
   00799    0.5800    -696.5831  0.3427 
   00800    0.5300    -684.2766  0.3404 
   00801    0.5900    -691.4757  0.3303 
   00802    0.5100    -701.7279  0.3344 
   00803    0.4800    -701.4178  0.3500 
   00804    0.5600    -701.0619  0.3563 
   00805    0.4700    -686.5478  0.3465 
   00806    0.5600    -673.2963  0.3472 
   00807    0.5200    -665.9878  0.3406 
   00808    0.5800    -682.2856  0.3508 
   00809    0.5500    -696.4520  0.3368 
   00810    0.5300    -691.8734  0.3212 
   00811    0.4800    -714.8949  0.3382 
   00812    0.5200    -717.6885  0.3381 
   00813    0.5200    -741.6822  0.3473 
   00814    0.5000    -719.1817  0.3403 
   00815    0.5400    -710.9250  0.3538 
   00816    0.4700    -690.8458  0.3449 
   00817    0.5700    -704.5204  0.3449 
   00818    0.5200    -751.3730  0.3425 
   00819    0.5500    -737.5550  0.3363 
   00820    0.5800    -751.4934  0.3418 
   00821    0.4500    -739.3176  0.3379 
   00822    0.5000    -721.4523  0.3521 
   00823    0.5100    -726.3719  0.3476 
   00824    0.5700    -737.4303  0.3391 
   00825    0.5200    -750.5151  0.3478 
   00826    0.4700    -756.5420  0.3237 
   00827    0.5200    -751.6007  0.3251 
   00828    0.5000    -717.1228  0.3136 
   00829    0.4300    -722.6573  0.3077 
   00830    0.5400    -746.4632  0.3091 
   00831    0.5300    -744.0570  0.3161 
   00832    0.5000    -730.9392  0.3355 
   00833    0.5500    -754.2409  0.3245 
   00834    0.5100    -752.7489  0.3201 
   00835    0.5000    -745.4405  0.2894 
   00836    0.5100    -732.8187  0.2953 
   00837    0.4800    -714.0546  0.2960 
   00838    0.4900    -695.1064  0.3087 
   00839    0.5100    -672.0829  0.3121 
   00840    0.5200    -678.9650  0.3124 
   00841    0.5600    -682.8046  0.3222 
   00842    0.5400    -710.4325  0.3247 
   00843    0.6000    -714.7643  0.3273 
   00844    0.4900    -727.7761  0.3358 
   00845    0.5400    -705.7668  0.3395 
   00846    0.5000    -699.8008  0.3292 
   00847    0.6200    -694.6703  0.3317 
   00848    0.5200    -714.7781  0.3170 
   00849    0.6100    -709.6533  0.3312 
   00850    0.5500    -706.7656  0.3206 
   00851    0.5800    -717.3932  0.3346 
   00852    0.5200    -733.7772  0.3311 
   00853    0.5400    -735.5568  0.3243 
   00854    0.5300    -728.0080  0.3165 
   00855    0.5300    -700.9771  0.3190 
   00856    0.5200    -698.9690  0.3363 
   00857    0.4400    -696.0689  0.3356 
   00858    0.4800    -698.9859  0.3278 
   00859    0.6300    -709.0946  0.3112 
   00860    0.4800    -721.9092  0.3037 
   00861    0.5600    -715.7097  0.2961 
   00862    0.5100    -715.0185  0.2905 
   00863    0.5500    -687.2260  0.2776 
   00864    0.5700    -672.5619  0.2713 
   00865    0.5900    -665.0967  0.2712 
   00866    0.6100    -663.7147  0.2646 
   00867    0.5000    -699.1019  0.2669 
   00868    0.5200    -707.2306  0.2663 
   00869    0.5500    -679.8393  0.2802 
   00870    0.5300    -670.8739  0.2723 
   00871    0.5700    -699.5735  0.2729 
   00872    0.4800    -699.3211  0.2736 
   00873    0.4900    -715.0719  0.2824 
   00874    0.4900    -756.0165  0.2686 
   00875    0.5000    -768.0921  0.2734 
   00876    0.5900    -750.9659  0.2644 
   00877    0.5700    -746.5951  0.2842 
   00878    0.5600    -698.7867  0.3043 
   00879    0.5600    -700.1302  0.2973 
   00880    0.5100    -696.8329  0.2871 
   00881    0.6200    -700.5631  0.3197 
   00882    0.5100    -694.1815  0.2921 
   00883    0.5600    -690.3879  0.2870 
   00884    0.5400    -678.8383  0.2693 
   00885    0.5100    -670.8769  0.2897 
   00886    0.5100    -689.1604  0.2922 
   00887    0.5000    -678.4260  0.2973 
   00888    0.6000    -684.5883  0.3116 
   00889    0.5200    -658.9454  0.3127 
   00890    0.5900    -652.1826  0.3324 
   00891    0.5800    -671.5049  0.3399 
   00892    0.5300    -677.3072  0.3447 
   00893    0.5000    -675.7260  0.3433 
   00894    0.4900    -699.1366  0.3417 
   00895    0.5000    -693.3125  0.3386 
   00896    0.4600    -692.0119  0.3497 
   00897    0.5300    -719.1012  0.3596 
   00898    0.4800    -720.3132  0.3478 
   00899    0.4800    -727.0742  0.3521 
   00900    0.5300    -734.7557  0.3544 
   00901    0.4900    -714.0378  0.3390 
   00902    0.6800    -705.3742  0.3411 
   00903    0.4600    -699.6742  0.3479 
   00904    0.5700    -722.4642  0.3437 
   00905    0.5100    -749.0991  0.3356 
   00906    0.5300    -760.0313  0.3359 
   00907    0.5100    -755.2046  0.3267 
   00908    0.5600    -746.3744  0.3265 
   00909    0.5800    -734.9559  0.3296 
   00910    0.4100    -752.9132  0.3248 
   00911    0.4800    -693.7133  0.3041 
   00912    0.5900    -673.2408  0.3096 
   00913    0.6000    -688.3408  0.3009 
   00914    0.5000    -686.6826  0.3134 
   00915    0.5800    -715.5884  0.3010 
   00916    0.6000    -724.8885  0.2797 
   00917    0.5100    -737.8707  0.2673 
   00918    0.5100    -740.5572  0.2829 
   00919    0.5700    -720.2203  0.2732 
   00920    0.5700    -711.3161  0.2912 
   00921    0.5000    -685.4310  0.2869 
   00922    0.5600    -715.4749  0.2991 
   00923    0.5400    -701.7054  0.2910 
   00924    0.5300    -709.5920  0.3007 
   00925    0.5000    -706.6270  0.2910 
   00926    0.5300    -709.5270  0.2897 
   00927    0.6100    -723.2922  0.2784 
   00928    0.5300    -723.5950  0.2565 
   00929    0.5000    -716.7533  0.2814 
   00930    0.5600    -707.6048  0.2981 
   00931    0.5500    -729.9829  0.3091 
   00932    0.4500    -720.1955  0.3335 
   00933    0.5400    -701.1420  0.3357 
   00934    0.4600    -722.4962  0.3424 
   00935    0.5500    -710.3727  0.3283 
   00936    0.5600    -716.3230  0.3385 
   00937    0.4900    -707.9231  0.3446 
   00938    0.4900    -739.7108  0.3434 
   00939    0.5100    -741.1959  0.3434 
   00940    0.4700    -763.4228  0.3453 
   00941    0.4900    -735.5431  0.3257 
   00942    0.4800    -727.6024  0.3050 
   00943    0.5400    -749.3964  0.3255 
   00944    0.4300    -721.4351  0.3240 
   00945    0.5000    -720.1677  0.3554 
   00946    0.5800    -720.0371  0.3241 
   00947    0.5000    -707.2094  0.3011 
   00948    0.5300    -733.5666  0.3004 
   00949    0.4600    -736.4398  0.2851 
   00950    0.5300    -768.8523  0.2779 
   00951    0.4500    -772.4176  0.2754 
   00952    0.4400    -753.4859  0.2683 
   00953    0.5300    -747.4418  0.2605 
   00954    0.5300    -729.1853  0.2680 
   00955    0.5400    -735.5501  0.2558 
   00956    0.5100    -758.1988  0.2647 
   00957    0.5700    -766.3443  0.2602 
   00958    0.5300    -745.9577  0.2646 
   00959    0.5500    -745.3124  0.2694 
   00960    0.4300    -748.6017  0.2699 
   00961    0.4800    -748.1916  0.2609 
   00962    0.5400    -751.9481  0.2667 
   00963    0.5000    -729.5380  0.2537 
   00964    0.5500    -747.1114  0.2692 
   00965    0.5300    -784.1212  0.2675 
   00966    0.4300    -778.3722  0.2639 
   00967    0.5100    -784.2224  0.2660 
   00968    0.4700    -789.4308  0.2757 
   00969    0.4200    -802.6636  0.2886 
   00970    0.5500    -776.8798  0.2803 
   00971    0.6200    -782.4957  0.2963 
   00972    0.5500    -796.5054  0.2925 
   00973    0.4500    -790.6551  0.2987 
   00974    0.5900    -788.7272  0.2994 
   00975    0.5200    -750.6441  0.2895 
   00976    0.5300    -708.0327  0.2941 
   00977    0.5300    -723.9726  0.3033 
   00978    0.5100    -727.6160  0.3089 
   00979    0.5400    -739.3872  0.3159 
   00980    0.5700    -711.4498  0.3074 
   00981    0.5300    -701.6339  0.2841 
   00982    0.5700    -717.6726  0.2930 
   00983    0.5400    -762.8761  0.2867 
   00984    0.5200    -765.3867  0.2865 
   00985    0.4800    -763.3671  0.2760 
   00986    0.5100    -721.4621  0.2902 
   00987    0.5400    -720.8004  0.2863 
   00988    0.4600    -745.2901  0.2700 
   00989    0.5200    -716.4092  0.2761 
   00990    0.5700    -712.1875  0.2759 
   00991    0.5200    -680.3960  0.2640 
   00992    0.5600    -685.3879  0.2927 
   00993    0.4800    -675.6381  0.3110 
   00994    0.4400    -701.7994  0.2984 
   00995    0.4800    -696.9416  0.3059 
   00996    0.4400    -684.8473  0.3027 
   00997    0.5900    -691.6910  0.2946 
   00998    0.5000    -690.1521  0.2945 
   00999    0.5500    -686.9042  0.3068 
   01000    0.5400    -711.3975  0.2833 
