#=====================================================
# File created:        Mon-06-Nov-2023-at-03-17-28PM
# Size of lattice:     60x60
# Number of MC steps:  1000
# Reduced temperature: 0.800
# Run time (s):        16.166361
#=====================================================
# MC step:  Ratio:     Energy:   Order:
#=====================================================
   00000    0.5000   -3528.2349  0.2626 
   00001    0.6811   -5439.8577  0.2670 
   00002    0.6219   -6556.8687  0.2782 
   00003    0.5778   -7230.7565  0.2664 
   00004    0.5506   -7659.1639  0.2651 
   00005    0.5350   -8042.0151  0.2691 
   00006    0.5008   -8249.2451  0.2700 
   00007    0.4997   -8417.0954  0.2722 
   00008    0.5056   -8582.6195  0.2827 
   00009    0.4986   -8817.6510  0.2874 
   00010    0.4794   -8917.3891  0.2961 
   00011    0.4544   -9022.9957  0.2981 
   00012    0.4806   -9098.4137  0.3025 
   00013    0.4781   -9067.0476  0.3019 
   00014    0.4583   -9260.5961  0.2952 
   00015    0.4514   -9268.3277  0.2956 
   00016    0.4689   -9262.3660  0.2939 
   00017    0.4547   -9346.4699  0.2939 
   00018    0.4647   -9314.4667  0.2966 
   00019    0.4625   -9350.9692  0.2973 
   00020    0.4528   -9395.1776  0.2861 
   00021    0.4644   -9347.2969  0.2858 
   00022    0.4725   -9349.1363  0.2826 
   00023    0.4547   -9399.8305  0.2804 
   00024    0.4581   -9488.9681  0.2778 
   00025    0.4589   -9482.2846  0.2822 
   00026    0.4586   -9514.1151  0.2859 
   00027    0.4631   -9568.5616  0.2867 
   00028    0.4472   -9546.2224  0.2808 
   00029    0.4569   -9466.3485  0.2764 
   00030    0.4522   -9545.9058  0.2818 
   00031    0.4692   -9550.5964  0.2929 
   00032    0.4622   -9623.8660  0.3018 
   00033    0.4353   -9657.3138  0.3119 
   00034    0.4561   -9557.4567  0.3094 
   00035    0.4483   -9646.0707  0.3166 
   00036    0.4592   -9712.3262  0.3226 
   00037    0.4331   -9689.1241  0.3174 
   00038    0.4486   -9716.2331  0.3193 
   00039    0.4353   -9772.7046  0.3107 
   00040    0.4503   -9787.8459  0.3085 
   00041    0.4325   -9808.8384  0.3122 
   00042    0.4372   -9945.7214  0.3151 
   00043    0.4200   -9932.2208  0.3157 
   00044    0.4469   -9934.8098  0.3092 
   00045    0.4239   -9897.1846  0.3039 
   00046    0.4375   -9887.0918  0.3006 
   00047    0.4269   -9812.6630  0.3090 
   00048    0.4336   -9868.0036  0.3147 
   00049    0.4247   -9919.8545  0.3160 
   00050    0.4322   -9836.3789  0.3200 
   00051    0.4525   -9839.0489  0.3282 
   00052    0.4389   -9913.2861  0.3296 
   00053    0.4353   -9875.5031  0.3307 
   00054    0.4369   -9869.3798  0.3278 
   00055    0.4453   -9907.7764  0.3314 
   00056    0.4342  -10009.5415  0.3322 
   00057    0.4303  -10035.5523  0.3328 
   00058    0.4283  -10003.5986  0.3318 
   00059    0.4358   -9961.3942  0.3339 
   00060    0.4397   -9907.0847  0.3314 
   00061    0.4364   -9865.5689  0.3343 
   00062    0.4336   -9806.6530  0.3340 
   00063    0.4417   -9887.2233  0.3384 
   00064    0.4258   -9868.0128  0.3382 
   00065    0.4469   -9854.5957  0.3329 
   00066    0.4231  -10055.6397  0.3397 
   00067    0.4367   -9950.4586  0.3513 
   00068    0.4422  -10041.6531  0.3503 
   00069    0.4086  -10025.0268  0.3635 
   00070    0.4297   -9943.3531  0.3618 
   00071    0.4189   -9982.2191  0.3600 
   00072    0.4181  -10061.5440  0.3587 
   00073    0.4339  -10105.6330  0.3656 
   00074    0.4392  -10177.4954  0.3617 
   00075    0.4258  -10070.3616  0.3643 
   00076    0.4319  -10115.0840  0.3638 
   00077    0.4208  -10078.5875  0.3701 
   00078    0.4294  -10033.4297  0.3712 
   00079    0.4161  -10159.4021  0.3738 
   00080    0.4194  -10201.4485  0.3765 
   00081    0.4311  -10113.0212  0.3701 
   00082    0.4236  -10082.1838  0.3743 
   00083    0.4172  -10116.4752  0.3816 
   00084    0.4169  -10085.2017  0.3859 
   00085    0.4453  -10036.6682  0.3856 
   00086    0.4269  -10066.0719  0.3860 
   00087    0.4267  -10068.1930  0.3818 
   00088    0.4275  -10073.3966  0.3798 
   00089    0.4342   -9958.0187  0.3760 
   00090    0.4339   -9995.0085  0.3735 
   00091    0.4394  -10043.5544  0.3832 
   00092    0.4253  -10073.7988  0.3896 
   00093    0.4247   -9999.3156  0.3958 
   00094    0.4378  -10008.4107  0.3979 
   00095    0.4267  -10128.7659  0.4017 
   00096    0.4275  -10159.4771  0.4041 
   00097    0.4219  -10235.1008  0.4052 
   00098    0.4236  -10228.1520  0.4023 
   00099    0.4203  -10221.9381  0.4070 
   00100    0.4292  -10187.9077  0.3997 
   00101    0.4331  -10112.2762  0.3972 
   00102    0.4233  -10198.7534  0.3975 
   00103    0.4414  -10194.5845  0.3969 
   00104    0.4353  -10140.4917  0.3970 
   00105    0.4317  -10169.0681  0.3974 
   00106    0.4347  -10086.0963  0.4000 
   00107    0.4283  -10075.2900  0.3992 
   00108    0.4203  -10139.3956  0.3960 
   00109    0.4317  -10139.2046  0.4000 
   00110    0.4297  -10099.2855  0.3964 
   00111    0.4411  -10107.1138  0.3932 
   00112    0.4350  -10007.0313  0.3921 
   00113    0.4258  -10015.4154  0.3950 
   00114    0.4389  -10055.5830  0.3950 
   00115    0.4267  -10162.6785  0.3995 
   00116    0.4378  -10009.9112  0.3940 
   00117    0.4211  -10040.7039  0.3997 
   00118    0.4264  -10182.4238  0.3973 
   00119    0.4278  -10151.2601  0.4030 
   00120    0.4211  -10219.4796  0.4072 
   00121    0.4103  -10140.3725  0.4100 
   00122    0.4361  -10092.6949  0.4115 
   00123    0.4350  -10101.2846  0.4124 
   00124    0.4306  -10152.4439  0.4140 
   00125    0.4217  -10247.5850  0.4053 
   00126    0.4272  -10167.8719  0.4046 
   00127    0.4267  -10186.9295  0.3965 
   00128    0.4400  -10251.8170  0.3964 
   00129    0.4267  -10219.5142  0.3925 
   00130    0.4139  -10251.7385  0.3921 
   00131    0.4164  -10251.9830  0.3979 
   00132    0.4228  -10244.7713  0.4042 
   00133    0.4214  -10275.2419  0.4033 
   00134    0.4164  -10241.6667  0.4069 
   00135    0.4236  -10224.5244  0.3909 
   00136    0.4103  -10254.1632  0.3920 
   00137    0.4181  -10273.9767  0.3976 
   00138    0.4272  -10229.6228  0.3973 
   00139    0.4325  -10241.1091  0.4028 
   00140    0.4381  -10239.8297  0.4095 
   00141    0.4194  -10164.5889  0.4019 
   00142    0.4311  -10139.4493  0.4013 
   00143    0.4281  -10147.5533  0.4001 
   00144    0.4239  -10256.4963  0.3983 
   00145    0.4306  -10219.4556  0.3990 
   00146    0.4203  -10235.6173  0.4108 
   00147    0.4358  -10186.5665  0.3999 
   00148    0.4239  -10125.2174  0.3980 
   00149    0.4264  -10108.7223  0.4010 
   00150    0.4306  -10070.3991  0.4040 
   00151    0.4350  -10013.9903  0.4050 
   00152    0.4303  -10078.8989  0.3997 
   00153    0.4372  -10154.1351  0.3992 
   00154    0.4183  -10152.8382  0.4055 
   00155    0.4381  -10147.5469  0.4100 
   00156    0.4247  -10080.0973  0.4009 
   00157    0.4414  -10056.1896  0.4072 
   00158    0.4369  -10159.0577  0.4046 
   00159    0.4167  -10150.5652  0.4032 
   00160    0.4339  -10141.3331  0.4034 
   00161    0.4431  -10115.2130  0.4104 
   00162    0.4300  -10090.7362  0.4084 
   00163    0.4281  -10018.6035  0.4091 
   00164    0.4392  -10072.0241  0.4176 
   00165    0.4433  -10066.4165  0.4223 
   00166    0.4289  -10089.4815  0.4218 
   00167    0.4336  -10093.9488  0.4202 
   00168    0.4342  -10113.6717  0.4245 
   00169    0.4447  -10046.7831  0.4234 
   00170    0.4292  -10048.7230  0.4224 
   00171    0.4469  -10096.1783  0.4193 
   00172    0.4450  -10064.9581  0.4191 
   00173    0.4200  -10006.5947  0.4148 
   00174    0.4456  -10063.7906  0.4115 
   00175    0.4136  -10089.8858  0.4185 
   00176    0.4264  -10066.9417  0.4207 
   00177    0.4247  -10115.9906  0.4227 
   00178    0.4283  -10073.9789  0.4270 
   00179    0.4272  -10030.6415  0.4281 
   00180    0.4353  -10094.9496  0.4277 
   00181    0.4300  -10217.4848  0.4315 
   00182    0.4292  -10212.3149  0.4306 
   00183    0.4208  -10135.8307  0.4375 
   00184    0.4167  -10064.8896  0.4322 
   00185    0.4178  -10073.7583  0.4322 
   00186    0.4478  -10042.9557  0.4344 
   00187    0.4231  -10091.9375  0.4385 
   00188    0.4383  -10196.5596  0.4386 
   00189    0.4247  -10121.1512  0.4405 
   00190    0.4222  -10102.1821  0.4466 
   00191    0.4231  -10169.5185  0.4490 
   00192    0.4442  -10224.4126  0.4461 
   00193    0.4225  -10284.8608  0.4527 
   00194    0.4272  -10215.0060  0.4552 
   00195    0.4158  -10169.6877  0.4527 
   00196    0.4303  -10186.1713  0.4543 
   00197    0.4156  -10037.8293  0.4449 
   00198    0.4122  -10085.3350  0.4511 
   00199    0.4361  -10190.2912  0.4570 
   00200    0.4311  -10188.3477  0.4534 
   00201    0.4325  -10161.7917  0.4491 
   00202    0.4350  -10102.6850  0.4511 
   00203    0.4303  -10059.7489  0.4514 
   00204    0.4367  -10117.1903  0.4425 
   00205    0.4267  -10097.3287  0.4482 
   00206    0.4233  -10126.0047  0.4519 
   00207    0.4158  -10170.6593  0.4482 
   00208    0.4303  -10219.1429  0.4460 
   00209    0.4108  -10209.2890  0.4462 
   00210    0.4169  -10231.4828  0.4392 
   00211    0.4278  -10279.9909  0.4421 
   00212    0.4275  -10307.2134  0.4505 
   00213    0.4214  -10319.6879  0.4466 
   00214    0.4228  -10275.6861  0.4520 
   00215    0.4314  -10285.4016  0.4492 
   00216    0.4164  -10247.6634  0.4509 
   00217    0.4250  -10222.1884  0.4493 
   00218    0.4331  -10209.9615  0.4459 
   00219    0.4228  -10254.6998  0.4536 
   00220    0.4333  -10254.4181  0.4481 
   00221    0.4397  -10281.4224  0.4416 
   00222    0.4158  -10268.3208  0.4465 
   00223    0.4272  -10288.7154  0.4503 
   00224    0.4167  -10265.6598  0.4473 
   00225    0.4281  -10263.4815  0.4436 
   00226    0.4161  -10333.0420  0.4461 
   00227    0.4189  -10337.5469  0.4426 
   00228    0.4239  -10405.7950  0.4390 
   00229    0.4247  -10369.0048  0.4348 
   00230    0.4203  -10392.7503  0.4388 
   00231    0.4086  -10441.6016  0.4374 
   00232    0.4133  -10345.2945  0.4435 
   00233    0.4311  -10457.3316  0.4382 
   00234    0.4183  -10437.3089  0.4454 
   00235    0.4181  -10440.9153  0.4449 
   00236    0.4222  -10432.4492  0.4410 
   00237    0.4239  -10450.9143  0.4400 
   00238    0.4142  -10408.9665  0.4358 
   00239    0.4136  -10430.4912  0.4313 
   00240    0.4319  -10356.6070  0.4188 
   00241    0.4247  -10334.1121  0.4118 
   00242    0.4072  -10352.2560  0.4106 
   00243    0.4278  -10328.5699  0.4097 
   00244    0.4144  -10316.2760  0.4131 
   00245    0.4017  -10383.2244  0.4130 
   00246    0.4281  -10390.9848  0.4142 
   00247    0.4253  -10329.5467  0.4181 
   00248    0.4147  -10300.6596  0.4208 
   00249    0.4200  -10254.0785  0.4176 
   00250    0.4289  -10185.6750  0.4136 
   00251    0.4233  -10255.8385  0.4052 
   00252    0.4331  -10141.7912  0.4086 
   00253    0.4117  -10192.6081  0.4172 
   00254    0.4281  -10272.8577  0.4192 
   00255    0.4306  -10313.7863  0.4273 
   00256    0.4208  -10299.3132  0.4238 
   00257    0.4075  -10330.4364  0.4165 
   00258    0.4250  -10300.1735  0.4089 
   00259    0.4189  -10233.5120  0.4086 
   00260    0.4094  -10223.4305  0.4139 
   00261    0.4161  -10281.2488  0.4166 
   00262    0.4231  -10290.4831  0.4197 
   00263    0.4381  -10211.3385  0.4178 
   00264    0.4267  -10180.9715  0.4254 
   00265    0.4092  -10234.1242  0.4252 
   00266    0.4075  -10198.3115  0.4326 
   00267    0.4314  -10173.6790  0.4319 
   00268    0.4344  -10119.0813  0.4406 
   00269    0.4214  -10175.0641  0.4432 
   00270    0.4356  -10234.3889  0.4380 
   00271    0.4358  -10137.2721  0.4324 
   00272    0.4236  -10201.7707  0.4332 
   00273    0.4253  -10190.8725  0.4357 
   00274    0.4244  -10146.7871  0.4352 
   00275    0.4217  -10199.0217  0.4341 
   00276    0.4219  -10126.9084  0.4369 
   00277    0.4361  -10161.5743  0.4397 
   00278    0.4400  -10265.6430  0.4417 
   00279    0.4214  -10260.8107  0.4426 
   00280    0.4322  -10140.1463  0.4466 
   00281    0.4228  -10144.7617  0.4521 
   00282    0.4175  -10080.2173  0.4531 
   00283    0.4256  -10149.2468  0.4560 
   00284    0.4344  -10146.9900  0.4614 
   00285    0.4214  -10216.1753  0.4661 
   00286    0.4400  -10131.4997  0.4583 
   00287    0.4103  -10172.7001  0.4527 
   00288    0.4231  -10158.4723  0.4548 
   00289    0.4142  -10156.4669  0.4455 
   00290    0.4344  -10282.4533  0.4428 
   00291    0.4192  -10257.9617  0.4461 
   00292    0.4092  -10282.5856  0.4426 
   00293    0.4081  -10299.7046  0.4414 
   00294    0.4200  -10249.9005  0.4314 
   00295    0.4192  -10201.9555  0.4352 
   00296    0.4272  -10166.0859  0.4325 
   00297    0.4242  -10159.7341  0.4369 
   00298    0.4144  -10241.9049  0.4410 
   00299    0.4231  -10305.2754  0.4494 
   00300    0.4281  -10375.7452  0.4472 
   00301    0.4181  -10306.8622  0.4440 
   00302    0.4231  -10309.7518  0.4383 
   00303    0.4144  -10299.5954  0.4375 
   00304    0.4203  -10350.2775  0.4427 
   00305    0.4136  -10353.4641  0.4476 
   00306    0.4183  -10323.0677  0.4480 
   00307    0.4131  -10273.2123  0.4451 
   00308    0.4128  -10267.8722  0.4469 
   00309    0.4267  -10180.3858  0.4487 
   00310    0.4208  -10108.5703  0.4479 
   00311    0.4342  -10094.7828  0.4373 
   00312    0.4233  -10109.0584  0.4272 
   00313    0.4144  -10184.5048  0.4278 
   00314    0.4178  -10282.2714  0.4342 
   00315    0.4214  -10322.3932  0.4310 
   00316    0.4114  -10184.9182  0.4361 
   00317    0.4211  -10171.0959  0.4392 
   00318    0.4214  -10208.1390  0.4434 
   00319    0.4267  -10199.8203  0.4412 
   00320    0.4064  -10177.6329  0.4311 
   00321    0.4439  -10162.6179  0.4239 
   00322    0.4308  -10073.9780  0.4302 
   00323    0.4206  -10195.6089  0.4339 
   00324    0.4167  -10219.1649  0.4273 
   00325    0.4272  -10159.6417  0.4243 
   00326    0.4233  -10184.6998  0.4221 
   00327    0.4356  -10179.3922  0.4162 
   00328    0.4333  -10236.5833  0.4179 
   00329    0.4289  -10188.2423  0.4085 
   00330    0.4222  -10269.8983  0.4077 
   00331    0.4289  -10108.6811  0.4052 
   00332    0.4281  -10079.9052  0.4033 
   00333    0.4275  -10182.8083  0.4062 
   00334    0.4175  -10222.5713  0.4058 
   00335    0.4172  -10263.7021  0.4075 
   00336    0.4086  -10362.0363  0.4039 
   00337    0.4086  -10327.4957  0.4092 
   00338    0.4122  -10222.8062  0.4082 
   00339    0.4247  -10130.0761  0.4092 
   00340    0.4175  -10149.6809  0.4193 
   00341    0.4331  -10171.0577  0.4222 
   00342    0.4058  -10156.0716  0.4264 
   00343    0.4322  -10188.1393  0.4297 
   00344    0.4244  -10270.1400  0.4336 
   00345    0.4083  -10332.5544  0.4356 
   00346    0.4156  -10287.1921  0.4354 
   00347    0.4233  -10419.5339  0.4426 
   00348    0.4322  -10313.1068  0.4392 
   00349    0.4056  -10354.1757  0.4396 
   00350    0.4172  -10452.9483  0.4475 
   00351    0.4214  -10402.5132  0.4358 
   00352    0.4081  -10403.0698  0.4302 
   00353    0.4064  -10413.4100  0.4331 
   00354    0.4181  -10353.7956  0.4268 
   00355    0.4147  -10282.9544  0.4223 
   00356    0.4297  -10246.7734  0.4160 
   00357    0.4186  -10250.3545  0.4107 
   00358    0.4139  -10248.0828  0.4031 
   00359    0.4231  -10151.8506  0.4005 
   00360    0.4311  -10125.6843  0.3988 
   00361    0.4200  -10178.3065  0.4037 
   00362    0.4156  -10145.8645  0.4089 
   00363    0.4233  -10134.9420  0.4048 
   00364    0.4225  -10185.7896  0.4006 
   00365    0.4214  -10174.4453  0.4012 
   00366    0.4258  -10155.6235  0.4089 
   00367    0.4400  -10040.9475  0.4148 
   00368    0.4386  -10027.6262  0.4113 
   00369    0.4350  -10061.3178  0.4058 
   00370    0.4225  -10084.5886  0.4166 
   00371    0.4158  -10127.0385  0.4094 
   00372    0.4244  -10172.4989  0.4093 
   00373    0.4233  -10159.6319  0.4084 
   00374    0.4378  -10218.8095  0.4109 
   00375    0.4103  -10203.1405  0.4097 
   00376    0.4186  -10239.5113  0.4070 
   00377    0.4306  -10291.9763  0.4057 
   00378    0.4222  -10169.1867  0.4026 
   00379    0.4267  -10119.3974  0.3950 
   00380    0.4083  -10154.4483  0.3906 
   00381    0.4272  -10242.7414  0.3842 
   00382    0.4164  -10278.9608  0.3779 
   00383    0.4189  -10228.7997  0.3763 
   00384    0.4222  -10258.4117  0.3776 
   00385    0.4239  -10182.7103  0.3675 
   00386    0.4275  -10257.3054  0.3679 
   00387    0.4086  -10277.2862  0.3651 
   00388    0.4122  -10225.3808  0.3685 
   00389    0.4169  -10260.8631  0.3599 
   00390    0.4211  -10170.4266  0.3543 
   00391    0.4314  -10244.0036  0.3620 
   00392    0.4303  -10200.2941  0.3632 
   00393    0.4211  -10222.6954  0.3600 
   00394    0.4292  -10115.1098  0.3589 
   00395    0.4206  -10155.0896  0.3602 
   00396    0.4175  -10161.8980  0.3666 
   00397    0.4436  -10173.3362  0.3661 
   00398    0.4344  -10161.5401  0.3653 
   00399    0.4333  -10156.0096  0.3746 
   00400    0.4258  -10202.4782  0.3778 
   00401    0.4306  -10261.1712  0.3812 
   00402    0.4217  -10214.3877  0.3737 
   00403    0.4153  -10160.4730  0.3715 
   00404    0.4303  -10159.4857  0.3754 
   00405    0.4325  -10146.7158  0.3768 
   00406    0.4228  -10121.3457  0.3739 
   00407    0.4253  -10064.3670  0.3678 
   00408    0.4433  -10069.4215  0.3754 
   00409    0.4189  -10119.2634  0.3752 
   00410    0.4175  -10159.8697  0.3718 
   00411    0.4047  -10186.0168  0.3634 
   00412    0.4250  -10127.2660  0.3697 
   00413    0.4164  -10137.2717  0.3777 
   00414    0.4331  -10187.0914  0.3848 
   00415    0.4169  -10290.2163  0.3862 
   00416    0.4197  -10239.6677  0.3987 
   00417    0.4258  -10161.9317  0.3952 
   00418    0.4192  -10170.8232  0.4002 
   00419    0.4197  -10184.3323  0.4001 
   00420    0.4300  -10198.2614  0.4002 
   00421    0.4281  -10206.1698  0.3931 
   00422    0.4136  -10353.0730  0.4007 
   00423    0.4189  -10276.7485  0.3987 
   00424    0.4358  -10310.5443  0.3962 
   00425    0.4239  -10324.7719  0.3990 
   00426    0.4153  -10257.6105  0.3846 
   00427    0.4233  -10377.6832  0.3876 
   00428    0.4303  -10293.0130  0.3885 
   00429    0.4272  -10296.0975  0.3927 
   00430    0.4250  -10314.4645  0.3920 
   00431    0.4056  -10275.7584  0.3927 
   00432    0.4328  -10234.0324  0.3875 
   00433    0.4178  -10278.1969  0.3836 
   00434    0.4211  -10242.5228  0.3900 
   00435    0.4078  -10222.4977  0.3908 
   00436    0.4333  -10200.9024  0.3921 
   00437    0.4150  -10236.3380  0.3829 
   00438    0.4172  -10315.2114  0.3837 
   00439    0.4144  -10263.3552  0.3931 
   00440    0.4158  -10315.2668  0.3903 
   00441    0.4172  -10312.9080  0.3905 
   00442    0.4167  -10259.6517  0.3904 
   00443    0.4097  -10215.7124  0.3922 
   00444    0.4225  -10252.8082  0.3863 
   00445    0.4300  -10209.1277  0.3943 
   00446    0.4164  -10293.9359  0.4028 
   00447    0.4175  -10311.3317  0.3977 
   00448    0.4075  -10350.5810  0.4073 
   00449    0.4192  -10264.7273  0.4057 
   00450    0.4150  -10275.4788  0.4051 
   00451    0.4217  -10213.9197  0.4038 
   00452    0.4244  -10258.9818  0.4095 
   00453    0.4011  -10192.9947  0.4114 
   00454    0.4228  -10185.2809  0.4073 
   00455    0.4172  -10234.5854  0.4019 
   00456    0.4194  -10157.0009  0.4008 
   00457    0.4411  -10133.9128  0.4001 
   00458    0.4208  -10110.9089  0.4062 
   00459    0.4342  -10139.3897  0.4001 
   00460    0.4297  -10170.5419  0.4108 
   00461    0.4247  -10270.4957  0.4106 
   00462    0.4264  -10109.5259  0.4118 
   00463    0.4231  -10050.7613  0.4107 
   00464    0.4194  -10074.4828  0.4049 
   00465    0.4225  -10108.9712  0.3932 
   00466    0.4194  -10095.8660  0.3937 
   00467    0.4125  -10106.3551  0.3933 
   00468    0.4306  -10171.6114  0.3860 
   00469    0.4256  -10119.7089  0.3875 
   00470    0.4103  -10246.4055  0.3900 
   00471    0.4150  -10174.2214  0.3866 
   00472    0.4356  -10172.1356  0.4029 
   00473    0.4333  -10119.0316  0.4057 
   00474    0.4233  -10032.0991  0.4060 
   00475    0.4236  -10048.2348  0.3987 
   00476    0.4333  -10106.5467  0.3926 
   00477    0.4278  -10095.8538  0.3861 
   00478    0.4325  -10058.3883  0.3884 
   00479    0.4447  -10036.7225  0.3989 
   00480    0.4292   -9991.9594  0.3946 
   00481    0.4256  -10061.9522  0.3929 
   00482    0.4367  -10187.0180  0.3902 
   00483    0.4353  -10078.9244  0.3892 
   00484    0.4231  -10064.5403  0.3920 
   00485    0.4264  -10125.0158  0.3938 
   00486    0.4269  -10153.7915  0.3885 
   00487    0.4144  -10134.0071  0.3862 
   00488    0.4308  -10199.3077  0.3868 
   00489    0.4239  -10164.1074  0.3838 
   00490    0.4208  -10097.9872  0.3731 
   00491    0.4203  -10133.6174  0.3640 
   00492    0.4261  -10084.7582  0.3680 
   00493    0.4400  -10030.2246  0.3702 
   00494    0.4308  -10109.6329  0.3710 
   00495    0.4492  -10102.3997  0.3656 
   00496    0.4356  -10226.7622  0.3664 
   00497    0.4217  -10257.5462  0.3724 
   00498    0.4164  -10279.8271  0.3702 
   00499    0.4242  -10203.4468  0.3716 
   00500    0.4072  -10237.3593  0.3656 
   00501    0.4342  -10183.9634  0.3760 
   00502    0.4289  -10228.0317  0.3732 
   00503    0.4097  -10287.5778  0.3794 
   00504    0.4094  -10223.4104  0.3722 
   00505    0.4128  -10197.8445  0.3702 
   00506    0.4117  -10191.8121  0.3695 
   00507    0.4133  -10191.4274  0.3623 
   00508    0.4203  -10181.9210  0.3694 
   00509    0.4150  -10182.6605  0.3734 
   00510    0.4333  -10218.2363  0.3747 
   00511    0.4025  -10290.5179  0.3796 
   00512    0.4122  -10282.7036  0.3748 
   00513    0.4225  -10253.9465  0.3769 
   00514    0.4239  -10178.7019  0.3802 
   00515    0.4311  -10172.6036  0.3800 
   00516    0.4136  -10238.4944  0.3805 
   00517    0.4222  -10197.4584  0.3768 
   00518    0.4169  -10143.7675  0.3673 
   00519    0.4433  -10111.6535  0.3717 
   00520    0.4150  -10109.7870  0.3809 
   00521    0.4131  -10174.3565  0.3869 
   00522    0.4133  -10044.5275  0.3799 
   00523    0.4272  -10094.9996  0.3695 
   00524    0.4133  -10131.2948  0.3746 
   00525    0.4317  -10142.0801  0.3660 
   00526    0.4258  -10179.4456  0.3690 
   00527    0.4222  -10231.5128  0.3605 
   00528    0.4278  -10209.5207  0.3620 
   00529    0.4156  -10153.0631  0.3572 
   00530    0.4094  -10130.0492  0.3618 
   00531    0.4153  -10136.8698  0.3650 
   00532    0.4414  -10124.8762  0.3617 
   00533    0.4517  -10135.2914  0.3582 
   00534    0.4147  -10029.6406  0.3622 
   00535    0.4264  -10064.5264  0.3645 
   00536    0.4242  -10038.5988  0.3684 
   00537    0.4292  -10113.9596  0.3598 
   00538    0.4181  -10216.9105  0.3608 
   00539    0.4211  -10258.3527  0.3547 
   00540    0.4489  -10227.2953  0.3470 
   00541    0.4056  -10266.3107  0.3459 
   00542    0.4267  -10215.0183  0.3407 
   00543    0.4225  -10023.2246  0.3448 
   00544    0.4133  -10114.5920  0.3444 
   00545    0.4225  -10111.6635  0.3417 
   00546    0.4339  -10273.9765  0.3329 
   00547    0.4217  -10302.2148  0.3336 
   00548    0.4156  -10297.5671  0.3370 
   00549    0.4247  -10335.3128  0.3401 
   00550    0.4178  -10207.0503  0.3414 
   00551    0.4214  -10221.5397  0.3426 
   00552    0.4181  -10131.2214  0.3410 
   00553    0.4333  -10225.8675  0.3511 
   00554    0.4328  -10198.7509  0.3534 
   00555    0.4219  -10119.1535  0.3636 
   00556    0.4417  -10150.9997  0.3605 
   00557    0.4233  -10195.2232  0.3626 
   00558    0.4250  -10213.9098  0.3619 
   00559    0.4231  -10208.4114  0.3637 
   00560    0.4317  -10316.4560  0.3652 
   00561    0.4125  -10295.8864  0.3672 
   00562    0.4336  -10217.5118  0.3747 
   00563    0.4203  -10209.2107  0.3683 
   00564    0.4133  -10215.2637  0.3713 
   00565    0.4344  -10150.5645  0.3698 
   00566    0.4272  -10276.4043  0.3747 
   00567    0.4294  -10235.6677  0.3708 
   00568    0.4211  -10244.7153  0.3721 
   00569    0.4181  -10226.5576  0.3758 
   00570    0.4239  -10172.3648  0.3745 
   00571    0.4250  -10227.3786  0.3832 
   00572    0.4208  -10249.3321  0.3822 
   00573    0.4297  -10243.9958  0.3846 
   00574    0.4200  -10225.1358  0.3789 
   00575    0.4269  -10191.8775  0.3854 
   00576    0.4272  -10138.6161  0.3921 
   00577    0.4269  -10228.3498  0.3941 
   00578    0.4203  -10182.4387  0.3927 
   00579    0.4250  -10200.9351  0.3990 
   00580    0.4172  -10207.3998  0.3983 
   00581    0.4203  -10223.7220  0.3994 
   00582    0.4192  -10251.5076  0.3999 
   00583    0.4133  -10186.7383  0.3979 
   00584    0.4294  -10105.7171  0.3970 
   00585    0.4264  -10205.1304  0.3986 
   00586    0.4189  -10207.4036  0.3915 
   00587    0.4283  -10240.9469  0.3972 
   00588    0.4281  -10270.0032  0.4005 
   00589    0.4186  -10329.3482  0.3946 
   00590    0.4147  -10324.1210  0.4024 
   00591    0.4244  -10330.2359  0.4043 
   00592    0.4336  -10280.1732  0.4021 
   00593    0.4117  -10344.8694  0.3931 
   00594    0.4222  -10333.7526  0.3939 
   00595    0.4272  -10395.2408  0.3992 
   00596    0.4178  -10425.2805  0.3940 
   00597    0.4058  -10384.4898  0.3942 
   00598    0.4197  -10369.6557  0.3929 
   00599    0.4183  -10357.7489  0.3965 
   00600    0.4153  -10326.1725  0.3890 
   00601    0.4228  -10448.2024  0.3940 
   00602    0.4064  -10350.6108  0.4014 
   00603    0.4189  -10301.2562  0.4095 
   00604    0.4042  -10375.1836  0.4104 
   00605    0.4094  -10328.9895  0.4121 
   00606    0.4222  -10329.3994  0.4166 
   00607    0.4231  -10326.4798  0.4172 
   00608    0.4094  -10313.7118  0.4222 
   00609    0.4442  -10324.2515  0.4243 
   00610    0.4242  -10382.4436  0.4221 
   00611    0.4383  -10349.2672  0.4223 
   00612    0.4233  -10314.2636  0.4221 
   00613    0.4194  -10266.4111  0.4213 
   00614    0.4261  -10243.2486  0.4240 
   00615    0.4314  -10265.1542  0.4301 
   00616    0.3994  -10236.6811  0.4315 
   00617    0.4275  -10257.5119  0.4286 
   00618    0.4217  -10177.9096  0.4295 
   00619    0.4336  -10182.0068  0.4246 
   00620    0.4236  -10244.5368  0.4273 
   00621    0.4350  -10324.6265  0.4257 
   00622    0.4231  -10190.2165  0.4200 
   00623    0.4136  -10198.6011  0.4187 
   00624    0.4244  -10198.8922  0.4193 
   00625    0.4147  -10233.6753  0.4157 
   00626    0.4197  -10155.4698  0.4210 
   00627    0.4408  -10201.5718  0.4189 
   00628    0.4122  -10186.4662  0.4104 
   00629    0.4122  -10209.7926  0.4166 
   00630    0.4250  -10166.7029  0.4173 
   00631    0.4283  -10202.3970  0.4080 
   00632    0.4469  -10048.1332  0.4036 
   00633    0.4300  -10132.4505  0.3998 
   00634    0.4242  -10160.4793  0.3958 
   00635    0.4264  -10171.7368  0.3944 
   00636    0.4458  -10191.0103  0.3993 
   00637    0.4103  -10196.9640  0.3983 
   00638    0.4189  -10223.8084  0.4012 
   00639    0.4117  -10279.8052  0.3981 
   00640    0.4200  -10340.9074  0.3945 
   00641    0.4158  -10452.6755  0.3947 
   00642    0.4094  -10581.0995  0.3940 
   00643    0.4044  -10557.3383  0.3976 
   00644    0.4036  -10419.9487  0.3969 
   00645    0.4219  -10416.0627  0.3971 
   00646    0.4144  -10407.3560  0.3878 
   00647    0.4175  -10329.1987  0.3908 
   00648    0.4144  -10273.8484  0.3885 
   00649    0.4175  -10243.1239  0.3892 
   00650    0.4386  -10291.0506  0.3916 
   00651    0.4386  -10239.2109  0.3899 
   00652    0.4228  -10256.5502  0.3893 
   00653    0.4211  -10256.6090  0.3923 
   00654    0.4228  -10285.9493  0.3884 
   00655    0.4094  -10305.9412  0.3802 
   00656    0.4267  -10262.6752  0.3813 
   00657    0.4183  -10239.6479  0.3907 
   00658    0.4292  -10284.4484  0.3831 
   00659    0.4175  -10201.5061  0.3798 
   00660    0.4317  -10127.4460  0.3830 
   00661    0.4206  -10187.7988  0.3818 
   00662    0.4369  -10139.3486  0.3856 
   00663    0.4233  -10095.6312  0.3907 
   00664    0.4289  -10101.2799  0.3798 
   00665    0.4339  -10197.4321  0.3740 
   00666    0.4317  -10224.6781  0.3807 
   00667    0.4122  -10212.7668  0.3865 
   00668    0.4358  -10101.1933  0.3843 
   00669    0.4267  -10162.6595  0.3823 
   00670    0.4192  -10234.9310  0.3749 
   00671    0.4253  -10238.4159  0.3680 
   00672    0.4178  -10097.7996  0.3686 
   00673    0.4347  -10121.7945  0.3610 
   00674    0.4397  -10107.1661  0.3620 
   00675    0.4169  -10180.0494  0.3594 
   00676    0.4244  -10249.2691  0.3596 
   00677    0.4267  -10164.0833  0.3539 
   00678    0.4292  -10187.7125  0.3547 
   00679    0.4244  -10199.2855  0.3446 
   00680    0.4297  -10198.6702  0.3480 
   00681    0.4267  -10233.9649  0.3470 
   00682    0.4361  -10172.9728  0.3387 
   00683    0.4328  -10112.0084  0.3365 
   00684    0.4281  -10120.9403  0.3368 
   00685    0.4075  -10198.9982  0.3403 
   00686    0.4178  -10174.4299  0.3440 
   00687    0.4336  -10199.8128  0.3410 
   00688    0.4322  -10265.5937  0.3337 
   00689    0.4142  -10252.5559  0.3393 
   00690    0.4264  -10302.4027  0.3488 
   00691    0.4317  -10145.7346  0.3564 
   00692    0.4317  -10147.0577  0.3478 
   00693    0.4075  -10125.6707  0.3502 
   00694    0.4150  -10105.2228  0.3495 
   00695    0.4339   -9992.1288  0.3464 
   00696    0.4542   -9972.2097  0.3375 
   00697    0.4208  -10098.3722  0.3450 
   00698    0.4197  -10106.7379  0.3557 
   00699    0.4286  -10091.4136  0.3633 
   00700    0.4175  -10098.2175  0.3649 
   00701    0.4328  -10086.4672  0.3718 
   00702    0.4389  -10201.7134  0.3780 
   00703    0.4406  -10128.6174  0.3938 
   00704    0.4342  -10213.9844  0.3936 
   00705    0.4161  -10221.5234  0.3914 
   00706    0.4172  -10248.2023  0.3989 
   00707    0.4247  -10202.4568  0.4072 
   00708    0.4372  -10301.9150  0.4127 
   00709    0.4108  -10286.3833  0.4174 
   00710    0.4122  -10215.6170  0.4231 
   00711    0.4136  -10270.0218  0.4230 
   00712    0.4239  -10347.3823  0.4226 
   00713    0.4169  -10268.5300  0.4282 
   00714    0.4039  -10258.5436  0.4245 
   00715    0.4214  -10215.1160  0.4233 
   00716    0.4281  -10218.6261  0.4302 
   00717    0.4169  -10328.0576  0.4245 
   00718    0.4164  -10351.0680  0.4265 
   00719    0.4247  -10265.0136  0.4096 
   00720    0.4186  -10177.0068  0.4158 
   00721    0.4303  -10119.2397  0.4171 
   00722    0.4150  -10241.3602  0.4191 
   00723    0.4200  -10254.2429  0.4267 
   00724    0.4239  -10305.1945  0.4317 
   00725    0.4167  -10235.2697  0.4267 
   00726    0.4178  -10259.4638  0.4344 
   00727    0.4239  -10169.6513  0.4238 
   00728    0.4214  -10078.5000  0.4230 
   00729    0.4281  -10079.6878  0.4231 
   00730    0.4183  -10124.4204  0.4238 
   00731    0.4572  -10133.3345  0.4207 
   00732    0.4225  -10117.7858  0.4137 
   00733    0.4328  -10145.2759  0.4117 
   00734    0.4367  -10124.5033  0.4082 
   00735    0.4150  -10170.5851  0.4084 
   00736    0.4225  -10004.6246  0.4016 
   00737    0.4192  -10048.5090  0.4005 
   00738    0.4192  -10048.0738  0.3939 
   00739    0.4483  -10087.3099  0.3924 
   00740    0.4325  -10041.5948  0.3865 
   00741    0.4347  -10169.8149  0.3874 
   00742    0.4089  -10189.7818  0.3900 
   00743    0.4228  -10155.8939  0.3898 
   00744    0.4150  -10181.8381  0.3905 
   00745    0.4272  -10204.2085  0.3944 
   00746    0.4256  -10215.4520  0.3940 
   00747    0.4142  -10283.3907  0.3952 
   00748    0.4261  -10289.5496  0.3907 
   00749    0.4128  -10402.7992  0.3861 
   00750    0.4094  -10488.5521  0.3774 
   00751    0.4086  -10508.6275  0.3792 
   00752    0.4089  -10372.0447  0.3804 
   00753    0.4286  -10435.9837  0.3824 
   00754    0.4181  -10512.1720  0.3834 
   00755    0.4142  -10471.3305  0.3789 
   00756    0.4061  -10461.3309  0.3772 
   00757    0.4197  -10418.9104  0.3788 
   00758    0.4283  -10474.0703  0.3778 
   00759    0.4189  -10514.1250  0.3702 
   00760    0.4175  -10478.9706  0.3694 
   00761    0.4058  -10433.0703  0.3739 
   00762    0.4169  -10450.3336  0.3756 
   00763    0.4264  -10439.4670  0.3766 
   00764    0.4072  -10389.9430  0.3825 
   00765    0.4269  -10422.6871  0.3833 
   00766    0.4131  -10344.8091  0.3818 
   00767    0.4158  -10337.1363  0.3881 
   00768    0.4264  -10398.9485  0.3851 
   00769    0.4339  -10296.6512  0.3916 
   00770    0.4206  -10289.9681  0.3841 
   00771    0.4036  -10273.9121  0.3864 
   00772    0.4089  -10231.9976  0.3838 
   00773    0.4114  -10165.9233  0.3852 
   00774    0.4253  -10255.1017  0.3800 
   00775    0.4142  -10344.6425  0.3818 
   00776    0.4019  -10247.2777  0.3865 
   00777    0.4200  -10307.7069  0.3801 
   00778    0.4267  -10177.3883  0.3860 
   00779    0.4147  -10219.7829  0.3872 
   00780    0.4119  -10213.6018  0.3881 
   00781    0.4347  -10256.1958  0.3859 
   00782    0.4281  -10266.4334  0.3894 
   00783    0.4211  -10268.9852  0.3921 
   00784    0.4386  -10255.4158  0.3972 
   00785    0.4308  -10273.9952  0.3986 
   00786    0.4100  -10188.7813  0.3963 
   00787    0.4150  -10223.4329  0.3940 
   00788    0.4300  -10225.1530  0.3961 
   00789    0.4253  -10168.3292  0.4004 
   00790    0.4339  -10142.2383  0.3884 
   00791    0.4322  -10097.5853  0.3861 
   00792    0.4175  -10129.7574  0.3845 
   00793    0.4258  -10187.7449  0.3775 
   00794    0.4050  -10183.1623  0.3814 
   00795    0.4158  -10198.0131  0.3798 
   00796    0.4086  -10217.3220  0.3716 
   00797    0.4317  -10216.3149  0.3645 
   00798    0.4172  -10200.8931  0.3683 
   00799    0.4397  -10173.6008  0.3645 
   00800    0.4214  -10135.6376  0.3637 
   00801    0.4208  -10123.5608  0.3666 
   00802    0.4183  -10152.2295  0.3689 
   00803    0.4242  -10221.2924  0.3670 
   00804    0.4361  -10139.2458  0.3736 
   00805    0.4125  -10115.4229  0.3731 
   00806    0.4297  -10134.2377  0.3718 
   00807    0.4192  -10131.7834  0.3774 
   00808    0.4331  -10095.6159  0.3821 
   00809    0.4328  -10110.5352  0.3826 
   00810    0.4367  -10036.4150  0.3787 
   00811    0.4336  -10073.3075  0.3767 
   00812    0.4200  -10051.9903  0.3701 
   00813    0.4356  -10110.8387  0.3731 
   00814    0.4317  -10061.7145  0.3726 
   00815    0.4208  -10133.6463  0.3776 
   00816    0.4375  -10064.0968  0.3792 
   00817    0.4208  -10029.9829  0.3754 
   00818    0.4267   -9942.3621  0.3779 
   00819    0.4350   -9955.9746  0.3786 
   00820    0.4364   -9961.1594  0.3722 
   00821    0.4347   -9954.6639  0.3723 
   00822    0.4414  -10002.8109  0.3791 
   00823    0.4464   -9981.1004  0.3822 
   00824    0.4328  -10034.8761  0.3812 
   00825    0.4386   -9936.0776  0.3847 
   00826    0.4325   -9966.1341  0.3842 
   00827    0.4325   -9968.1417  0.3844 
   00828    0.4283  -10051.6934  0.3950 
   00829    0.4525   -9970.6078  0.3922 
   00830    0.4344   -9953.8779  0.3899 
   00831    0.4347  -10049.4587  0.3891 
   00832    0.4364  -10036.1907  0.3898 
   00833    0.4353  -10130.9108  0.3920 
   00834    0.4303  -10097.3387  0.3964 
   00835    0.4242  -10215.2607  0.4089 
   00836    0.4308  -10170.8190  0.4019 
   00837    0.4114  -10145.8198  0.4103 
   00838    0.4267  -10148.3313  0.4047 
   00839    0.4122  -10132.9752  0.4074 
   00840    0.4208  -10112.8435  0.4058 
   00841    0.4442  -10159.1158  0.4079 
   00842    0.4269  -10049.2389  0.4053 
   00843    0.4219  -10118.8580  0.4045 
   00844    0.4131  -10162.6416  0.4008 
   00845    0.4153  -10128.0527  0.4018 
   00846    0.4325  -10177.5202  0.4078 
   00847    0.4397  -10169.9911  0.4005 
   00848    0.4314  -10224.1618  0.4065 
   00849    0.4331  -10180.1535  0.4111 
   00850    0.4281  -10113.6592  0.3980 
   00851    0.4186  -10140.3715  0.3952 
   00852    0.4311  -10148.0626  0.3923 
   00853    0.4233  -10134.9245  0.3970 
   00854    0.4292  -10142.4478  0.3926 
   00855    0.4044  -10181.1526  0.3879 
   00856    0.4294  -10222.7542  0.3871 
   00857    0.4278  -10181.6150  0.3861 
   00858    0.4214  -10199.6710  0.3885 
   00859    0.4369  -10110.9879  0.3752 
   00860    0.4181  -10102.8423  0.3699 
   00861    0.4333  -10092.5909  0.3659 
   00862    0.4431  -10143.9971  0.3666 
   00863    0.4153  -10168.0484  0.3670 
   00864    0.4283  -10193.3312  0.3697 
   00865    0.4289  -10156.9323  0.3732 
   00866    0.4467  -10153.4789  0.3806 
   00867    0.4306  -10076.2677  0.3870 
   00868    0.4186  -10171.0630  0.3866 
   00869    0.4256  -10193.0232  0.3864 
   00870    0.4214  -10201.7180  0.3859 
   00871    0.4247  -10181.4386  0.3857 
   00872    0.4125  -10200.9835  0.3908 
   00873    0.4247  -10138.6988  0.3919 
   00874    0.4378  -10061.2343  0.3878 
   00875    0.4386   -9965.0496  0.3997 
   00876    0.4128  -10107.6317  0.4012 
   00877    0.4325  -10019.4655  0.3934 
   00878    0.4344  -10039.7676  0.4061 
   00879    0.4339  -10072.5957  0.4014 
   00880    0.4361  -10097.6501  0.4067 
   00881    0.4228  -10189.3425  0.4025 
   00882    0.4181  -10201.4981  0.4037 
   00883    0.4347  -10233.1512  0.4119 
   00884    0.4308  -10158.9493  0.4193 
   00885    0.4419  -10119.0934  0.4212 
   00886    0.4247  -10250.1475  0.4319 
   00887    0.4217  -10284.7955  0.4334 
   00888    0.4244  -10278.8732  0.4333 
   00889    0.4247  -10231.2634  0.4341 
   00890    0.4361  -10253.7410  0.4360 
   00891    0.4136  -10328.5999  0.4440 
   00892    0.4311  -10337.4856  0.4464 
   00893    0.4042  -10390.7763  0.4378 
   00894    0.4189  -10389.8671  0.4473 
   00895    0.4033  -10197.1658  0.4421 
   00896    0.4150  -10200.6911  0.4400 
   00897    0.4342  -10300.5822  0.4427 
   00898    0.4236  -10297.5537  0.4433 
   00899    0.4272  -10286.1469  0.4388 
   00900    0.4244  -10302.6526  0.4409 
   00901    0.4244  -10320.7921  0.4473 
   00902    0.4272  -10340.1918  0.4483 
   00903    0.4042  -10345.3801  0.4484 
   00904    0.4186  -10281.8901  0.4512 
   00905    0.4014  -10347.0167  0.4457 
   00906    0.4242  -10240.7078  0.4426 
   00907    0.4314  -10258.3939  0.4427 
   00908    0.4100  -10218.8909  0.4384 
   00909    0.4250  -10226.4261  0.4333 
   00910    0.4411  -10276.6169  0.4390 
   00911    0.4214  -10221.4287  0.4362 
   00912    0.4408  -10234.9034  0.4311 
   00913    0.4342  -10164.0434  0.4260 
   00914    0.4253  -10258.3170  0.4299 
   00915    0.4264  -10256.1030  0.4395 
   00916    0.4225  -10281.5528  0.4406 
   00917    0.4019  -10221.7545  0.4350 
   00918    0.4244  -10284.5637  0.4360 
   00919    0.4261  -10302.2079  0.4276 
   00920    0.4186  -10304.3583  0.4262 
   00921    0.4225  -10380.5262  0.4300 
   00922    0.4108  -10390.5411  0.4294 
   00923    0.4239  -10255.6790  0.4263 
   00924    0.4267  -10256.0963  0.4221 
   00925    0.4239  -10273.5012  0.4240 
   00926    0.4300  -10187.4625  0.4219 
   00927    0.4292  -10170.8185  0.4159 
   00928    0.4108  -10133.4561  0.4203 
   00929    0.4289  -10231.0243  0.4316 
   00930    0.4275  -10190.4011  0.4307 
   00931    0.4208  -10247.0193  0.4202 
   00932    0.4208  -10312.9016  0.4152 
   00933    0.4206  -10302.1222  0.4216 
   00934    0.4169  -10260.4831  0.4161 
   00935    0.4178  -10216.0158  0.4157 
   00936    0.4339  -10170.0459  0.4222 
   00937    0.4306  -10178.3033  0.4177 
   00938    0.4158  -10258.1020  0.4244 
   00939    0.4156  -10365.6478  0.4180 
   00940    0.4147  -10305.4837  0.4204 
   00941    0.4178  -10298.2547  0.4252 
   00942    0.4058  -10302.8140  0.4339 
   00943    0.4186  -10226.0756  0.4257 
   00944    0.4136  -10243.7500  0.4232 
   00945    0.4236  -10322.4725  0.4276 
   00946    0.4119  -10306.3477  0.4267 
   00947    0.4244  -10305.6164  0.4236 
   00948    0.4147  -10411.5528  0.4216 
   00949    0.4117  -10401.5244  0.4220 
   00950    0.4019  -10322.4914  0.4101 
   00951    0.4219  -10279.4341  0.4072 
   00952    0.4072  -10299.1651  0.4146 
   00953    0.4222  -10334.1547  0.4140 
   00954    0.4089  -10370.9772  0.4074 
   00955    0.4056  -10325.2283  0.3998 
   00956    0.4147  -10235.3817  0.3910 
   00957    0.4144  -10247.7122  0.3914 
   00958    0.4275  -10188.7828  0.3921 
   00959    0.4078  -10250.7679  0.3890 
   00960    0.4181  -10299.8591  0.3924 
   00961    0.4328  -10314.9495  0.3896 
   00962    0.4303  -10450.2022  0.3880 
   00963    0.4242  -10383.9461  0.3877 
   00964    0.4094  -10320.0099  0.3820 
   00965    0.4142  -10323.0126  0.3894 
   00966    0.4294  -10317.7954  0.3879 
   00967    0.4331  -10394.6969  0.3907 
   00968    0.4139  -10265.6364  0.3844 
   00969    0.4094  -10235.5329  0.3897 
   00970    0.4228  -10309.3074  0.3894 
   00971    0.4131  -10248.3877  0.3837 
   00972    0.4331  -10321.2001  0.3847 
   00973    0.4197  -10317.3740  0.3859 
   00974    0.4139  -10249.6089  0.3870 
   00975    0.4236  -10319.1782  0.3838 
   00976    0.4231  -10304.7156  0.3812 
   00977    0.4239  -10369.6896  0.3770 
   00978    0.4250  -10417.9745  0.3791 
   00979    0.4003  -10417.7927  0.3753 
   00980    0.4133  -10468.4715  0.3708 
   00981    0.4192  -10413.2291  0.3705 
   00982    0.4069  -10377.6387  0.3729 
   00983    0.4175  -10351.8459  0.3796 
   00984    0.4236  -10337.2248  0.3816 
   00985    0.4192  -10270.3823  0.3845 
   00986    0.4136  -10302.1880  0.3801 
   00987    0.4122  -10299.3793  0.3794 
   00988    0.4139  -10278.5809  0.3791 
   00989    0.4139  -10165.1973  0.3878 
   00990    0.4189  -10259.6862  0.3911 
   00991    0.4203  -10206.4167  0.3878 
   00992    0.4111  -10161.6531  0.3900 
   00993    0.4286  -10187.3060  0.3912 
   00994    0.4250  -10234.1749  0.3922 
   00995    0.4153  -10203.3478  0.3971 
   00996    0.4211  -10229.4592  0.3932 
   00997    0.4297  -10205.2706  0.3893 
   00998    0.4258  -10182.9773  0.3862 
   00999    0.4197  -10130.9349  0.3741 
   01000    0.4325  -10234.8663  0.3802 
