#=====================================================
# File created:        Mon-06-Nov-2023-at-10-49-34AM
# Size of lattice:     20x20
# Number of MC steps:  1000
# Reduced temperature: 0.400
# Run time (s):        9.886574
#=====================================================
# MC step:  Ratio:     Energy:   Order:
#=====================================================
   00000    0.5000    -431.7943  0.2704 
   00001    0.5900    -478.2281  0.2716 
   00002    0.5900    -499.6050  0.2778 
   00003    0.6000    -530.5516  0.2791 
   00004    0.4800    -567.7090  0.2855 
   00005    0.5900    -601.6777  0.2884 
   00006    0.4800    -610.4492  0.2859 
   00007    0.4800    -623.3122  0.2812 
   00008    0.5100    -654.8150  0.2797 
   00009    0.4800    -671.7738  0.2813 
   00010    0.4100    -679.7191  0.2872 
   00011    0.5400    -717.9433  0.2903 
   00012    0.4800    -741.5757  0.2950 
   00013    0.5200    -773.7578  0.3001 
   00014    0.4900    -783.3280  0.2917 
   00015    0.4900    -784.1824  0.2934 
   00016    0.4300    -802.3281  0.3027 
   00017    0.4900    -820.5044  0.3106 
   00018    0.4200    -853.7123  0.3049 
   00019    0.4100    -871.6957  0.3105 
   00020    0.4200    -885.7355  0.3114 
   00021    0.4000    -902.6158  0.3137 
   00022    0.5000    -924.7707  0.3267 
   00023    0.4800    -938.7006  0.3240 
   00024    0.3300    -941.2200  0.3277 
   00025    0.3900    -945.8622  0.3320 
   00026    0.4300    -949.5390  0.3313 
   00027    0.4700    -968.2556  0.3317 
   00028    0.4500    -981.9822  0.3347 
   00029    0.4700    -999.6649  0.3289 
   00030    0.4100   -1004.4544  0.3331 
   00031    0.3600   -1007.9586  0.3275 
   00032    0.3700   -1027.1218  0.3369 
   00033    0.4000   -1036.5499  0.3336 
   00034    0.4300   -1041.6559  0.3324 
   00035    0.4000   -1039.7179  0.3365 
   00036    0.4300   -1050.9048  0.3390 
   00037    0.3800   -1050.1910  0.3423 
   00038    0.4500   -1065.9961  0.3458 
   00039    0.3700   -1075.9843  0.3469 
   00040    0.4300   -1085.1919  0.3438 
   00041    0.4300   -1084.7347  0.3478 
   00042    0.4300   -1091.1336  0.3469 
   00043    0.4000   -1095.0250  0.3492 
   00044    0.3900   -1093.7076  0.3491 
   00045    0.3400   -1102.3273  0.3546 
   00046    0.3700   -1112.8027  0.3474 
   00047    0.3500   -1118.4112  0.3518 
   00048    0.4000   -1125.7074  0.3552 
   00049    0.3500   -1129.1188  0.3613 
   00050    0.3800   -1124.6801  0.3602 
   00051    0.3600   -1142.2619  0.3572 
   00052    0.3600   -1153.4692  0.3619 
   00053    0.3800   -1151.8368  0.3583 
   00054    0.3800   -1151.7588  0.3651 
   00055    0.3700   -1151.0718  0.3667 
   00056    0.4400   -1156.1692  0.3775 
   00057    0.4100   -1161.6693  0.3691 
   00058    0.4100   -1161.7392  0.3658 
   00059    0.4500   -1164.9131  0.3711 
   00060    0.4400   -1154.4114  0.3774 
   00061    0.4000   -1162.9379  0.3805 
   00062    0.3300   -1158.8763  0.3803 
   00063    0.3500   -1171.1356  0.3837 
   00064    0.4300   -1178.2087  0.3863 
   00065    0.3300   -1187.0433  0.3970 
   00066    0.4100   -1190.8507  0.4046 
   00067    0.4500   -1198.9847  0.3973 
   00068    0.3100   -1203.8543  0.3953 
   00069    0.4000   -1208.5037  0.4046 
   00070    0.3800   -1212.3528  0.4116 
   00071    0.4200   -1223.4738  0.4235 
   00072    0.4100   -1228.9622  0.4234 
   00073    0.3200   -1231.0845  0.4218 
   00074    0.3800   -1230.8332  0.4193 
   00075    0.3700   -1227.2838  0.4267 
   00076    0.3900   -1236.7703  0.4361 
   00077    0.3200   -1236.6770  0.4364 
   00078    0.3200   -1233.6233  0.4335 
   00079    0.4000   -1241.8889  0.4405 
   00080    0.3700   -1243.0456  0.4399 
   00081    0.3900   -1246.6971  0.4413 
   00082    0.3600   -1248.6413  0.4449 
   00083    0.4200   -1251.1704  0.4503 
   00084    0.3600   -1259.0508  0.4533 
   00085    0.3800   -1255.6641  0.4520 
   00086    0.4100   -1249.2854  0.4547 
   00087    0.2900   -1256.5214  0.4568 
   00088    0.3900   -1262.0451  0.4563 
   00089    0.3500   -1259.5699  0.4517 
   00090    0.3800   -1255.2729  0.4573 
   00091    0.3000   -1255.3063  0.4567 
   00092    0.2500   -1253.4694  0.4579 
   00093    0.3700   -1259.8134  0.4600 
   00094    0.3700   -1260.4103  0.4647 
   00095    0.2500   -1256.5849  0.4699 
   00096    0.3900   -1256.7960  0.4667 
   00097    0.3800   -1254.8435  0.4608 
   00098    0.3400   -1258.4018  0.4655 
   00099    0.3800   -1269.3838  0.4702 
   00100    0.4000   -1272.7011  0.4748 
   00101    0.3500   -1271.3370  0.4709 
   00102    0.3700   -1282.0308  0.4747 
   00103    0.3600   -1288.8821  0.4717 
   00104    0.3700   -1289.9550  0.4728 
   00105    0.3600   -1291.7034  0.4770 
   00106    0.3500   -1299.4747  0.4803 
   00107    0.4100   -1289.5795  0.4833 
   00108    0.3800   -1288.8416  0.4860 
   00109    0.3100   -1289.9372  0.4894 
   00110    0.3900   -1289.4717  0.4920 
   00111    0.4100   -1294.3353  0.4890 
   00112    0.3500   -1298.1473  0.4864 
   00113    0.3700   -1297.1620  0.4910 
   00114    0.3900   -1291.5247  0.4933 
   00115    0.3000   -1291.0879  0.4972 
   00116    0.3500   -1296.0265  0.5034 
   00117    0.3200   -1292.6715  0.5071 
   00118    0.3700   -1290.9395  0.5053 
   00119    0.3800   -1291.5198  0.5048 
   00120    0.3000   -1294.4214  0.5002 
   00121    0.3100   -1300.0019  0.5037 
   00122    0.3600   -1302.6993  0.5073 
   00123    0.2600   -1294.4443  0.5049 
   00124    0.4300   -1289.2583  0.5051 
   00125    0.3300   -1288.4356  0.5053 
   00126    0.3200   -1303.2929  0.5084 
   00127    0.4400   -1299.6678  0.5048 
   00128    0.3500   -1303.9882  0.5053 
   00129    0.3900   -1307.9651  0.5073 
   00130    0.3400   -1311.0227  0.5053 
   00131    0.3100   -1307.1692  0.5041 
   00132    0.4000   -1306.9778  0.5021 
   00133    0.3600   -1309.6606  0.5073 
   00134    0.3200   -1314.1031  0.5122 
   00135    0.3300   -1312.4335  0.5128 
   00136    0.3800   -1311.0983  0.5125 
   00137    0.3900   -1313.5724  0.5075 
   00138    0.3000   -1312.4652  0.5087 
   00139    0.3400   -1316.5423  0.5099 
   00140    0.3800   -1312.0544  0.5008 
   00141    0.3700   -1316.2824  0.5059 
   00142    0.3400   -1315.1822  0.5041 
   00143    0.3400   -1308.1613  0.5053 
   00144    0.2800   -1310.1994  0.5053 
   00145    0.4400   -1312.8899  0.5019 
   00146    0.4700   -1308.8202  0.5035 
   00147    0.3800   -1307.9848  0.5020 
   00148    0.4100   -1304.6986  0.5058 
   00149    0.3600   -1300.7315  0.5017 
   00150    0.3000   -1295.0725  0.4974 
   00151    0.3700   -1289.1528  0.4992 
   00152    0.3800   -1290.4018  0.5003 
   00153    0.3900   -1295.6171  0.4987 
   00154    0.3800   -1299.0276  0.5010 
   00155    0.3500   -1301.1132  0.5039 
   00156    0.3600   -1306.9016  0.5035 
   00157    0.3500   -1302.5680  0.5043 
   00158    0.3600   -1309.8767  0.5052 
   00159    0.3700   -1306.4991  0.5013 
   00160    0.3800   -1304.3109  0.4925 
   00161    0.4100   -1301.4006  0.4948 
   00162    0.3100   -1303.6494  0.5025 
   00163    0.3500   -1303.8216  0.4965 
   00164    0.3500   -1299.9617  0.4969 
   00165    0.3900   -1303.2823  0.5003 
   00166    0.3600   -1297.5586  0.5040 
   00167    0.3400   -1291.4081  0.5027 
   00168    0.2800   -1291.4834  0.5034 
   00169    0.4200   -1293.7686  0.5062 
   00170    0.3500   -1293.3063  0.5056 
   00171    0.3500   -1291.5404  0.5079 
   00172    0.3700   -1289.5560  0.5125 
   00173    0.3600   -1295.9093  0.5085 
   00174    0.3700   -1293.3400  0.5150 
   00175    0.2600   -1289.2392  0.5187 
   00176    0.3800   -1291.2651  0.5108 
   00177    0.3600   -1295.7909  0.5084 
   00178    0.2900   -1299.1433  0.5073 
   00179    0.3300   -1296.5450  0.5024 
   00180    0.3700   -1301.2369  0.5028 
   00181    0.3600   -1301.0337  0.5076 
   00182    0.3900   -1294.3872  0.5100 
   00183    0.3400   -1298.4698  0.5156 
   00184    0.3400   -1300.9889  0.5117 
   00185    0.3700   -1301.6889  0.5159 
   00186    0.4100   -1299.0341  0.5135 
   00187    0.3900   -1305.6877  0.5135 
   00188    0.3600   -1313.0877  0.5088 
   00189    0.3300   -1316.2265  0.5105 
   00190    0.3900   -1319.0805  0.5172 
   00191    0.3500   -1320.3653  0.5233 
   00192    0.3100   -1320.9537  0.5227 
   00193    0.3800   -1320.9667  0.5250 
   00194    0.3700   -1324.1004  0.5244 
   00195    0.3900   -1316.5803  0.5310 
   00196    0.3200   -1315.0227  0.5347 
   00197    0.3600   -1314.6628  0.5363 
   00198    0.3800   -1315.5861  0.5378 
   00199    0.4100   -1313.4623  0.5309 
   00200    0.4100   -1313.4006  0.5297 
   00201    0.3200   -1318.3604  0.5356 
   00202    0.3800   -1314.9178  0.5376 
   00203    0.3800   -1314.1027  0.5400 
   00204    0.3700   -1314.6411  0.5376 
   00205    0.3600   -1311.8718  0.5339 
   00206    0.3800   -1310.3632  0.5341 
   00207    0.2800   -1306.8474  0.5395 
   00208    0.4100   -1304.4706  0.5318 
   00209    0.3400   -1318.1258  0.5316 
   00210    0.3700   -1320.2661  0.5297 
   00211    0.4300   -1313.0651  0.5318 
   00212    0.3200   -1315.1071  0.5345 
   00213    0.3500   -1317.7624  0.5390 
   00214    0.3600   -1319.0800  0.5462 
   00215    0.3600   -1316.6342  0.5481 
   00216    0.3100   -1320.8999  0.5428 
   00217    0.3700   -1328.2041  0.5449 
   00218    0.3300   -1331.5417  0.5469 
   00219    0.4000   -1329.4242  0.5503 
   00220    0.3700   -1322.9398  0.5486 
   00221    0.3700   -1325.4991  0.5498 
   00222    0.3100   -1319.9906  0.5576 
   00223    0.3600   -1322.0982  0.5627 
   00224    0.3100   -1319.5686  0.5583 
   00225    0.2600   -1320.9243  0.5604 
   00226    0.3800   -1326.0589  0.5588 
   00227    0.3700   -1329.4162  0.5586 
   00228    0.4300   -1333.1065  0.5602 
   00229    0.3600   -1344.7831  0.5666 
   00230    0.4100   -1341.1522  0.5597 
   00231    0.3700   -1335.0393  0.5646 
   00232    0.3300   -1330.5040  0.5599 
   00233    0.3400   -1333.0174  0.5621 
   00234    0.3300   -1332.3446  0.5623 
   00235    0.3700   -1332.7927  0.5634 
   00236    0.4000   -1337.6714  0.5627 
   00237    0.3300   -1343.4699  0.5535 
   00238    0.2800   -1347.4920  0.5527 
   00239    0.3000   -1353.6439  0.5508 
   00240    0.3600   -1345.7921  0.5494 
   00241    0.3700   -1339.3412  0.5498 
   00242    0.3500   -1341.0030  0.5484 
   00243    0.3400   -1343.3479  0.5478 
   00244    0.3200   -1344.5874  0.5452 
   00245    0.4000   -1351.6778  0.5509 
   00246    0.3500   -1350.7950  0.5577 
   00247    0.2900   -1347.0474  0.5563 
   00248    0.3800   -1355.1582  0.5565 
   00249    0.3700   -1360.0608  0.5594 
   00250    0.3400   -1351.9107  0.5573 
   00251    0.3300   -1359.6011  0.5671 
   00252    0.4100   -1361.2026  0.5791 
   00253    0.3400   -1365.5148  0.5883 
   00254    0.3500   -1368.6998  0.5847 
   00255    0.3500   -1368.8255  0.5854 
   00256    0.3500   -1372.3556  0.5871 
   00257    0.3400   -1369.8258  0.5855 
   00258    0.3100   -1371.1251  0.5861 
   00259    0.3000   -1368.9676  0.5849 
   00260    0.3800   -1375.5757  0.5979 
   00261    0.3100   -1372.5257  0.5936 
   00262    0.3500   -1370.7136  0.5917 
   00263    0.3400   -1374.6200  0.5950 
   00264    0.3400   -1377.1000  0.5968 
   00265    0.2600   -1381.6892  0.5995 
   00266    0.3700   -1379.9806  0.5956 
   00267    0.3400   -1382.5846  0.5993 
   00268    0.4100   -1382.2356  0.5982 
   00269    0.4000   -1380.5220  0.5992 
   00270    0.3300   -1382.5322  0.6008 
   00271    0.3800   -1383.4695  0.5999 
   00272    0.3600   -1382.5620  0.6050 
   00273    0.3400   -1381.3319  0.6047 
   00274    0.3300   -1378.7963  0.5993 
   00275    0.3400   -1372.2578  0.5973 
   00276    0.3700   -1371.5399  0.5956 
   00277    0.3400   -1373.0139  0.5942 
   00278    0.3900   -1375.0783  0.5938 
   00279    0.3100   -1373.3965  0.5935 
   00280    0.3100   -1371.1604  0.5992 
   00281    0.3700   -1363.4920  0.5926 
   00282    0.3200   -1362.3668  0.5953 
   00283    0.3900   -1370.3851  0.5982 
   00284    0.3900   -1358.6947  0.5986 
   00285    0.3200   -1358.4402  0.5960 
   00286    0.3400   -1353.3773  0.5968 
   00287    0.4100   -1349.0986  0.5940 
   00288    0.3200   -1343.5387  0.6002 
   00289    0.3100   -1345.0161  0.6012 
   00290    0.3800   -1345.5474  0.5988 
   00291    0.3600   -1342.6226  0.5982 
   00292    0.3500   -1345.2344  0.5992 
   00293    0.3200   -1345.5001  0.5943 
   00294    0.3700   -1349.8004  0.5974 
   00295    0.3400   -1354.5661  0.5999 
   00296    0.4100   -1356.5892  0.5967 
   00297    0.4100   -1362.1989  0.5977 
   00298    0.3200   -1359.0894  0.5977 
   00299    0.2800   -1364.7439  0.5964 
   00300    0.3400   -1363.6904  0.5956 
   00301    0.3900   -1354.6071  0.5900 
   00302    0.2700   -1357.2654  0.5942 
   00303    0.2700   -1358.5047  0.6010 
   00304    0.3200   -1355.9807  0.5968 
   00305    0.3700   -1358.5310  0.5963 
   00306    0.2900   -1356.1544  0.5961 
   00307    0.4200   -1356.6873  0.5945 
   00308    0.3400   -1351.7730  0.5920 
   00309    0.3000   -1349.2973  0.5931 
   00310    0.3800   -1356.2555  0.5946 
   00311    0.3400   -1350.3331  0.5906 
   00312    0.3600   -1354.0219  0.5971 
   00313    0.3800   -1357.0707  0.5925 
   00314    0.3600   -1362.5062  0.5950 
   00315    0.3400   -1358.6513  0.5965 
   00316    0.3500   -1358.3072  0.5987 
   00317    0.3900   -1353.3351  0.5931 
   00318    0.3400   -1355.3667  0.5995 
   00319    0.3600   -1359.2538  0.6009 
   00320    0.4100   -1359.4535  0.6001 
   00321    0.3100   -1353.0993  0.6008 
   00322    0.3400   -1349.3488  0.6072 
   00323    0.2900   -1352.8992  0.6043 
   00324    0.3400   -1358.5791  0.6058 
   00325    0.2900   -1356.2424  0.6113 
   00326    0.4100   -1360.4761  0.6088 
   00327    0.3800   -1366.0055  0.6104 
   00328    0.3800   -1367.0099  0.6183 
   00329    0.3100   -1373.4466  0.6212 
   00330    0.3600   -1377.8151  0.6224 
   00331    0.3200   -1375.6740  0.6169 
   00332    0.3400   -1378.5102  0.6159 
   00333    0.3100   -1378.4833  0.6138 
   00334    0.3400   -1374.7986  0.6168 
   00335    0.3800   -1378.3893  0.6216 
   00336    0.3500   -1380.1006  0.6208 
   00337    0.3100   -1383.6338  0.6216 
   00338    0.3000   -1385.1811  0.6205 
   00339    0.3200   -1380.3564  0.6241 
   00340    0.2900   -1383.8169  0.6271 
   00341    0.2800   -1383.4754  0.6258 
   00342    0.3500   -1391.0118  0.6246 
   00343    0.4300   -1389.1172  0.6293 
   00344    0.4200   -1384.0248  0.6328 
   00345    0.4800   -1389.2944  0.6397 
   00346    0.4300   -1392.8343  0.6410 
   00347    0.3500   -1393.8999  0.6389 
   00348    0.3800   -1399.4468  0.6411 
   00349    0.3900   -1399.5572  0.6394 
   00350    0.3200   -1401.5647  0.6439 
   00351    0.2800   -1401.1214  0.6396 
   00352    0.4100   -1398.4862  0.6456 
   00353    0.4100   -1396.5870  0.6457 
   00354    0.2300   -1396.3799  0.6385 
   00355    0.2800   -1394.6507  0.6391 
   00356    0.3600   -1391.5133  0.6422 
   00357    0.3500   -1388.2484  0.6421 
   00358    0.3300   -1386.0878  0.6374 
   00359    0.3200   -1381.1848  0.6357 
   00360    0.3100   -1380.6224  0.6398 
   00361    0.4200   -1383.6437  0.6391 
   00362    0.3800   -1385.4456  0.6407 
   00363    0.3800   -1387.6195  0.6312 
   00364    0.2800   -1387.7273  0.6313 
   00365    0.4100   -1381.8347  0.6307 
   00366    0.3600   -1380.9487  0.6308 
   00367    0.4200   -1386.2864  0.6290 
   00368    0.3300   -1380.3395  0.6201 
   00369    0.2900   -1375.3858  0.6140 
   00370    0.2600   -1376.4047  0.6140 
   00371    0.3700   -1381.4265  0.6173 
   00372    0.3100   -1381.6842  0.6197 
   00373    0.4000   -1384.0581  0.6198 
   00374    0.3400   -1386.2518  0.6203 
   00375    0.3000   -1387.9096  0.6150 
   00376    0.3600   -1386.9486  0.6185 
   00377    0.2500   -1383.3083  0.6162 
   00378    0.3600   -1385.8249  0.6154 
   00379    0.3000   -1389.4521  0.6168 
   00380    0.3500   -1391.8945  0.6163 
   00381    0.2400   -1398.6725  0.6130 
   00382    0.3800   -1396.2424  0.6082 
   00383    0.3700   -1391.6640  0.6145 
   00384    0.3700   -1388.7490  0.6152 
   00385    0.3700   -1389.1543  0.6149 
   00386    0.3000   -1395.5780  0.6161 
   00387    0.3700   -1396.2261  0.6199 
   00388    0.3700   -1388.5005  0.6154 
   00389    0.4200   -1389.8195  0.6102 
   00390    0.3700   -1388.0231  0.6036 
   00391    0.3300   -1385.7888  0.5982 
   00392    0.3800   -1383.5718  0.6069 
   00393    0.3800   -1382.2843  0.6029 
   00394    0.3400   -1384.2146  0.6041 
   00395    0.3400   -1383.3697  0.6049 
   00396    0.2900   -1382.7121  0.6049 
   00397    0.3200   -1380.7321  0.6036 
   00398    0.3100   -1378.8022  0.6035 
   00399    0.3000   -1379.0489  0.6051 
   00400    0.2800   -1376.8406  0.6073 
   00401    0.4000   -1374.2282  0.6106 
   00402    0.3700   -1377.2026  0.6077 
   00403    0.4100   -1376.9744  0.6060 
   00404    0.3700   -1379.1550  0.6029 
   00405    0.3000   -1376.5178  0.6063 
   00406    0.3300   -1375.0542  0.6125 
   00407    0.4300   -1376.9208  0.6118 
   00408    0.3500   -1378.1772  0.6125 
   00409    0.3400   -1380.0971  0.6141 
   00410    0.4400   -1386.1636  0.6098 
   00411    0.3500   -1381.8121  0.6085 
   00412    0.4200   -1375.1312  0.6156 
   00413    0.3200   -1375.0140  0.6114 
   00414    0.3300   -1371.6427  0.6112 
   00415    0.3800   -1371.6246  0.6126 
   00416    0.3100   -1374.5870  0.6102 
   00417    0.3000   -1375.1859  0.6013 
   00418    0.3200   -1374.6319  0.6061 
   00419    0.3500   -1371.6167  0.6049 
   00420    0.3500   -1370.6286  0.6033 
   00421    0.3400   -1372.9660  0.6021 
   00422    0.4000   -1374.0680  0.6077 
   00423    0.4200   -1370.1554  0.6118 
   00424    0.2900   -1365.7977  0.6175 
   00425    0.4200   -1370.3565  0.6201 
   00426    0.3300   -1372.0250  0.6177 
   00427    0.4200   -1374.3645  0.6205 
   00428    0.3200   -1373.3823  0.6226 
   00429    0.3100   -1370.4669  0.6267 
   00430    0.3300   -1370.3316  0.6278 
   00431    0.3300   -1363.7089  0.6248 
   00432    0.4600   -1370.1432  0.6252 
   00433    0.3500   -1378.1139  0.6288 
   00434    0.3700   -1371.9122  0.6254 
   00435    0.3000   -1374.0982  0.6244 
   00436    0.3900   -1373.2518  0.6220 
   00437    0.4000   -1371.3555  0.6227 
   00438    0.3800   -1369.3086  0.6151 
   00439    0.4300   -1363.4181  0.6186 
   00440    0.3000   -1361.3789  0.6134 
   00441    0.2700   -1360.8423  0.6169 
   00442    0.3600   -1365.3065  0.6160 
   00443    0.3500   -1367.0284  0.6126 
   00444    0.3400   -1372.2129  0.6163 
   00445    0.3900   -1371.5455  0.6221 
   00446    0.3300   -1372.9256  0.6237 
   00447    0.3400   -1368.7778  0.6229 
   00448    0.3200   -1368.8937  0.6165 
   00449    0.3700   -1376.1949  0.6150 
   00450    0.4100   -1378.6157  0.6123 
   00451    0.3800   -1375.3491  0.6114 
   00452    0.3800   -1374.5421  0.6124 
   00453    0.3600   -1373.7078  0.6127 
   00454    0.3900   -1370.5430  0.6079 
   00455    0.3900   -1367.7556  0.6155 
   00456    0.4700   -1368.9180  0.6131 
   00457    0.4300   -1373.9793  0.6068 
   00458    0.3100   -1378.7746  0.6038 
   00459    0.3100   -1378.9488  0.5997 
   00460    0.3900   -1387.7908  0.6014 
   00461    0.3000   -1382.3288  0.5993 
   00462    0.3100   -1384.0780  0.6005 
   00463    0.3700   -1384.8927  0.5941 
   00464    0.3600   -1385.2281  0.5940 
   00465    0.3600   -1390.3831  0.5956 
   00466    0.3400   -1392.9890  0.5979 
   00467    0.2400   -1384.5027  0.5939 
   00468    0.3800   -1388.0344  0.5935 
   00469    0.3600   -1382.5251  0.5904 
   00470    0.3600   -1382.6931  0.5863 
   00471    0.3100   -1378.0067  0.5837 
   00472    0.2600   -1382.4326  0.5850 
   00473    0.2800   -1379.1103  0.5804 
   00474    0.3500   -1384.7610  0.5780 
   00475    0.4100   -1374.2329  0.5729 
   00476    0.3400   -1372.8626  0.5741 
   00477    0.3400   -1367.9510  0.5736 
   00478    0.3600   -1368.3800  0.5767 
   00479    0.3900   -1375.2116  0.5760 
   00480    0.3600   -1378.8111  0.5777 
   00481    0.2700   -1378.7197  0.5789 
   00482    0.3100   -1376.3582  0.5795 
   00483    0.3500   -1374.3078  0.5790 
   00484    0.3000   -1376.9638  0.5794 
   00485    0.4100   -1373.4107  0.5847 
   00486    0.4000   -1364.8527  0.5763 
   00487    0.3300   -1363.7403  0.5740 
   00488    0.3100   -1363.3649  0.5817 
   00489    0.3400   -1367.5202  0.5831 
   00490    0.3000   -1369.4017  0.5824 
   00491    0.3800   -1368.0915  0.5846 
   00492    0.3800   -1371.7288  0.5872 
   00493    0.3700   -1374.8576  0.5819 
   00494    0.2900   -1374.8740  0.5756 
   00495    0.3200   -1382.3922  0.5829 
   00496    0.2800   -1386.4236  0.5851 
   00497    0.3500   -1386.9142  0.5901 
   00498    0.4100   -1387.5606  0.5913 
   00499    0.3700   -1384.8504  0.5936 
   00500    0.3600   -1386.9021  0.5944 
   00501    0.3500   -1392.5933  0.5908 
   00502    0.3100   -1389.2033  0.5941 
   00503    0.3400   -1385.5198  0.5986 
   00504    0.3300   -1395.1224  0.6004 
   00505    0.3800   -1393.9008  0.6046 
   00506    0.3700   -1388.0939  0.6011 
   00507    0.3000   -1388.9232  0.6037 
   00508    0.3300   -1384.3547  0.6049 
   00509    0.2400   -1383.4457  0.6047 
   00510    0.3800   -1386.3993  0.6078 
   00511    0.3000   -1384.9093  0.6135 
   00512    0.2900   -1380.4141  0.6085 
   00513    0.3100   -1381.6454  0.6125 
   00514    0.2600   -1384.9508  0.6116 
   00515    0.3000   -1382.1075  0.6112 
   00516    0.3100   -1381.7163  0.6153 
   00517    0.3700   -1380.3905  0.6150 
   00518    0.3900   -1379.9703  0.6117 
   00519    0.3200   -1382.3737  0.6058 
   00520    0.3000   -1381.1260  0.6048 
   00521    0.2500   -1383.4017  0.6000 
   00522    0.3200   -1389.5057  0.6036 
   00523    0.2700   -1391.6198  0.6083 
   00524    0.3600   -1389.1605  0.6029 
   00525    0.3400   -1386.5545  0.6030 
   00526    0.3400   -1387.3201  0.6093 
   00527    0.3500   -1391.0670  0.6133 
   00528    0.3600   -1397.5455  0.6161 
   00529    0.3700   -1402.7665  0.6167 
   00530    0.2600   -1402.5300  0.6155 
   00531    0.2500   -1403.6502  0.6182 
   00532    0.3400   -1406.5101  0.6293 
   00533    0.3200   -1402.9237  0.6302 
   00534    0.2700   -1400.8239  0.6273 
   00535    0.3900   -1401.4250  0.6307 
   00536    0.3300   -1401.7572  0.6329 
   00537    0.3600   -1410.0782  0.6342 
   00538    0.3200   -1405.2601  0.6313 
   00539    0.2900   -1406.5541  0.6339 
   00540    0.3300   -1406.6095  0.6358 
   00541    0.3500   -1403.2862  0.6362 
   00542    0.3600   -1404.2975  0.6361 
   00543    0.3400   -1399.9417  0.6308 
   00544    0.3300   -1401.6974  0.6320 
   00545    0.2500   -1407.9887  0.6310 
   00546    0.3700   -1404.9840  0.6303 
   00547    0.4500   -1400.4400  0.6305 
   00548    0.3200   -1396.3986  0.6352 
   00549    0.3000   -1401.7869  0.6381 
   00550    0.3300   -1404.9384  0.6388 
   00551    0.2300   -1404.3062  0.6398 
   00552    0.3900   -1409.9080  0.6440 
   00553    0.3800   -1403.8931  0.6463 
   00554    0.4000   -1398.6126  0.6412 
   00555    0.3200   -1397.0572  0.6387 
   00556    0.3400   -1396.2630  0.6331 
   00557    0.3500   -1399.6119  0.6276 
   00558    0.3400   -1406.0596  0.6313 
   00559    0.3900   -1405.2346  0.6254 
   00560    0.2700   -1404.8620  0.6238 
   00561    0.3500   -1398.7165  0.6226 
   00562    0.2500   -1403.1480  0.6204 
   00563    0.3800   -1402.1570  0.6191 
   00564    0.2500   -1396.2539  0.6166 
   00565    0.3100   -1393.5312  0.6167 
   00566    0.3400   -1384.8213  0.6214 
   00567    0.3100   -1386.6797  0.6219 
   00568    0.3700   -1389.0590  0.6244 
   00569    0.2900   -1386.8918  0.6241 
   00570    0.3000   -1389.0754  0.6196 
   00571    0.3200   -1382.0589  0.6151 
   00572    0.3900   -1382.9942  0.6157 
   00573    0.3400   -1373.5383  0.6183 
   00574    0.3800   -1373.9651  0.6265 
   00575    0.4200   -1373.4797  0.6197 
   00576    0.4000   -1377.4852  0.6142 
   00577    0.4200   -1375.6527  0.6165 
   00578    0.3800   -1376.7606  0.6177 
   00579    0.3000   -1375.9230  0.6202 
   00580    0.3300   -1376.8622  0.6216 
   00581    0.3700   -1382.3245  0.6233 
   00582    0.3700   -1388.5545  0.6270 
   00583    0.4000   -1389.4862  0.6230 
   00584    0.2800   -1391.5348  0.6261 
   00585    0.3200   -1395.1200  0.6272 
   00586    0.3900   -1393.5536  0.6236 
   00587    0.3200   -1394.2408  0.6219 
   00588    0.3800   -1392.3293  0.6263 
   00589    0.3900   -1398.3434  0.6275 
   00590    0.3200   -1396.7928  0.6266 
   00591    0.4400   -1382.9276  0.6272 
   00592    0.3300   -1388.8736  0.6317 
   00593    0.3600   -1383.2097  0.6293 
   00594    0.3400   -1383.6000  0.6256 
   00595    0.3100   -1380.7444  0.6271 
   00596    0.3600   -1384.4377  0.6269 
   00597    0.3700   -1387.1028  0.6212 
   00598    0.2500   -1382.1596  0.6186 
   00599    0.3100   -1379.1922  0.6242 
   00600    0.2800   -1380.8572  0.6224 
   00601    0.3700   -1385.8324  0.6222 
   00602    0.3000   -1382.2677  0.6226 
   00603    0.4300   -1381.8610  0.6288 
   00604    0.3300   -1380.2573  0.6274 
   00605    0.3400   -1381.4343  0.6326 
   00606    0.3300   -1377.6493  0.6366 
   00607    0.3200   -1376.9396  0.6362 
   00608    0.2900   -1380.0393  0.6357 
   00609    0.3400   -1386.8442  0.6333 
   00610    0.3500   -1387.8600  0.6392 
   00611    0.3800   -1388.9689  0.6418 
   00612    0.3700   -1393.1459  0.6402 
   00613    0.3400   -1397.5000  0.6456 
   00614    0.2800   -1402.1402  0.6478 
   00615    0.3700   -1400.7772  0.6490 
   00616    0.3000   -1403.9276  0.6469 
   00617    0.3200   -1403.4530  0.6487 
   00618    0.3100   -1398.7250  0.6461 
   00619    0.3900   -1392.0388  0.6422 
   00620    0.3500   -1396.4615  0.6437 
   00621    0.3200   -1398.5968  0.6478 
   00622    0.3800   -1397.4009  0.6479 
   00623    0.3700   -1396.8082  0.6499 
   00624    0.4000   -1394.9688  0.6528 
   00625    0.3100   -1399.1201  0.6541 
   00626    0.3600   -1397.8055  0.6520 
   00627    0.3900   -1393.1190  0.6569 
   00628    0.3300   -1394.1529  0.6561 
   00629    0.3400   -1402.8793  0.6611 
   00630    0.3000   -1394.4685  0.6613 
   00631    0.3700   -1396.1903  0.6602 
   00632    0.3400   -1400.7564  0.6604 
   00633    0.3600   -1399.9294  0.6630 
   00634    0.3600   -1398.3186  0.6570 
   00635    0.3400   -1391.7055  0.6597 
   00636    0.3200   -1393.9276  0.6623 
   00637    0.3000   -1395.3147  0.6595 
   00638    0.3800   -1388.5520  0.6561 
   00639    0.2700   -1380.6230  0.6538 
   00640    0.4500   -1371.6783  0.6542 
   00641    0.2800   -1375.0586  0.6570 
   00642    0.2800   -1380.3293  0.6562 
   00643    0.3200   -1381.4881  0.6530 
   00644    0.3200   -1379.4946  0.6525 
   00645    0.3000   -1384.8495  0.6563 
   00646    0.3100   -1383.0930  0.6626 
   00647    0.2700   -1384.9101  0.6607 
   00648    0.3000   -1384.3773  0.6649 
   00649    0.3300   -1385.8731  0.6626 
   00650    0.3600   -1383.7052  0.6651 
   00651    0.3200   -1378.8701  0.6633 
   00652    0.2900   -1373.2695  0.6654 
   00653    0.3700   -1384.7300  0.6672 
   00654    0.4000   -1383.4130  0.6647 
   00655    0.3600   -1378.9402  0.6660 
   00656    0.3700   -1385.4705  0.6674 
   00657    0.2800   -1381.8698  0.6615 
   00658    0.2800   -1376.4384  0.6565 
   00659    0.3100   -1374.1011  0.6582 
   00660    0.3700   -1377.4484  0.6561 
   00661    0.3600   -1379.1740  0.6538 
   00662    0.3600   -1375.2809  0.6514 
   00663    0.3600   -1368.0046  0.6476 
   00664    0.3400   -1370.8478  0.6458 
   00665    0.3400   -1367.4525  0.6423 
   00666    0.3700   -1369.8533  0.6442 
   00667    0.4100   -1376.5412  0.6470 
   00668    0.3100   -1374.6327  0.6463 
   00669    0.3800   -1377.1972  0.6436 
   00670    0.3800   -1377.8948  0.6541 
   00671    0.4000   -1376.7567  0.6424 
   00672    0.2500   -1374.7999  0.6464 
   00673    0.4100   -1376.1050  0.6551 
   00674    0.3300   -1371.8666  0.6609 
   00675    0.3300   -1373.2612  0.6626 
   00676    0.4400   -1377.7369  0.6587 
   00677    0.3500   -1376.5004  0.6579 
   00678    0.3300   -1372.0662  0.6600 
   00679    0.3300   -1379.8777  0.6675 
   00680    0.3500   -1384.7330  0.6694 
   00681    0.2800   -1387.8760  0.6751 
   00682    0.3200   -1386.3458  0.6714 
   00683    0.3600   -1382.9957  0.6736 
   00684    0.3600   -1381.9363  0.6728 
   00685    0.3100   -1382.4987  0.6750 
   00686    0.3900   -1382.1969  0.6744 
   00687    0.3400   -1387.4454  0.6694 
   00688    0.3700   -1383.3661  0.6655 
   00689    0.3700   -1386.2010  0.6672 
   00690    0.3500   -1384.0394  0.6687 
   00691    0.3300   -1383.4209  0.6677 
   00692    0.3400   -1381.5452  0.6643 
   00693    0.3100   -1388.4409  0.6700 
   00694    0.3700   -1385.1581  0.6706 
   00695    0.2800   -1388.2631  0.6716 
   00696    0.4000   -1390.9156  0.6787 
   00697    0.2900   -1394.5017  0.6810 
   00698    0.2500   -1393.5781  0.6821 
   00699    0.3400   -1385.4593  0.6824 
   00700    0.4200   -1386.4375  0.6844 
   00701    0.3900   -1385.8369  0.6881 
   00702    0.3200   -1392.5338  0.6965 
   00703    0.3900   -1398.7734  0.6963 
   00704    0.3100   -1395.3198  0.6927 
   00705    0.4000   -1397.8237  0.6953 
   00706    0.3400   -1392.1811  0.6887 
   00707    0.3000   -1391.7069  0.6881 
   00708    0.3300   -1397.4341  0.6949 
   00709    0.3000   -1397.6564  0.6940 
   00710    0.2800   -1394.9751  0.6887 
   00711    0.2600   -1391.5398  0.6899 
   00712    0.3700   -1387.9458  0.6856 
   00713    0.3300   -1379.0092  0.6838 
   00714    0.2900   -1378.6451  0.6846 
   00715    0.3800   -1381.5217  0.6817 
   00716    0.3500   -1384.7470  0.6823 
   00717    0.4000   -1378.3671  0.6762 
   00718    0.3900   -1375.6236  0.6733 
   00719    0.3600   -1381.1665  0.6759 
   00720    0.2200   -1379.8820  0.6773 
   00721    0.3500   -1384.0006  0.6752 
   00722    0.3500   -1375.4107  0.6769 
   00723    0.3600   -1372.0415  0.6726 
   00724    0.3400   -1378.9356  0.6754 
   00725    0.3900   -1379.0738  0.6677 
   00726    0.4700   -1381.5040  0.6662 
   00727    0.3600   -1387.1132  0.6633 
   00728    0.4100   -1386.1860  0.6635 
   00729    0.3000   -1387.1835  0.6654 
   00730    0.3300   -1384.7886  0.6625 
   00731    0.3900   -1386.9332  0.6639 
   00732    0.3000   -1390.8229  0.6722 
   00733    0.4400   -1385.3329  0.6757 
   00734    0.2900   -1392.3171  0.6810 
   00735    0.4000   -1389.2275  0.6831 
   00736    0.4300   -1393.1885  0.6788 
   00737    0.3600   -1392.1232  0.6754 
   00738    0.2600   -1395.2069  0.6783 
   00739    0.3500   -1393.0226  0.6736 
   00740    0.3000   -1389.6784  0.6726 
   00741    0.2900   -1385.1922  0.6777 
   00742    0.4000   -1390.9847  0.6743 
   00743    0.3100   -1389.3400  0.6781 
   00744    0.4800   -1385.7696  0.6795 
   00745    0.3600   -1387.0488  0.6777 
   00746    0.3600   -1388.2700  0.6777 
   00747    0.3400   -1386.7681  0.6778 
   00748    0.3000   -1383.9499  0.6801 
   00749    0.3000   -1380.9512  0.6761 
   00750    0.4000   -1386.0347  0.6767 
   00751    0.2500   -1391.0182  0.6810 
   00752    0.4200   -1390.9359  0.6815 
   00753    0.3300   -1395.1084  0.6823 
   00754    0.3800   -1401.3001  0.6821 
   00755    0.3100   -1401.9525  0.6814 
   00756    0.3100   -1397.8303  0.6827 
   00757    0.2400   -1396.0693  0.6815 
   00758    0.3200   -1385.6638  0.6752 
   00759    0.3400   -1387.7903  0.6769 
   00760    0.2700   -1391.7820  0.6697 
   00761    0.3800   -1391.9437  0.6752 
   00762    0.3300   -1388.8549  0.6789 
   00763    0.4000   -1394.5038  0.6775 
   00764    0.2900   -1395.4862  0.6788 
   00765    0.3300   -1394.9967  0.6808 
   00766    0.3300   -1394.5417  0.6825 
   00767    0.3800   -1396.4692  0.6845 
   00768    0.3600   -1390.0470  0.6871 
   00769    0.3900   -1391.1168  0.6910 
   00770    0.3100   -1383.1112  0.6892 
   00771    0.3600   -1384.8278  0.6877 
   00772    0.3900   -1386.9311  0.6869 
   00773    0.3800   -1384.4261  0.6826 
   00774    0.3200   -1393.9256  0.6878 
   00775    0.3300   -1395.1673  0.6892 
   00776    0.3600   -1397.5887  0.6857 
   00777    0.3000   -1398.6362  0.6850 
   00778    0.3300   -1397.0993  0.6849 
   00779    0.3200   -1396.2075  0.6830 
   00780    0.3500   -1391.9088  0.6853 
   00781    0.3900   -1396.9828  0.6917 
   00782    0.3200   -1391.1645  0.6876 
   00783    0.3900   -1380.4188  0.6876 
   00784    0.3000   -1381.5683  0.6887 
   00785    0.2800   -1387.0679  0.6896 
   00786    0.3300   -1379.4181  0.6905 
   00787    0.2900   -1375.3908  0.6926 
   00788    0.2700   -1379.8814  0.6881 
   00789    0.3400   -1379.3855  0.6832 
   00790    0.3100   -1386.4922  0.6905 
   00791    0.3300   -1385.7757  0.6847 
   00792    0.3300   -1393.8885  0.6880 
   00793    0.3300   -1397.3946  0.6876 
   00794    0.3200   -1409.8405  0.6877 
   00795    0.3100   -1404.6597  0.6891 
   00796    0.3700   -1401.1863  0.6907 
   00797    0.3700   -1406.5397  0.6850 
   00798    0.3900   -1406.8333  0.6810 
   00799    0.3700   -1408.8565  0.6828 
   00800    0.3000   -1407.7236  0.6866 
   00801    0.3400   -1406.5724  0.6793 
   00802    0.3300   -1406.6751  0.6797 
   00803    0.3700   -1404.4003  0.6785 
   00804    0.3200   -1404.8027  0.6823 
   00805    0.3800   -1402.5238  0.6804 
   00806    0.2500   -1399.4298  0.6739 
   00807    0.3300   -1397.5213  0.6736 
   00808    0.3000   -1398.0699  0.6744 
   00809    0.3700   -1396.3167  0.6712 
   00810    0.3600   -1397.6569  0.6726 
   00811    0.2900   -1400.0227  0.6727 
   00812    0.2800   -1397.8197  0.6723 
   00813    0.3800   -1392.1460  0.6745 
   00814    0.3400   -1394.1413  0.6744 
   00815    0.3900   -1399.0553  0.6703 
   00816    0.3000   -1402.7369  0.6728 
   00817    0.3600   -1404.5847  0.6773 
   00818    0.3900   -1396.0165  0.6683 
   00819    0.3100   -1395.3838  0.6708 
   00820    0.3300   -1386.5793  0.6670 
   00821    0.3200   -1380.0447  0.6663 
   00822    0.3300   -1371.5434  0.6701 
   00823    0.3200   -1377.4323  0.6668 
   00824    0.3700   -1385.4659  0.6698 
   00825    0.3800   -1386.0972  0.6779 
   00826    0.2800   -1387.0063  0.6823 
   00827    0.2400   -1391.9309  0.6850 
   00828    0.3800   -1389.5309  0.6880 
   00829    0.3500   -1386.8901  0.6885 
   00830    0.3900   -1375.6622  0.6926 
   00831    0.3100   -1371.6229  0.6915 
   00832    0.4100   -1367.0841  0.6881 
   00833    0.4100   -1356.4049  0.6866 
   00834    0.3300   -1358.1348  0.6885 
   00835    0.3500   -1363.7268  0.6774 
   00836    0.3200   -1372.3881  0.6831 
   00837    0.3000   -1372.0690  0.6832 
   00838    0.3900   -1369.9718  0.6725 
   00839    0.3700   -1368.5861  0.6805 
   00840    0.3400   -1365.8224  0.6840 
   00841    0.3000   -1363.2134  0.6800 
   00842    0.3000   -1366.2174  0.6819 
   00843    0.2400   -1363.0101  0.6843 
   00844    0.3800   -1367.7491  0.6873 
   00845    0.3500   -1374.7023  0.6877 
   00846    0.3900   -1369.1901  0.6850 
   00847    0.3800   -1373.3387  0.6910 
   00848    0.3300   -1381.5935  0.6931 
   00849    0.3200   -1382.9368  0.6924 
   00850    0.2800   -1380.9475  0.6937 
   00851    0.3300   -1379.7161  0.6948 
   00852    0.3900   -1375.8193  0.6927 
   00853    0.4000   -1381.2943  0.6923 
   00854    0.3600   -1382.3112  0.6932 
   00855    0.3900   -1377.4091  0.7012 
   00856    0.3600   -1380.6052  0.7028 
   00857    0.3600   -1384.0711  0.7015 
   00858    0.3300   -1388.2106  0.7027 
   00859    0.4200   -1388.7177  0.7034 
   00860    0.3800   -1395.0406  0.7032 
   00861    0.3800   -1397.0278  0.7055 
   00862    0.3700   -1392.7575  0.7060 
   00863    0.3500   -1392.3460  0.7105 
   00864    0.3700   -1392.5876  0.7070 
   00865    0.3700   -1389.8628  0.7017 
   00866    0.3400   -1395.4910  0.6955 
   00867    0.3500   -1396.0122  0.6934 
   00868    0.3500   -1399.1699  0.6950 
   00869    0.4000   -1406.2700  0.6946 
   00870    0.3600   -1407.5148  0.6961 
   00871    0.3000   -1403.5459  0.7012 
   00872    0.3700   -1404.3773  0.7039 
   00873    0.3500   -1402.1739  0.7010 
   00874    0.3500   -1404.3849  0.6993 
   00875    0.3100   -1410.1458  0.7023 
   00876    0.4400   -1406.7818  0.6950 
   00877    0.3500   -1409.2765  0.6924 
   00878    0.3900   -1410.7656  0.6949 
   00879    0.3200   -1404.7218  0.7006 
   00880    0.4100   -1397.2970  0.6964 
   00881    0.2800   -1399.2538  0.6934 
   00882    0.3300   -1402.9877  0.6934 
   00883    0.4600   -1405.5503  0.6973 
   00884    0.2900   -1407.5191  0.6986 
   00885    0.3000   -1407.7756  0.7022 
   00886    0.3300   -1405.6030  0.7015 
   00887    0.3600   -1408.1886  0.6992 
   00888    0.2900   -1406.1903  0.6972 
   00889    0.3600   -1411.3400  0.7006 
   00890    0.3900   -1412.2484  0.7026 
   00891    0.4000   -1409.1488  0.7023 
   00892    0.3100   -1410.5629  0.6988 
   00893    0.3700   -1415.1128  0.6969 
   00894    0.3000   -1419.2043  0.6970 
   00895    0.3300   -1418.8353  0.6926 
   00896    0.4200   -1416.3420  0.6920 
   00897    0.4100   -1414.6000  0.6958 
   00898    0.3100   -1411.3132  0.6961 
   00899    0.2800   -1406.2408  0.6946 
   00900    0.3500   -1395.8597  0.6923 
   00901    0.3900   -1393.7839  0.6873 
   00902    0.3000   -1388.8105  0.6834 
   00903    0.3800   -1389.2623  0.6850 
   00904    0.3800   -1390.4431  0.6847 
   00905    0.3300   -1383.8411  0.6811 
   00906    0.2800   -1378.1348  0.6780 
   00907    0.3800   -1380.9284  0.6765 
   00908    0.4600   -1380.7892  0.6783 
   00909    0.3300   -1384.3461  0.6795 
   00910    0.3600   -1387.6740  0.6859 
   00911    0.3300   -1381.8769  0.6820 
   00912    0.4500   -1374.0831  0.6781 
   00913    0.2900   -1374.8620  0.6684 
   00914    0.4000   -1367.0017  0.6703 
   00915    0.3100   -1372.4707  0.6676 
   00916    0.3600   -1372.8621  0.6698 
   00917    0.3400   -1372.4585  0.6707 
   00918    0.3200   -1373.3266  0.6659 
   00919    0.3500   -1374.3546  0.6626 
   00920    0.2800   -1372.4870  0.6646 
   00921    0.3300   -1367.8865  0.6675 
   00922    0.3100   -1368.1817  0.6679 
   00923    0.4100   -1371.1764  0.6729 
   00924    0.3400   -1365.2613  0.6720 
   00925    0.4200   -1366.3179  0.6687 
   00926    0.3700   -1361.6579  0.6580 
   00927    0.4100   -1364.4733  0.6668 
   00928    0.3000   -1362.1338  0.6641 
   00929    0.3700   -1359.2486  0.6697 
   00930    0.3500   -1360.0573  0.6667 
   00931    0.2900   -1361.0281  0.6735 
   00932    0.4500   -1367.0426  0.6764 
   00933    0.4100   -1370.1731  0.6801 
   00934    0.4600   -1363.7935  0.6835 
   00935    0.4700   -1362.0633  0.6760 
   00936    0.2900   -1353.5362  0.6786 
   00937    0.3500   -1353.4470  0.6827 
   00938    0.3500   -1350.6277  0.6806 
   00939    0.4100   -1350.9488  0.6812 
   00940    0.3900   -1360.4596  0.6786 
   00941    0.3500   -1368.1293  0.6821 
   00942    0.4500   -1365.3466  0.6803 
   00943    0.2500   -1369.5934  0.6810 
   00944    0.4100   -1375.8567  0.6844 
   00945    0.3500   -1371.7164  0.6876 
   00946    0.4400   -1369.9021  0.6902 
   00947    0.4100   -1369.3164  0.6850 
   00948    0.3700   -1375.2828  0.6856 
   00949    0.3400   -1380.1453  0.6745 
   00950    0.4100   -1382.6627  0.6698 
   00951    0.3200   -1385.5816  0.6719 
   00952    0.3700   -1382.2204  0.6702 
   00953    0.3000   -1379.4632  0.6690 
   00954    0.3300   -1376.8019  0.6712 
   00955    0.3700   -1383.2431  0.6743 
   00956    0.4000   -1374.3777  0.6699 
   00957    0.3200   -1378.6317  0.6680 
   00958    0.3800   -1381.6761  0.6692 
   00959    0.4100   -1384.2226  0.6764 
   00960    0.3200   -1379.2693  0.6747 
   00961    0.3600   -1381.3639  0.6811 
   00962    0.3900   -1380.9417  0.6740 
   00963    0.2900   -1380.6202  0.6758 
   00964    0.3200   -1383.3055  0.6746 
   00965    0.3300   -1383.2550  0.6757 
   00966    0.3400   -1386.7786  0.6714 
   00967    0.3800   -1388.0783  0.6726 
   00968    0.3100   -1385.7843  0.6698 
   00969    0.3500   -1388.1805  0.6678 
   00970    0.3500   -1383.6577  0.6655 
   00971    0.4000   -1371.7227  0.6687 
   00972    0.4200   -1375.2141  0.6672 
   00973    0.3400   -1375.4865  0.6630 
   00974    0.3000   -1379.6403  0.6628 
   00975    0.2800   -1384.4986  0.6603 
   00976    0.4000   -1379.2540  0.6613 
   00977    0.3100   -1383.1244  0.6677 
   00978    0.2900   -1382.5230  0.6648 
   00979    0.2900   -1387.5120  0.6665 
   00980    0.2900   -1383.0484  0.6616 
   00981    0.3300   -1375.3046  0.6559 
   00982    0.3300   -1370.3269  0.6564 
   00983    0.3600   -1375.8245  0.6556 
   00984    0.2500   -1375.1979  0.6547 
   00985    0.3400   -1373.1201  0.6612 
   00986    0.2900   -1383.5401  0.6671 
   00987    0.3600   -1390.1753  0.6644 
   00988    0.3900   -1388.4342  0.6650 
   00989    0.3200   -1382.9878  0.6562 
   00990    0.3900   -1388.8575  0.6581 
   00991    0.2800   -1390.7508  0.6599 
   00992    0.3500   -1387.4307  0.6595 
   00993    0.3600   -1382.9170  0.6568 
   00994    0.2700   -1381.0009  0.6542 
   00995    0.4000   -1381.6005  0.6515 
   00996    0.3000   -1382.3965  0.6437 
   00997    0.4500   -1383.8223  0.6447 
   00998    0.3400   -1381.8264  0.6434 
   00999    0.3600   -1374.5980  0.6430 
   01000    0.3800   -1378.7540  0.6461 
