#=====================================================
# File created:        Mon-06-Nov-2023-at-10-57-02AM
# Size of lattice:     40x40
# Number of MC steps:  1000
# Reduced temperature: 1.200
# Run time (s):        37.791789
#=====================================================
# MC step:  Ratio:     Energy:   Order:
#=====================================================
   00000    0.5000   -1587.9642  0.2775 
   00001    0.6675   -1831.9912  0.2793 
   00002    0.6775   -2047.9337  0.2797 
   00003    0.6425   -2170.6672  0.2920 
   00004    0.6800   -2320.5084  0.2964 
   00005    0.6050   -2428.5275  0.2981 
   00006    0.6475   -2535.4358  0.2976 
   00007    0.5850   -2638.0524  0.2959 
   00008    0.5725   -2687.6293  0.3002 
   00009    0.5700   -2754.9880  0.3042 
   00010    0.5450   -2747.7605  0.3097 
   00011    0.4875   -2787.0888  0.3013 
   00012    0.5675   -2842.5203  0.3121 
   00013    0.5675   -2909.1774  0.3080 
   00014    0.5225   -2943.8903  0.2955 
   00015    0.5825   -3046.0295  0.2969 
   00016    0.5050   -3086.4306  0.3005 
   00017    0.5525   -3072.9853  0.3073 
   00018    0.5500   -3083.5000  0.3035 
   00019    0.5125   -3097.8567  0.2958 
   00020    0.5175   -3121.8834  0.2865 
   00021    0.4725   -3106.0869  0.2989 
   00022    0.5225   -3142.4394  0.3022 
   00023    0.5275   -3162.8342  0.3076 
   00024    0.5225   -3211.2083  0.3094 
   00025    0.5100   -3230.2128  0.3136 
   00026    0.5375   -3234.9355  0.3097 
   00027    0.5200   -3231.5919  0.3061 
   00028    0.5025   -3189.6356  0.3074 
   00029    0.4950   -3213.6284  0.3073 
   00030    0.5000   -3227.9533  0.2997 
   00031    0.5450   -3209.2894  0.2946 
   00032    0.4875   -3203.7580  0.2878 
   00033    0.4925   -3188.4600  0.2847 
   00034    0.5350   -3210.6313  0.2807 
   00035    0.5625   -3208.6799  0.2709 
   00036    0.5525   -3177.6241  0.2843 
   00037    0.5325   -3149.7470  0.2769 
   00038    0.5375   -3199.8444  0.2726 
   00039    0.5200   -3200.2089  0.2805 
   00040    0.5000   -3203.2342  0.2768 
   00041    0.4950   -3126.9986  0.2661 
   00042    0.5225   -3139.6245  0.2672 
   00043    0.5025   -3152.5801  0.2669 
   00044    0.4875   -3197.8192  0.2661 
   00045    0.5375   -3174.4073  0.2620 
   00046    0.5100   -3215.5415  0.2642 
   00047    0.5350   -3206.0234  0.2649 
   00048    0.5275   -3186.2141  0.2716 
   00049    0.5250   -3267.5394  0.2757 
   00050    0.5025   -3218.6596  0.2812 
   00051    0.5200   -3212.7187  0.2864 
   00052    0.4975   -3173.0218  0.2860 
   00053    0.5400   -3165.5402  0.2888 
   00054    0.5075   -3240.4150  0.2913 
   00055    0.5075   -3216.4566  0.2940 
   00056    0.5575   -3246.4892  0.2925 
   00057    0.5100   -3269.7892  0.2871 
   00058    0.5125   -3275.4018  0.2865 
   00059    0.4775   -3284.0552  0.2917 
   00060    0.4675   -3313.9861  0.2898 
   00061    0.5000   -3289.7472  0.2903 
   00062    0.5175   -3308.7492  0.2951 
   00063    0.5375   -3288.7644  0.3005 
   00064    0.5200   -3282.4275  0.3091 
   00065    0.4875   -3283.8092  0.3137 
   00066    0.5350   -3315.0655  0.3003 
   00067    0.4825   -3347.4141  0.3073 
   00068    0.5075   -3365.0524  0.3108 
   00069    0.4600   -3356.1026  0.3120 
   00070    0.5225   -3347.7310  0.2989 
   00071    0.4875   -3315.5774  0.3119 
   00072    0.4875   -3337.0843  0.3152 
   00073    0.5000   -3350.2810  0.3082 
   00074    0.4725   -3330.5177  0.3080 
   00075    0.4875   -3318.7940  0.3089 
   00076    0.4600   -3333.9494  0.3038 
   00077    0.4950   -3359.4177  0.3109 
   00078    0.4950   -3347.0484  0.3123 
   00079    0.5200   -3341.4639  0.3089 
   00080    0.4925   -3389.2948  0.3084 
   00081    0.4750   -3378.5456  0.3202 
   00082    0.5200   -3331.1401  0.3101 
   00083    0.5125   -3322.0396  0.3120 
   00084    0.4750   -3313.2606  0.3107 
   00085    0.4700   -3280.6826  0.3114 
   00086    0.5000   -3283.3642  0.3088 
   00087    0.5175   -3266.9430  0.3053 
   00088    0.5075   -3277.8703  0.3001 
   00089    0.5125   -3281.9501  0.2942 
   00090    0.4750   -3298.9531  0.2934 
   00091    0.4550   -3244.1253  0.2859 
   00092    0.5200   -3238.4816  0.2912 
   00093    0.4825   -3234.3891  0.2955 
   00094    0.5175   -3292.5724  0.2869 
   00095    0.5300   -3267.0141  0.2845 
   00096    0.5100   -3302.8658  0.2853 
   00097    0.5300   -3283.5459  0.2837 
   00098    0.5000   -3308.6317  0.2830 
   00099    0.4800   -3317.5269  0.2883 
   00100    0.4800   -3305.5299  0.2849 
   00101    0.5250   -3316.1418  0.2827 
   00102    0.4925   -3321.3385  0.2929 
   00103    0.4825   -3303.5411  0.2884 
   00104    0.4875   -3248.2016  0.2863 
   00105    0.5200   -3284.0917  0.2863 
   00106    0.4550   -3324.3760  0.2820 
   00107    0.5275   -3342.1089  0.2817 
   00108    0.5325   -3320.0243  0.2818 
   00109    0.4500   -3276.6954  0.2834 
   00110    0.4975   -3350.4527  0.2856 
   00111    0.5400   -3373.0425  0.2765 
   00112    0.5275   -3374.0128  0.2798 
   00113    0.4800   -3382.8882  0.2831 
   00114    0.5200   -3335.6022  0.2886 
   00115    0.4925   -3341.0735  0.2832 
   00116    0.4975   -3382.0492  0.2899 
   00117    0.5025   -3350.5834  0.2830 
   00118    0.4975   -3364.9747  0.2837 
   00119    0.4725   -3387.1966  0.2836 
   00120    0.4775   -3401.5867  0.2791 
   00121    0.5225   -3383.7848  0.2693 
   00122    0.4800   -3369.1311  0.2722 
   00123    0.5100   -3396.7141  0.2751 
   00124    0.4675   -3327.3386  0.2755 
   00125    0.5275   -3315.9899  0.2775 
   00126    0.5150   -3294.6353  0.2794 
   00127    0.4925   -3274.5696  0.2727 
   00128    0.5150   -3288.3411  0.2819 
   00129    0.4925   -3313.1973  0.2872 
   00130    0.5000   -3301.2370  0.2703 
   00131    0.4950   -3297.4151  0.2749 
   00132    0.4775   -3322.4784  0.2672 
   00133    0.4300   -3300.0809  0.2615 
   00134    0.5400   -3288.8888  0.2640 
   00135    0.5075   -3304.6660  0.2719 
   00136    0.4950   -3282.2827  0.2752 
   00137    0.5300   -3301.1109  0.2782 
   00138    0.4775   -3300.7831  0.2756 
   00139    0.5025   -3351.9134  0.2698 
   00140    0.5175   -3334.5296  0.2722 
   00141    0.4650   -3357.7209  0.2790 
   00142    0.4775   -3396.8427  0.2795 
   00143    0.5175   -3425.9809  0.2827 
   00144    0.4800   -3442.7385  0.2895 
   00145    0.5125   -3417.6495  0.2866 
   00146    0.4750   -3434.2179  0.2829 
   00147    0.5200   -3422.2842  0.2801 
   00148    0.4975   -3394.5632  0.2708 
   00149    0.4925   -3400.7342  0.2830 
   00150    0.4900   -3430.6261  0.2883 
   00151    0.4700   -3447.2686  0.2937 
   00152    0.4875   -3428.4873  0.2884 
   00153    0.5075   -3454.0169  0.2894 
   00154    0.5200   -3513.7662  0.2908 
   00155    0.4825   -3463.6136  0.3011 
   00156    0.4975   -3491.2054  0.2969 
   00157    0.4950   -3494.2644  0.2953 
   00158    0.4575   -3490.8315  0.3049 
   00159    0.4525   -3447.2619  0.3045 
   00160    0.4750   -3461.9097  0.3099 
   00161    0.4700   -3451.1724  0.3206 
   00162    0.5150   -3434.4282  0.3224 
   00163    0.4775   -3422.5352  0.3216 
   00164    0.5000   -3453.9846  0.3230 
   00165    0.4850   -3465.5313  0.3158 
   00166    0.4675   -3432.3621  0.3266 
   00167    0.4900   -3376.4897  0.3149 
   00168    0.5000   -3382.0696  0.3130 
   00169    0.5025   -3344.0081  0.3172 
   00170    0.4900   -3327.8532  0.3149 
   00171    0.5075   -3335.1278  0.3146 
   00172    0.5100   -3337.0896  0.3198 
   00173    0.4775   -3311.1323  0.3224 
   00174    0.4875   -3308.4225  0.3181 
   00175    0.4625   -3287.7029  0.3037 
   00176    0.5275   -3315.3931  0.3038 
   00177    0.5000   -3310.8825  0.2910 
   00178    0.4875   -3275.3757  0.2851 
   00179    0.4600   -3305.3269  0.2817 
   00180    0.5250   -3327.6935  0.2788 
   00181    0.5300   -3301.8373  0.2788 
   00182    0.5675   -3315.0842  0.2728 
   00183    0.4800   -3383.1104  0.2655 
   00184    0.4825   -3371.2358  0.2624 
   00185    0.4700   -3356.6535  0.2577 
   00186    0.5025   -3343.0987  0.2585 
   00187    0.4900   -3377.4958  0.2668 
   00188    0.5300   -3337.5850  0.2567 
   00189    0.5600   -3349.4204  0.2600 
   00190    0.5000   -3357.2757  0.2597 
   00191    0.5175   -3392.8871  0.2559 
   00192    0.4850   -3359.7629  0.2643 
   00193    0.5075   -3336.7970  0.2542 
   00194    0.5250   -3328.7028  0.2539 
   00195    0.5150   -3331.5597  0.2521 
   00196    0.5175   -3345.7274  0.2560 
   00197    0.4800   -3361.2626  0.2619 
   00198    0.4800   -3292.7853  0.2661 
   00199    0.5200   -3249.4818  0.2616 
   00200    0.5175   -3243.2481  0.2662 
   00201    0.5050   -3230.2888  0.2623 
   00202    0.5225   -3284.8815  0.2677 
   00203    0.5350   -3295.9348  0.2698 
   00204    0.5025   -3279.1908  0.2830 
   00205    0.4925   -3306.6172  0.2888 
   00206    0.4925   -3338.8405  0.2930 
   00207    0.4675   -3330.9061  0.2927 
   00208    0.5250   -3317.7801  0.2891 
   00209    0.4900   -3296.9969  0.2894 
   00210    0.5025   -3298.3942  0.2834 
   00211    0.4700   -3248.4544  0.2892 
   00212    0.5150   -3227.3692  0.2987 
   00213    0.5125   -3275.3277  0.2923 
   00214    0.4950   -3274.9585  0.2920 
   00215    0.4925   -3264.8921  0.2964 
   00216    0.5325   -3262.4804  0.2932 
   00217    0.5425   -3278.2212  0.2978 
   00218    0.5350   -3282.0053  0.2968 
   00219    0.4825   -3266.0328  0.2986 
   00220    0.5100   -3281.8038  0.3051 
   00221    0.4850   -3347.6149  0.3054 
   00222    0.4725   -3336.9502  0.2946 
   00223    0.4575   -3378.1670  0.2929 
   00224    0.5000   -3402.8147  0.2895 
   00225    0.4625   -3412.9340  0.2864 
   00226    0.4775   -3405.3848  0.2945 
   00227    0.4875   -3423.9200  0.2927 
   00228    0.4925   -3395.7936  0.3042 
   00229    0.5200   -3404.1261  0.3063 
   00230    0.4975   -3402.9236  0.3059 
   00231    0.5375   -3411.5309  0.2968 
   00232    0.4950   -3340.0491  0.2906 
   00233    0.5225   -3319.0768  0.2845 
   00234    0.4875   -3360.4642  0.2791 
   00235    0.4900   -3386.5855  0.2831 
   00236    0.4950   -3444.5513  0.2817 
   00237    0.4925   -3451.6788  0.2877 
   00238    0.4975   -3437.5726  0.2801 
   00239    0.4600   -3439.2252  0.2785 
   00240    0.5250   -3448.8743  0.2832 
   00241    0.4950   -3441.7210  0.2875 
   00242    0.4650   -3491.7756  0.2845 
   00243    0.4500   -3488.4091  0.2817 
   00244    0.5150   -3467.8195  0.2781 
   00245    0.4475   -3404.2986  0.2757 
   00246    0.5000   -3394.9665  0.2674 
   00247    0.4775   -3344.8948  0.2681 
   00248    0.4975   -3277.4185  0.2659 
   00249    0.5200   -3283.0359  0.2656 
   00250    0.5300   -3318.2552  0.2738 
   00251    0.5000   -3273.2326  0.2761 
   00252    0.5075   -3242.7615  0.2659 
   00253    0.5375   -3277.2865  0.2754 
   00254    0.4900   -3265.1644  0.2744 
   00255    0.5050   -3242.5996  0.2751 
   00256    0.5450   -3250.0833  0.2705 
   00257    0.5050   -3216.1473  0.2786 
   00258    0.5100   -3209.4615  0.2837 
   00259    0.4925   -3243.1853  0.2835 
   00260    0.5425   -3288.2725  0.2964 
   00261    0.5375   -3315.4834  0.2966 
   00262    0.5100   -3309.3439  0.2913 
   00263    0.5425   -3254.1551  0.2871 
   00264    0.5325   -3201.7609  0.2866 
   00265    0.5225   -3302.8185  0.2899 
   00266    0.5200   -3328.3314  0.2933 
   00267    0.5350   -3302.7487  0.2861 
   00268    0.5125   -3262.6858  0.2853 
   00269    0.5025   -3202.1683  0.2803 
   00270    0.5325   -3221.8531  0.2852 
   00271    0.5200   -3255.8459  0.2818 
   00272    0.4750   -3248.1439  0.2825 
   00273    0.4900   -3284.3954  0.2735 
   00274    0.5050   -3278.9109  0.2757 
   00275    0.4975   -3315.2944  0.2691 
   00276    0.4775   -3304.2288  0.2617 
   00277    0.5675   -3318.6614  0.2604 
   00278    0.4750   -3337.2828  0.2647 
   00279    0.4775   -3362.7243  0.2727 
   00280    0.4700   -3396.0408  0.2765 
   00281    0.5025   -3342.3452  0.2779 
   00282    0.4700   -3313.3534  0.2839 
   00283    0.4925   -3277.4492  0.2851 
   00284    0.5225   -3305.4237  0.2869 
   00285    0.4875   -3280.5537  0.2869 
   00286    0.5325   -3245.5371  0.2861 
   00287    0.5225   -3227.3509  0.2888 
   00288    0.5525   -3173.2213  0.2835 
   00289    0.5600   -3160.8647  0.2851 
   00290    0.5100   -3136.3566  0.2888 
   00291    0.5300   -3141.9328  0.3012 
   00292    0.4625   -3149.4694  0.3047 
   00293    0.5075   -3165.3373  0.3188 
   00294    0.5250   -3174.1163  0.3190 
   00295    0.4600   -3179.7618  0.3105 
   00296    0.4950   -3177.4686  0.3126 
   00297    0.5075   -3168.0196  0.3107 
   00298    0.5425   -3130.3661  0.3126 
   00299    0.5100   -3202.0717  0.3167 
   00300    0.5325   -3254.9027  0.3133 
   00301    0.5175   -3296.0287  0.3067 
   00302    0.4775   -3283.5786  0.3065 
   00303    0.5150   -3267.7752  0.3056 
   00304    0.5125   -3278.8513  0.2981 
   00305    0.4975   -3331.6012  0.3007 
   00306    0.4800   -3324.1889  0.3061 
   00307    0.5350   -3346.4074  0.3026 
   00308    0.4925   -3392.8565  0.2997 
   00309    0.5000   -3423.6792  0.3008 
   00310    0.4900   -3395.2988  0.3013 
   00311    0.4400   -3393.3179  0.2941 
   00312    0.5300   -3407.2118  0.2974 
   00313    0.4775   -3382.2770  0.2959 
   00314    0.5425   -3360.6221  0.2953 
   00315    0.5250   -3428.9995  0.2957 
   00316    0.5050   -3448.2854  0.2956 
   00317    0.5125   -3443.8562  0.2896 
   00318    0.4750   -3422.9795  0.2863 
   00319    0.5000   -3408.4150  0.2929 
   00320    0.4975   -3413.7053  0.2942 
   00321    0.4425   -3422.2966  0.2957 
   00322    0.4750   -3377.8669  0.2905 
   00323    0.4925   -3403.4839  0.2842 
   00324    0.4750   -3388.3210  0.2836 
   00325    0.4925   -3366.1776  0.2784 
   00326    0.4975   -3390.3290  0.2840 
   00327    0.5075   -3378.0318  0.2810 
   00328    0.5300   -3455.0046  0.2857 
   00329    0.4700   -3383.4005  0.2802 
   00330    0.5125   -3343.3216  0.2791 
   00331    0.5050   -3322.8379  0.2849 
   00332    0.4875   -3385.3679  0.2849 
   00333    0.5175   -3427.3845  0.2948 
   00334    0.4775   -3421.5296  0.2868 
   00335    0.5275   -3424.3230  0.2844 
   00336    0.4725   -3377.4659  0.2754 
   00337    0.5050   -3375.2582  0.2723 
   00338    0.4800   -3364.0199  0.2675 
   00339    0.5425   -3365.1637  0.2752 
   00340    0.5325   -3349.4650  0.2727 
   00341    0.4850   -3361.5514  0.2751 
   00342    0.5250   -3394.8283  0.2743 
   00343    0.5125   -3370.2502  0.2747 
   00344    0.5125   -3376.3560  0.2785 
   00345    0.4750   -3334.2209  0.2733 
   00346    0.4825   -3354.5742  0.2694 
   00347    0.5125   -3306.8601  0.2709 
   00348    0.5075   -3311.4003  0.2705 
   00349    0.5100   -3343.9068  0.2641 
   00350    0.4775   -3346.0787  0.2679 
   00351    0.5350   -3325.0941  0.2688 
   00352    0.5100   -3294.5163  0.2626 
   00353    0.5600   -3288.2466  0.2570 
   00354    0.5000   -3289.0232  0.2544 
   00355    0.5375   -3320.7210  0.2588 
   00356    0.5175   -3249.6992  0.2608 
   00357    0.5400   -3255.2038  0.2541 
   00358    0.5400   -3294.0424  0.2593 
   00359    0.5125   -3262.2068  0.2623 
   00360    0.4800   -3290.5152  0.2681 
   00361    0.4950   -3253.2058  0.2761 
   00362    0.5275   -3250.4513  0.2749 
   00363    0.4975   -3326.5425  0.2811 
   00364    0.4750   -3338.6861  0.2797 
   00365    0.5325   -3353.2589  0.2897 
   00366    0.4975   -3301.6564  0.2907 
   00367    0.5325   -3304.5761  0.2876 
   00368    0.5275   -3335.4172  0.3020 
   00369    0.5250   -3357.6683  0.3094 
   00370    0.5025   -3395.8546  0.3142 
   00371    0.5050   -3407.9196  0.3151 
   00372    0.4950   -3398.9267  0.3125 
   00373    0.5000   -3372.2588  0.3165 
   00374    0.5025   -3398.3094  0.3210 
   00375    0.5125   -3391.1196  0.3258 
   00376    0.4775   -3390.6742  0.3283 
   00377    0.5275   -3361.0959  0.3207 
   00378    0.4900   -3354.9929  0.3221 
   00379    0.4900   -3358.4369  0.3197 
   00380    0.4800   -3342.0070  0.3130 
   00381    0.5350   -3331.0949  0.3170 
   00382    0.4825   -3313.3103  0.3222 
   00383    0.5050   -3326.3860  0.3202 
   00384    0.5125   -3289.9855  0.3191 
   00385    0.5200   -3263.0727  0.3232 
   00386    0.5375   -3246.2561  0.3219 
   00387    0.5400   -3275.4714  0.3179 
   00388    0.5000   -3301.6727  0.3205 
   00389    0.4900   -3322.4862  0.3292 
   00390    0.4675   -3302.2182  0.3301 
   00391    0.5225   -3298.0741  0.3243 
   00392    0.4600   -3292.1323  0.3180 
   00393    0.5200   -3278.3445  0.3191 
   00394    0.5175   -3299.0541  0.3090 
   00395    0.4950   -3321.9157  0.3059 
   00396    0.5475   -3356.4942  0.3058 
   00397    0.4950   -3334.7089  0.3026 
   00398    0.5525   -3284.7052  0.2973 
   00399    0.5025   -3232.1887  0.2987 
   00400    0.5375   -3257.3820  0.2953 
   00401    0.4425   -3263.2452  0.2998 
   00402    0.5250   -3216.8881  0.2938 
   00403    0.5125   -3241.4749  0.2896 
   00404    0.4550   -3247.4484  0.2978 
   00405    0.5200   -3271.5715  0.3036 
   00406    0.5225   -3263.2941  0.3022 
   00407    0.4825   -3257.6329  0.3063 
   00408    0.5075   -3260.7480  0.3077 
   00409    0.4475   -3304.0920  0.3050 
   00410    0.4925   -3269.6314  0.2997 
   00411    0.5100   -3301.4179  0.2965 
   00412    0.5075   -3303.1864  0.2984 
   00413    0.5250   -3270.5953  0.2959 
   00414    0.5075   -3273.3848  0.2924 
   00415    0.5150   -3264.0202  0.2985 
   00416    0.4950   -3266.5617  0.3053 
   00417    0.4925   -3238.8821  0.3039 
   00418    0.5125   -3273.6866  0.3156 
   00419    0.5000   -3292.2674  0.3185 
   00420    0.5175   -3259.4347  0.3257 
   00421    0.5150   -3274.4700  0.3202 
   00422    0.4850   -3296.7105  0.3236 
   00423    0.4875   -3329.2865  0.3324 
   00424    0.4750   -3331.3801  0.3270 
   00425    0.5150   -3311.0744  0.3248 
   00426    0.5150   -3286.3646  0.3219 
   00427    0.5225   -3266.7138  0.3231 
   00428    0.4850   -3267.0592  0.3216 
   00429    0.4825   -3298.2198  0.3278 
   00430    0.5100   -3287.2063  0.3261 
   00431    0.5425   -3262.1955  0.3291 
   00432    0.5200   -3287.4224  0.3286 
   00433    0.4825   -3281.8711  0.3271 
   00434    0.5300   -3313.0289  0.3223 
   00435    0.5200   -3324.2507  0.3267 
   00436    0.5100   -3303.0281  0.3276 
   00437    0.5000   -3324.1597  0.3317 
   00438    0.5250   -3320.7801  0.3337 
   00439    0.5400   -3307.9023  0.3394 
   00440    0.5275   -3309.2934  0.3451 
   00441    0.5000   -3311.4313  0.3411 
   00442    0.4800   -3270.5998  0.3421 
   00443    0.5050   -3252.2589  0.3373 
   00444    0.4800   -3242.1078  0.3387 
   00445    0.5275   -3245.5971  0.3351 
   00446    0.4950   -3216.1902  0.3289 
   00447    0.5150   -3165.0031  0.3245 
   00448    0.4950   -3239.9981  0.3187 
   00449    0.4925   -3241.9743  0.3191 
   00450    0.5275   -3226.0458  0.3063 
   00451    0.4925   -3211.2347  0.3080 
   00452    0.5775   -3245.3849  0.2980 
   00453    0.4725   -3272.2518  0.3046 
   00454    0.5350   -3242.3568  0.2981 
   00455    0.4950   -3234.6164  0.2982 
   00456    0.5025   -3256.7664  0.3115 
   00457    0.5225   -3272.0790  0.3110 
   00458    0.4775   -3301.0637  0.3071 
   00459    0.4950   -3271.1122  0.3039 
   00460    0.5075   -3287.5723  0.3024 
   00461    0.5200   -3250.1399  0.3067 
   00462    0.4850   -3273.7687  0.3072 
   00463    0.5300   -3274.7515  0.3075 
   00464    0.4925   -3257.6582  0.3005 
   00465    0.4950   -3300.9089  0.2966 
   00466    0.5075   -3339.6095  0.3003 
   00467    0.5025   -3336.2194  0.3065 
   00468    0.5075   -3330.0759  0.3090 
   00469    0.5050   -3329.6501  0.3087 
   00470    0.5150   -3366.3737  0.3071 
   00471    0.5300   -3318.5082  0.3093 
   00472    0.4425   -3350.3083  0.3157 
   00473    0.5150   -3370.7790  0.3182 
   00474    0.4700   -3363.2021  0.3143 
   00475    0.5025   -3369.5694  0.3211 
   00476    0.5300   -3398.7531  0.3148 
   00477    0.5075   -3415.3109  0.3092 
   00478    0.4850   -3406.7443  0.3145 
   00479    0.5325   -3387.3093  0.3207 
   00480    0.5350   -3394.7167  0.3143 
   00481    0.4775   -3369.8890  0.3152 
   00482    0.5150   -3324.9382  0.3110 
   00483    0.5000   -3288.5201  0.3115 
   00484    0.5300   -3291.5509  0.3107 
   00485    0.5200   -3301.8392  0.3081 
   00486    0.5150   -3315.4073  0.3109 
   00487    0.5100   -3350.2600  0.3134 
   00488    0.4775   -3425.1996  0.3094 
   00489    0.5225   -3449.6860  0.3043 
   00490    0.4975   -3442.1322  0.3133 
   00491    0.5075   -3467.0674  0.3116 
   00492    0.5125   -3457.3356  0.3044 
   00493    0.5050   -3471.8607  0.3086 
   00494    0.4900   -3466.9897  0.3057 
   00495    0.4925   -3369.0605  0.2971 
   00496    0.4975   -3352.5226  0.3018 
   00497    0.5025   -3340.5091  0.3054 
   00498    0.5150   -3346.5930  0.3110 
   00499    0.4500   -3356.0901  0.3106 
   00500    0.4775   -3360.1111  0.3067 
   00501    0.4825   -3377.9048  0.2992 
   00502    0.5000   -3401.9249  0.2952 
   00503    0.4950   -3412.8690  0.2922 
   00504    0.4700   -3462.2526  0.2910 
   00505    0.5150   -3414.3750  0.2869 
   00506    0.5350   -3384.1578  0.2802 
   00507    0.4900   -3344.0800  0.2789 
   00508    0.5025   -3332.5804  0.2802 
   00509    0.4975   -3387.0787  0.2839 
   00510    0.5350   -3338.7210  0.2812 
   00511    0.4500   -3331.8596  0.2866 
   00512    0.4600   -3335.4635  0.2887 
   00513    0.5175   -3390.0753  0.2884 
   00514    0.4375   -3357.7106  0.2866 
   00515    0.4700   -3397.9210  0.2862 
   00516    0.4950   -3392.9864  0.2782 
   00517    0.4850   -3348.5964  0.2749 
   00518    0.4375   -3292.5208  0.2734 
   00519    0.5050   -3281.0024  0.2759 
   00520    0.5050   -3258.9059  0.2773 
   00521    0.5175   -3296.6521  0.2787 
   00522    0.5175   -3298.1952  0.2758 
   00523    0.4700   -3284.8056  0.2815 
   00524    0.5350   -3304.3098  0.2875 
   00525    0.5150   -3283.1532  0.2866 
   00526    0.5025   -3280.4089  0.2880 
   00527    0.4725   -3281.5860  0.2870 
   00528    0.4825   -3294.4736  0.2723 
   00529    0.4600   -3343.1296  0.2717 
   00530    0.4975   -3376.3374  0.2582 
   00531    0.5325   -3383.5992  0.2538 
   00532    0.4800   -3330.8630  0.2568 
   00533    0.5475   -3306.2095  0.2706 
   00534    0.4800   -3327.0732  0.2698 
   00535    0.5375   -3341.1182  0.2787 
   00536    0.4825   -3279.5360  0.2749 
   00537    0.4875   -3325.6973  0.2740 
   00538    0.5500   -3307.4262  0.2674 
   00539    0.5100   -3321.8057  0.2681 
   00540    0.5550   -3336.7324  0.2626 
   00541    0.4975   -3336.8754  0.2621 
   00542    0.5300   -3367.8555  0.2535 
   00543    0.4425   -3354.3574  0.2550 
   00544    0.5300   -3383.8732  0.2692 
   00545    0.5125   -3397.1235  0.2731 
   00546    0.4550   -3415.9482  0.2768 
   00547    0.4700   -3394.1207  0.2831 
   00548    0.4650   -3431.2731  0.2929 
   00549    0.4750   -3435.0146  0.2818 
   00550    0.4575   -3423.5426  0.2837 
   00551    0.5225   -3417.8385  0.2807 
   00552    0.4750   -3382.7680  0.2831 
   00553    0.5175   -3334.5823  0.2812 
   00554    0.5175   -3346.9717  0.2805 
   00555    0.5175   -3410.7482  0.2828 
   00556    0.4750   -3412.1338  0.2930 
   00557    0.5075   -3409.0608  0.2941 
   00558    0.5125   -3440.7430  0.3040 
   00559    0.4500   -3448.5475  0.2998 
   00560    0.4700   -3496.6040  0.2983 
   00561    0.4950   -3489.9929  0.3013 
   00562    0.5325   -3449.3545  0.3050 
   00563    0.4900   -3442.5519  0.3120 
   00564    0.4875   -3434.8799  0.3059 
   00565    0.5150   -3461.3756  0.3229 
   00566    0.5025   -3425.1638  0.3236 
   00567    0.4875   -3446.0847  0.3169 
   00568    0.5325   -3478.4088  0.3159 
   00569    0.4875   -3464.6456  0.3039 
   00570    0.4900   -3413.9160  0.3000 
   00571    0.5025   -3366.1988  0.2989 
   00572    0.5350   -3368.8381  0.3012 
   00573    0.4475   -3390.9145  0.3005 
   00574    0.4650   -3380.1797  0.3000 
   00575    0.5125   -3369.4100  0.3010 
   00576    0.5075   -3342.3551  0.2982 
   00577    0.4825   -3379.2443  0.2973 
   00578    0.5150   -3346.1185  0.2860 
   00579    0.5075   -3330.8552  0.2864 
   00580    0.5375   -3356.2581  0.2889 
   00581    0.4975   -3316.1259  0.2862 
   00582    0.5225   -3292.2962  0.2948 
   00583    0.4825   -3271.2445  0.2909 
   00584    0.4950   -3265.8921  0.2884 
   00585    0.5075   -3273.4809  0.2845 
   00586    0.5075   -3270.3489  0.2726 
   00587    0.5525   -3335.6518  0.2746 
   00588    0.5075   -3337.9656  0.2762 
   00589    0.4975   -3317.8990  0.2770 
   00590    0.4575   -3319.0282  0.2777 
   00591    0.4900   -3310.5474  0.2848 
   00592    0.4800   -3278.4669  0.2805 
   00593    0.5275   -3290.5695  0.2826 
   00594    0.5000   -3283.1613  0.2767 
   00595    0.4725   -3240.6858  0.2655 
   00596    0.4625   -3215.7182  0.2618 
   00597    0.5275   -3247.9552  0.2696 
   00598    0.5150   -3273.7712  0.2617 
   00599    0.5050   -3295.4572  0.2668 
   00600    0.5175   -3278.7721  0.2720 
   00601    0.4875   -3224.4600  0.2703 
   00602    0.5100   -3207.0458  0.2711 
   00603    0.5425   -3173.5179  0.2582 
   00604    0.5175   -3120.3683  0.2570 
   00605    0.5425   -3136.1118  0.2538 
   00606    0.5000   -3133.0312  0.2558 
   00607    0.5150   -3169.5581  0.2575 
   00608    0.5475   -3138.5481  0.2698 
   00609    0.5250   -3168.8971  0.2721 
   00610    0.5500   -3229.2811  0.2689 
   00611    0.5200   -3251.3014  0.2573 
   00612    0.5300   -3271.4623  0.2606 
   00613    0.4900   -3333.5638  0.2644 
   00614    0.5100   -3310.7709  0.2712 
   00615    0.4800   -3313.0196  0.2820 
   00616    0.5225   -3306.5708  0.2870 
   00617    0.4900   -3284.9458  0.2883 
   00618    0.5075   -3274.0570  0.2910 
   00619    0.4750   -3267.8583  0.2919 
   00620    0.4925   -3301.9050  0.2883 
   00621    0.5100   -3336.6865  0.2878 
   00622    0.5150   -3322.3671  0.2866 
   00623    0.4900   -3292.3791  0.2903 
   00624    0.5225   -3302.4310  0.2901 
   00625    0.5125   -3315.1550  0.2930 
   00626    0.5225   -3286.4403  0.3002 
   00627    0.4975   -3260.6504  0.2984 
   00628    0.4800   -3248.7052  0.2961 
   00629    0.5175   -3284.9773  0.3054 
   00630    0.4800   -3341.0113  0.3022 
   00631    0.5225   -3322.4554  0.3134 
   00632    0.5125   -3367.3913  0.3193 
   00633    0.5300   -3350.8091  0.3213 
   00634    0.4925   -3290.4570  0.3225 
   00635    0.4375   -3299.0921  0.3175 
   00636    0.5075   -3252.1492  0.3090 
   00637    0.4775   -3222.6068  0.3047 
   00638    0.5075   -3228.5043  0.3079 
   00639    0.5250   -3253.0821  0.3058 
   00640    0.5500   -3233.5141  0.3108 
   00641    0.5425   -3248.8642  0.2996 
   00642    0.4900   -3265.4692  0.2997 
   00643    0.5250   -3271.6271  0.3130 
   00644    0.5075   -3288.5919  0.3224 
   00645    0.4675   -3240.3107  0.3121 
   00646    0.5225   -3288.5829  0.3171 
   00647    0.4875   -3269.8351  0.3178 
   00648    0.5300   -3273.3530  0.3137 
   00649    0.4875   -3279.5783  0.3108 
   00650    0.5175   -3270.5044  0.3080 
   00651    0.5025   -3293.0231  0.3101 
   00652    0.4775   -3298.7817  0.3018 
   00653    0.4875   -3318.9440  0.2978 
   00654    0.5525   -3341.8112  0.3041 
   00655    0.4975   -3282.6060  0.3018 
   00656    0.5500   -3273.4411  0.2939 
   00657    0.4700   -3326.5562  0.2848 
   00658    0.5050   -3297.4879  0.2832 
   00659    0.5375   -3295.4942  0.2797 
   00660    0.5150   -3340.4231  0.2862 
   00661    0.5350   -3339.8539  0.2934 
   00662    0.5000   -3303.0313  0.2908 
   00663    0.4700   -3339.6944  0.2926 
   00664    0.5225   -3358.9936  0.2927 
   00665    0.5275   -3353.6783  0.2885 
   00666    0.5125   -3385.1546  0.2961 
   00667    0.5275   -3411.8743  0.2986 
   00668    0.4500   -3354.6967  0.3086 
   00669    0.4875   -3329.5488  0.3041 
   00670    0.5425   -3329.1173  0.2932 
   00671    0.4975   -3322.0266  0.2908 
   00672    0.5125   -3272.4369  0.2951 
   00673    0.4975   -3248.0237  0.2944 
   00674    0.5275   -3291.5291  0.2944 
   00675    0.4750   -3287.6869  0.2894 
   00676    0.4900   -3294.1709  0.2900 
   00677    0.5125   -3337.4975  0.2889 
   00678    0.5225   -3357.5980  0.2982 
   00679    0.4700   -3375.8013  0.3068 
   00680    0.5475   -3375.1660  0.3048 
   00681    0.5150   -3404.2920  0.2959 
   00682    0.5000   -3359.5960  0.2968 
   00683    0.4975   -3398.9780  0.2942 
   00684    0.4625   -3392.0019  0.2847 
   00685    0.5125   -3340.0244  0.2872 
   00686    0.5175   -3290.2755  0.2831 
   00687    0.5150   -3314.5120  0.2837 
   00688    0.5400   -3327.4046  0.2814 
   00689    0.4975   -3280.3366  0.2857 
   00690    0.4925   -3310.2642  0.2880 
   00691    0.5200   -3326.3251  0.2905 
   00692    0.5075   -3374.1457  0.2911 
   00693    0.4600   -3334.8846  0.2851 
   00694    0.4675   -3339.4062  0.2842 
   00695    0.5300   -3336.3834  0.2765 
   00696    0.5325   -3286.8293  0.2805 
   00697    0.4775   -3249.7199  0.2736 
   00698    0.4925   -3201.7481  0.2625 
   00699    0.5100   -3171.3934  0.2583 
   00700    0.5275   -3231.9096  0.2610 
   00701    0.5400   -3249.3926  0.2639 
   00702    0.5225   -3237.1215  0.2607 
   00703    0.5175   -3200.1557  0.2571 
   00704    0.5550   -3211.5407  0.2648 
   00705    0.5400   -3251.0698  0.2610 
   00706    0.4975   -3267.5852  0.2687 
   00707    0.4675   -3237.9949  0.2750 
   00708    0.5075   -3233.6482  0.2789 
   00709    0.5450   -3195.8975  0.2778 
   00710    0.5100   -3193.9361  0.2862 
   00711    0.5975   -3215.7083  0.2837 
   00712    0.4925   -3263.3730  0.2786 
   00713    0.4900   -3243.5976  0.2799 
   00714    0.5475   -3236.5416  0.2790 
   00715    0.5200   -3246.4050  0.2731 
   00716    0.5000   -3248.3559  0.2678 
   00717    0.5125   -3187.0313  0.2607 
   00718    0.5225   -3241.3800  0.2520 
   00719    0.5025   -3283.9841  0.2528 
   00720    0.5225   -3271.8864  0.2567 
   00721    0.4925   -3286.6127  0.2604 
   00722    0.5325   -3266.6564  0.2589 
   00723    0.4875   -3290.5226  0.2566 
   00724    0.4900   -3288.4109  0.2607 
   00725    0.5000   -3258.9937  0.2581 
   00726    0.5125   -3252.2090  0.2683 
   00727    0.5175   -3287.7084  0.2680 
   00728    0.5050   -3296.5758  0.2730 
   00729    0.5325   -3307.5809  0.2708 
   00730    0.5425   -3293.3435  0.2749 
   00731    0.5350   -3283.6964  0.2737 
   00732    0.5150   -3300.3684  0.2705 
   00733    0.5075   -3291.8530  0.2776 
   00734    0.5400   -3314.6416  0.2856 
   00735    0.4350   -3328.5590  0.2803 
   00736    0.5250   -3318.1612  0.2828 
   00737    0.5075   -3266.3969  0.2861 
   00738    0.5050   -3273.5301  0.2886 
   00739    0.5025   -3249.6291  0.2928 
   00740    0.5175   -3329.4720  0.2931 
   00741    0.5125   -3278.2945  0.2934 
   00742    0.4875   -3271.1003  0.2959 
   00743    0.4950   -3321.4326  0.2976 
   00744    0.4750   -3349.9426  0.3052 
   00745    0.4925   -3362.8701  0.3033 
   00746    0.4575   -3372.0187  0.3044 
   00747    0.5125   -3347.9313  0.3085 
   00748    0.5250   -3383.3203  0.3043 
   00749    0.5400   -3366.5079  0.3076 
   00750    0.4800   -3408.8916  0.3127 
   00751    0.4450   -3448.9698  0.3160 
   00752    0.4775   -3461.3230  0.3132 
   00753    0.4725   -3439.3990  0.3205 
   00754    0.5025   -3441.1172  0.3245 
   00755    0.5225   -3437.3987  0.3220 
   00756    0.5100   -3413.4870  0.3302 
   00757    0.4975   -3448.6155  0.3334 
   00758    0.5075   -3447.4019  0.3332 
   00759    0.5125   -3444.9167  0.3353 
   00760    0.4725   -3436.1914  0.3265 
   00761    0.4775   -3423.5835  0.3210 
   00762    0.4600   -3443.6478  0.3152 
   00763    0.5500   -3453.3596  0.3239 
   00764    0.4675   -3479.6121  0.3215 
   00765    0.4550   -3496.3676  0.3155 
   00766    0.4975   -3499.3923  0.3213 
   00767    0.4950   -3513.6807  0.3143 
   00768    0.4800   -3451.4351  0.3163 
   00769    0.4850   -3462.2648  0.3126 
   00770    0.5325   -3503.3824  0.3142 
   00771    0.4800   -3511.3950  0.3169 
   00772    0.4775   -3511.4345  0.3178 
   00773    0.5400   -3516.3171  0.3143 
   00774    0.4900   -3521.2786  0.3191 
   00775    0.4725   -3512.2607  0.3227 
   00776    0.4625   -3557.9408  0.3236 
   00777    0.4650   -3499.6019  0.3180 
   00778    0.4825   -3504.1420  0.3198 
   00779    0.4950   -3539.0769  0.3153 
   00780    0.4800   -3533.5599  0.3231 
   00781    0.5375   -3538.7779  0.3232 
   00782    0.4675   -3502.7825  0.3102 
   00783    0.4850   -3475.9864  0.3064 
   00784    0.4900   -3483.6236  0.3029 
   00785    0.4525   -3463.7837  0.3033 
   00786    0.4425   -3424.7020  0.2985 
   00787    0.4600   -3470.6220  0.3074 
   00788    0.4800   -3451.9997  0.3170 
   00789    0.4950   -3432.1936  0.3213 
   00790    0.4775   -3415.7648  0.3225 
   00791    0.4875   -3413.7626  0.3178 
   00792    0.4925   -3425.8159  0.3180 
   00793    0.4800   -3435.3503  0.3172 
   00794    0.4950   -3413.8734  0.3218 
   00795    0.5150   -3401.9831  0.3178 
   00796    0.4650   -3418.8759  0.3227 
   00797    0.4900   -3432.0976  0.3274 
   00798    0.4600   -3392.7897  0.3290 
   00799    0.4850   -3439.9107  0.3320 
   00800    0.4775   -3405.9800  0.3336 
   00801    0.5025   -3392.6768  0.3319 
   00802    0.5225   -3398.0030  0.3390 
   00803    0.4750   -3383.8761  0.3347 
   00804    0.5250   -3402.9042  0.3372 
   00805    0.4900   -3393.1230  0.3387 
   00806    0.4550   -3410.5011  0.3290 
   00807    0.5125   -3419.5179  0.3213 
   00808    0.4750   -3412.7648  0.3260 
   00809    0.4825   -3393.9781  0.3226 
   00810    0.4825   -3398.7415  0.3185 
   00811    0.4925   -3416.2948  0.3203 
   00812    0.4800   -3364.2339  0.3118 
   00813    0.4925   -3368.5562  0.3109 
   00814    0.4975   -3383.9459  0.3064 
   00815    0.5000   -3433.5115  0.3101 
   00816    0.4675   -3433.4903  0.3083 
   00817    0.4875   -3427.6033  0.3120 
   00818    0.4700   -3401.8230  0.3132 
   00819    0.5150   -3382.6840  0.3100 
   00820    0.5125   -3407.4588  0.3116 
   00821    0.5050   -3417.4449  0.3063 
   00822    0.4925   -3393.4188  0.3088 
   00823    0.4600   -3424.3979  0.3093 
   00824    0.4925   -3403.8257  0.3047 
   00825    0.4825   -3405.1517  0.3002 
   00826    0.4550   -3393.7299  0.2997 
   00827    0.4650   -3395.1962  0.3020 
   00828    0.4975   -3381.1246  0.3100 
   00829    0.4950   -3371.6516  0.3105 
   00830    0.5325   -3363.1451  0.3071 
   00831    0.4975   -3338.0595  0.3097 
   00832    0.4925   -3340.6536  0.3255 
   00833    0.5200   -3356.5785  0.3154 
   00834    0.5400   -3332.4241  0.3036 
   00835    0.5025   -3306.0621  0.3026 
   00836    0.5225   -3353.6083  0.3124 
   00837    0.4975   -3316.2945  0.3073 
   00838    0.4850   -3318.7766  0.3075 
   00839    0.5250   -3293.2112  0.3093 
   00840    0.4850   -3323.8662  0.3114 
   00841    0.5125   -3314.1527  0.3101 
   00842    0.4800   -3354.5891  0.3083 
   00843    0.5075   -3366.0160  0.3064 
   00844    0.4825   -3332.7152  0.3152 
   00845    0.4925   -3345.1853  0.3229 
   00846    0.4925   -3367.5895  0.3281 
   00847    0.5250   -3289.8837  0.3338 
   00848    0.5325   -3310.1845  0.3276 
   00849    0.4525   -3326.9890  0.3309 
   00850    0.5400   -3378.1629  0.3344 
   00851    0.5075   -3317.1619  0.3243 
   00852    0.4675   -3311.0806  0.3274 
   00853    0.5125   -3304.1026  0.3239 
   00854    0.4950   -3327.6600  0.3260 
   00855    0.5075   -3322.8333  0.3208 
   00856    0.5300   -3329.7237  0.3250 
   00857    0.5025   -3388.0282  0.3118 
   00858    0.4600   -3398.8520  0.3069 
   00859    0.5050   -3390.0817  0.3110 
   00860    0.5225   -3393.5629  0.3129 
   00861    0.5375   -3384.2993  0.3091 
   00862    0.4825   -3396.9607  0.3072 
   00863    0.4775   -3395.7003  0.2946 
   00864    0.5075   -3391.5734  0.2934 
   00865    0.4750   -3398.8399  0.2928 
   00866    0.4750   -3400.1847  0.3007 
   00867    0.4875   -3443.8080  0.3045 
   00868    0.5325   -3466.0950  0.3071 
   00869    0.5175   -3471.8712  0.3079 
   00870    0.4675   -3469.9483  0.3119 
   00871    0.4525   -3456.8803  0.3117 
   00872    0.4775   -3484.4662  0.3043 
   00873    0.4825   -3480.2850  0.3031 
   00874    0.4750   -3429.1849  0.3034 
   00875    0.4725   -3359.5751  0.3030 
   00876    0.5350   -3349.9807  0.2969 
   00877    0.4750   -3354.4995  0.2967 
   00878    0.4850   -3375.5916  0.2899 
   00879    0.4850   -3366.0492  0.2933 
   00880    0.4900   -3358.2226  0.2893 
   00881    0.4975   -3365.8323  0.2878 
   00882    0.5150   -3336.9798  0.2882 
   00883    0.4575   -3367.1743  0.2869 
   00884    0.4500   -3352.6324  0.2872 
   00885    0.5300   -3344.9644  0.2795 
   00886    0.4850   -3382.7301  0.2725 
   00887    0.5000   -3365.5840  0.2696 
   00888    0.5150   -3335.0055  0.2774 
   00889    0.5025   -3322.2233  0.2789 
   00890    0.4925   -3343.5108  0.2761 
   00891    0.4575   -3299.1461  0.2758 
   00892    0.4775   -3295.2051  0.2806 
   00893    0.5125   -3299.3094  0.2759 
   00894    0.5225   -3364.4479  0.2804 
   00895    0.5150   -3379.6418  0.2796 
   00896    0.4850   -3378.4922  0.2833 
   00897    0.5350   -3392.0176  0.2879 
   00898    0.4725   -3398.8938  0.2977 
   00899    0.4700   -3403.4346  0.2973 
   00900    0.5225   -3395.6180  0.2939 
   00901    0.4950   -3359.9803  0.2948 
   00902    0.4250   -3383.6971  0.2909 
   00903    0.4975   -3366.5147  0.2982 
   00904    0.4550   -3342.2665  0.3009 
   00905    0.4850   -3308.4269  0.3063 
   00906    0.4850   -3336.5942  0.3106 
   00907    0.4950   -3295.7035  0.3061 
   00908    0.4925   -3296.4047  0.3149 
   00909    0.5400   -3296.2741  0.3093 
   00910    0.5075   -3333.7851  0.3006 
   00911    0.5100   -3339.1524  0.2989 
   00912    0.4950   -3334.2220  0.2950 
   00913    0.5250   -3292.7936  0.2892 
   00914    0.4900   -3303.8101  0.2992 
   00915    0.5025   -3334.4634  0.3008 
   00916    0.4725   -3352.3776  0.3041 
   00917    0.4800   -3338.6143  0.3087 
   00918    0.5350   -3300.4014  0.3050 
   00919    0.5225   -3317.3839  0.3079 
   00920    0.4625   -3277.1828  0.3092 
   00921    0.5300   -3249.9601  0.3130 
   00922    0.5400   -3255.0237  0.3239 
   00923    0.4775   -3254.9877  0.3282 
   00924    0.5375   -3239.7092  0.3356 
   00925    0.5250   -3235.8059  0.3330 
   00926    0.5500   -3265.1686  0.3290 
   00927    0.5300   -3274.7891  0.3311 
   00928    0.5225   -3274.6831  0.3375 
   00929    0.5050   -3266.5076  0.3403 
   00930    0.5125   -3316.2749  0.3364 
   00931    0.4825   -3373.4573  0.3435 
   00932    0.4900   -3366.5293  0.3401 
   00933    0.4375   -3351.8812  0.3400 
   00934    0.4425   -3340.5988  0.3353 
   00935    0.5325   -3425.4403  0.3235 
   00936    0.4825   -3396.4450  0.3259 
   00937    0.5050   -3422.6006  0.3294 
   00938    0.4625   -3412.9144  0.3249 
   00939    0.4500   -3392.2286  0.3178 
   00940    0.5050   -3360.5365  0.3180 
   00941    0.4675   -3378.5639  0.3160 
   00942    0.5000   -3350.6793  0.3270 
   00943    0.5200   -3353.3394  0.3177 
   00944    0.4975   -3356.8193  0.3189 
   00945    0.5300   -3346.0160  0.3261 
   00946    0.5175   -3317.9973  0.3223 
   00947    0.5025   -3354.1722  0.3223 
   00948    0.5150   -3306.0691  0.3083 
   00949    0.4675   -3297.7583  0.3164 
   00950    0.5125   -3323.5485  0.3191 
   00951    0.5175   -3300.0528  0.3052 
   00952    0.4850   -3323.9211  0.3114 
   00953    0.4750   -3346.3393  0.3063 
   00954    0.5475   -3337.9332  0.2980 
   00955    0.5050   -3376.7581  0.2956 
   00956    0.5100   -3364.3539  0.2991 
   00957    0.5250   -3372.7388  0.2981 
   00958    0.4750   -3371.2378  0.2960 
   00959    0.4975   -3375.2294  0.2968 
   00960    0.4900   -3409.1169  0.2926 
   00961    0.5100   -3382.1249  0.2988 
   00962    0.4875   -3371.7084  0.2937 
   00963    0.5425   -3435.5725  0.2932 
   00964    0.4725   -3442.7389  0.2995 
   00965    0.5025   -3394.2743  0.2843 
   00966    0.5000   -3383.4381  0.2802 
   00967    0.5025   -3337.2445  0.2775 
   00968    0.5100   -3335.4380  0.2728 
   00969    0.5050   -3377.2875  0.2659 
   00970    0.4950   -3348.6637  0.2574 
   00971    0.4625   -3317.3285  0.2566 
   00972    0.5000   -3280.2209  0.2588 
   00973    0.4750   -3298.2761  0.2544 
   00974    0.5350   -3330.3804  0.2592 
   00975    0.4675   -3371.0094  0.2644 
   00976    0.5125   -3351.8977  0.2663 
   00977    0.5050   -3352.6510  0.2738 
   00978    0.4950   -3379.0334  0.2806 
   00979    0.5150   -3340.4824  0.2817 
   00980    0.5350   -3298.4367  0.2786 
   00981    0.5300   -3292.6487  0.2811 
   00982    0.5325   -3288.9609  0.2731 
   00983    0.4725   -3245.6094  0.2668 
   00984    0.5250   -3273.6632  0.2696 
   00985    0.5375   -3308.6771  0.2676 
   00986    0.4950   -3285.6542  0.2742 
   00987    0.5525   -3288.6124  0.2669 
   00988    0.5300   -3240.9042  0.2581 
   00989    0.5425   -3255.4762  0.2539 
   00990    0.5325   -3295.0064  0.2550 
   00991    0.5200   -3280.0793  0.2629 
   00992    0.5250   -3296.2299  0.2684 
   00993    0.5325   -3308.2074  0.2694 
   00994    0.5050   -3380.6462  0.2722 
   00995    0.5100   -3406.4991  0.2693 
   00996    0.4850   -3378.7815  0.2656 
   00997    0.4975   -3391.3132  0.2607 
   00998    0.5250   -3398.9879  0.2639 
   00999    0.4700   -3424.2597  0.2642 
   01000    0.5575   -3365.0657  0.2673 
