#=====================================================
# File created:        Mon-06-Nov-2023-at-03-16-20PM
# Size of lattice:     60x60
# Number of MC steps:  1000
# Reduced temperature: 0.200
# Run time (s):        16.050445
#=====================================================
# MC step:  Ratio:     Energy:   Order:
#=====================================================
   00000    0.5000   -3482.0458  0.2642 
   00001    0.6922   -4725.0062  0.2732 
   00002    0.6436   -5708.0311  0.2714 
   00003    0.6317   -6596.9116  0.2712 
   00004    0.6214   -7348.9895  0.2715 
   00005    0.6072   -7942.3592  0.2735 
   00006    0.5897   -8435.8209  0.2778 
   00007    0.5722   -8892.8447  0.2826 
   00008    0.5717   -9332.3751  0.2853 
   00009    0.5531   -9722.8275  0.2888 
   00010    0.5508  -10046.7432  0.2890 
   00011    0.5497  -10308.0811  0.2891 
   00012    0.5389  -10553.1828  0.2871 
   00013    0.5275  -10757.6449  0.2875 
   00014    0.5233  -10926.5183  0.2876 
   00015    0.5231  -11076.3348  0.2854 
   00016    0.5186  -11193.8611  0.2869 
   00017    0.5172  -11332.9891  0.2856 
   00018    0.5017  -11457.3591  0.2846 
   00019    0.5106  -11587.5457  0.2841 
   00020    0.5039  -11709.6402  0.2876 
   00021    0.4947  -11813.3902  0.2843 
   00022    0.4917  -11913.9916  0.2882 
   00023    0.5033  -11993.2413  0.2940 
   00024    0.4883  -12063.5260  0.2904 
   00025    0.4972  -12128.9629  0.2879 
   00026    0.4944  -12161.4378  0.2918 
   00027    0.4931  -12227.7623  0.2942 
   00028    0.4892  -12293.6516  0.2940 
   00029    0.4858  -12305.5952  0.2935 
   00030    0.4861  -12362.5013  0.2917 
   00031    0.4856  -12404.9878  0.2927 
   00032    0.4828  -12445.6294  0.2987 
   00033    0.4917  -12458.0621  0.2958 
   00034    0.5022  -12489.1588  0.2953 
   00035    0.4958  -12510.0309  0.2986 
   00036    0.4908  -12532.9845  0.2982 
   00037    0.4883  -12549.1358  0.2984 
   00038    0.4844  -12565.8294  0.2978 
   00039    0.4842  -12578.7314  0.2998 
   00040    0.5036  -12596.3298  0.3044 
   00041    0.4886  -12627.3254  0.3066 
   00042    0.4753  -12658.9974  0.3041 
   00043    0.4850  -12670.8022  0.3019 
   00044    0.4961  -12694.3667  0.3025 
   00045    0.4739  -12697.3886  0.3028 
   00046    0.4783  -12709.2447  0.3015 
   00047    0.4822  -12748.7417  0.3032 
   00048    0.4775  -12748.2427  0.3049 
   00049    0.4797  -12764.0175  0.3053 
   00050    0.4808  -12744.2772  0.3074 
   00051    0.4850  -12771.9059  0.3099 
   00052    0.4764  -12802.3966  0.3121 
   00053    0.4700  -12781.2096  0.3123 
   00054    0.4903  -12813.3953  0.3153 
   00055    0.4808  -12828.5685  0.3157 
   00056    0.4797  -12855.7448  0.3149 
   00057    0.4631  -12867.3017  0.3145 
   00058    0.4858  -12865.7925  0.3168 
   00059    0.4917  -12891.6093  0.3190 
   00060    0.4972  -12902.3711  0.3202 
   00061    0.4844  -12878.2720  0.3195 
   00062    0.4781  -12891.1248  0.3204 
   00063    0.4786  -12890.7121  0.3223 
   00064    0.4875  -12894.6686  0.3190 
   00065    0.4675  -12915.7566  0.3205 
   00066    0.4778  -12926.1922  0.3194 
   00067    0.4728  -12939.5360  0.3220 
   00068    0.4950  -12918.9304  0.3202 
   00069    0.4833  -12940.0946  0.3199 
   00070    0.4661  -12935.5551  0.3207 
   00071    0.4767  -12963.8235  0.3192 
   00072    0.4950  -12946.7090  0.3163 
   00073    0.4803  -12952.7383  0.3176 
   00074    0.4853  -12959.3888  0.3178 
   00075    0.4842  -12984.9919  0.3180 
   00076    0.4658  -13004.1654  0.3176 
   00077    0.4653  -12999.1801  0.3210 
   00078    0.4764  -13016.1324  0.3227 
   00079    0.4697  -13031.7034  0.3198 
   00080    0.4861  -13029.5289  0.3194 
   00081    0.4781  -13039.8283  0.3206 
   00082    0.4636  -13036.6086  0.3240 
   00083    0.4811  -13057.7940  0.3256 
   00084    0.4753  -13075.5173  0.3295 
   00085    0.4700  -13060.9001  0.3272 
   00086    0.4650  -13069.0996  0.3273 
   00087    0.4683  -13063.7208  0.3316 
   00088    0.4747  -13077.9338  0.3347 
   00089    0.4719  -13089.0429  0.3349 
   00090    0.4633  -13093.1038  0.3334 
   00091    0.4644  -13080.2609  0.3343 
   00092    0.4758  -13104.9109  0.3370 
   00093    0.4703  -13113.8272  0.3384 
   00094    0.4711  -13108.3910  0.3421 
   00095    0.4753  -13100.9628  0.3446 
   00096    0.4756  -13103.9123  0.3432 
   00097    0.4628  -13084.9119  0.3454 
   00098    0.5053  -13105.0050  0.3457 
   00099    0.4642  -13117.5664  0.3436 
   00100    0.4747  -13134.3168  0.3416 
   00101    0.4781  -13145.3167  0.3417 
   00102    0.4700  -13153.7445  0.3427 
   00103    0.4781  -13158.6671  0.3438 
   00104    0.4708  -13170.0164  0.3440 
   00105    0.4633  -13168.9251  0.3471 
   00106    0.4814  -13178.0591  0.3470 
   00107    0.4636  -13155.3149  0.3488 
   00108    0.4642  -13178.0390  0.3499 
   00109    0.4658  -13163.4944  0.3485 
   00110    0.4619  -13177.6972  0.3457 
   00111    0.4742  -13170.4141  0.3473 
   00112    0.4775  -13175.9057  0.3464 
   00113    0.4719  -13173.4793  0.3446 
   00114    0.4642  -13183.6248  0.3491 
   00115    0.4833  -13195.5970  0.3454 
   00116    0.4719  -13207.6564  0.3448 
   00117    0.4697  -13200.8126  0.3457 
   00118    0.4636  -13217.6530  0.3490 
   00119    0.4792  -13236.3158  0.3478 
   00120    0.4758  -13241.5249  0.3515 
   00121    0.4911  -13249.6701  0.3489 
   00122    0.4578  -13252.3439  0.3470 
   00123    0.4742  -13249.7695  0.3525 
   00124    0.4839  -13253.5749  0.3538 
   00125    0.4789  -13250.5659  0.3529 
   00126    0.4694  -13255.0706  0.3485 
   00127    0.4764  -13268.5243  0.3494 
   00128    0.4747  -13268.1491  0.3463 
   00129    0.4667  -13269.0729  0.3484 
   00130    0.4803  -13262.8023  0.3504 
   00131    0.4753  -13283.1314  0.3511 
   00132    0.4733  -13269.8181  0.3513 
   00133    0.4700  -13266.2825  0.3525 
   00134    0.4694  -13284.4298  0.3547 
   00135    0.4686  -13311.2189  0.3523 
   00136    0.4589  -13322.4968  0.3565 
   00137    0.4714  -13326.1918  0.3567 
   00138    0.4603  -13311.9425  0.3585 
   00139    0.4689  -13302.3243  0.3604 
   00140    0.4714  -13296.0980  0.3621 
   00141    0.4575  -13304.0323  0.3631 
   00142    0.4703  -13312.8092  0.3676 
   00143    0.4503  -13309.7656  0.3687 
   00144    0.4683  -13309.9773  0.3682 
   00145    0.4569  -13303.0489  0.3710 
   00146    0.4706  -13323.6380  0.3732 
   00147    0.4811  -13327.3635  0.3718 
   00148    0.4819  -13334.4666  0.3738 
   00149    0.4697  -13342.0987  0.3745 
   00150    0.4806  -13304.7299  0.3759 
   00151    0.4769  -13312.8684  0.3769 
   00152    0.4653  -13323.3005  0.3780 
   00153    0.4639  -13321.6246  0.3766 
   00154    0.4656  -13306.7399  0.3767 
   00155    0.4725  -13326.5844  0.3756 
   00156    0.4608  -13347.5291  0.3791 
   00157    0.4700  -13349.6123  0.3796 
   00158    0.4669  -13341.1851  0.3787 
   00159    0.4617  -13338.0933  0.3787 
   00160    0.4675  -13353.6754  0.3826 
   00161    0.4653  -13361.0792  0.3815 
   00162    0.4611  -13357.2903  0.3826 
   00163    0.4650  -13361.2613  0.3850 
   00164    0.4700  -13351.6513  0.3843 
   00165    0.4614  -13358.2447  0.3851 
   00166    0.4647  -13359.1382  0.3845 
   00167    0.4636  -13359.0587  0.3874 
   00168    0.4775  -13357.0916  0.3894 
   00169    0.4556  -13382.2222  0.3891 
   00170    0.4764  -13381.6719  0.3884 
   00171    0.4672  -13372.3088  0.3878 
   00172    0.4686  -13373.0062  0.3894 
   00173    0.4539  -13368.9763  0.3905 
   00174    0.4653  -13379.8505  0.3888 
   00175    0.4886  -13380.4643  0.3897 
   00176    0.4758  -13376.1510  0.3895 
   00177    0.4517  -13380.8231  0.3880 
   00178    0.4675  -13375.0201  0.3866 
   00179    0.4742  -13383.6985  0.3870 
   00180    0.4622  -13387.7895  0.3892 
   00181    0.4789  -13391.8866  0.3883 
   00182    0.4744  -13404.1783  0.3843 
   00183    0.4669  -13401.4673  0.3884 
   00184    0.4861  -13400.7095  0.3853 
   00185    0.4725  -13387.9379  0.3850 
   00186    0.4711  -13384.3519  0.3863 
   00187    0.4692  -13376.0952  0.3885 
   00188    0.4744  -13379.1113  0.3886 
   00189    0.4703  -13382.1321  0.3875 
   00190    0.4833  -13371.8572  0.3866 
   00191    0.4639  -13378.1864  0.3875 
   00192    0.4667  -13382.9610  0.3868 
   00193    0.4622  -13381.3278  0.3904 
   00194    0.4642  -13359.5368  0.3922 
   00195    0.4497  -13381.8256  0.3961 
   00196    0.4600  -13403.7328  0.3955 
   00197    0.4825  -13385.0253  0.3969 
   00198    0.4592  -13387.7880  0.4000 
   00199    0.4778  -13378.9446  0.3977 
   00200    0.4611  -13400.0666  0.4005 
   00201    0.4828  -13378.1972  0.4040 
   00202    0.4778  -13380.8281  0.4075 
   00203    0.4644  -13406.6577  0.4097 
   00204    0.4761  -13412.4146  0.4144 
   00205    0.4586  -13403.4570  0.4136 
   00206    0.4708  -13397.7103  0.4146 
   00207    0.4583  -13389.6591  0.4102 
   00208    0.4694  -13417.0488  0.4105 
   00209    0.4650  -13400.4814  0.4077 
   00210    0.4719  -13394.5771  0.4116 
   00211    0.4622  -13402.2038  0.4101 
   00212    0.4703  -13400.3154  0.4077 
   00213    0.4711  -13407.0635  0.4064 
   00214    0.4775  -13394.5309  0.4053 
   00215    0.4694  -13386.0774  0.4048 
   00216    0.4697  -13393.2057  0.4042 
   00217    0.4697  -13405.5812  0.4022 
   00218    0.4528  -13384.7574  0.4048 
   00219    0.4669  -13408.8132  0.4034 
   00220    0.4728  -13421.4750  0.4015 
   00221    0.4697  -13426.7869  0.4046 
   00222    0.4756  -13414.8604  0.4041 
   00223    0.4517  -13388.3044  0.4051 
   00224    0.4608  -13404.3072  0.4044 
   00225    0.4608  -13380.3650  0.4042 
   00226    0.4639  -13366.5373  0.4011 
   00227    0.4586  -13366.2388  0.4011 
   00228    0.4808  -13371.7968  0.3983 
   00229    0.4669  -13373.1762  0.3968 
   00230    0.4808  -13390.4591  0.3987 
   00231    0.4650  -13382.5865  0.3976 
   00232    0.4547  -13384.3563  0.3938 
   00233    0.4408  -13404.5889  0.3943 
   00234    0.4689  -13408.0065  0.3941 
   00235    0.4856  -13379.3807  0.3959 
   00236    0.4539  -13395.0097  0.3952 
   00237    0.4614  -13381.5817  0.3950 
   00238    0.4783  -13382.3944  0.3963 
   00239    0.4856  -13396.5846  0.3993 
   00240    0.4681  -13400.2257  0.4025 
   00241    0.4650  -13397.8191  0.4048 
   00242    0.4658  -13413.7341  0.4049 
   00243    0.4661  -13428.0542  0.4046 
   00244    0.4592  -13402.0487  0.4035 
   00245    0.4703  -13423.1564  0.4033 
   00246    0.4633  -13404.7979  0.4052 
   00247    0.4711  -13420.5168  0.4045 
   00248    0.4583  -13410.9459  0.4057 
   00249    0.4611  -13417.8786  0.4058 
   00250    0.4586  -13393.4188  0.4037 
   00251    0.4647  -13399.2898  0.4062 
   00252    0.4550  -13405.4476  0.4050 
   00253    0.4619  -13400.3593  0.4083 
   00254    0.4561  -13401.3551  0.4084 
   00255    0.4706  -13408.3520  0.4091 
   00256    0.4678  -13435.7514  0.4088 
   00257    0.4822  -13454.7546  0.4141 
   00258    0.4736  -13444.8408  0.4157 
   00259    0.4550  -13447.4642  0.4169 
   00260    0.4578  -13440.4180  0.4170 
   00261    0.4550  -13426.4295  0.4174 
   00262    0.4742  -13432.4271  0.4177 
   00263    0.4814  -13432.4326  0.4188 
   00264    0.4631  -13423.7329  0.4185 
   00265    0.4819  -13419.2340  0.4209 
   00266    0.4675  -13427.0323  0.4204 
   00267    0.4739  -13417.7994  0.4204 
   00268    0.4642  -13419.0186  0.4174 
   00269    0.4578  -13420.4788  0.4161 
   00270    0.4694  -13425.9828  0.4148 
   00271    0.4669  -13411.1448  0.4144 
   00272    0.4686  -13425.2039  0.4152 
   00273    0.4647  -13418.5167  0.4149 
   00274    0.4750  -13427.0643  0.4158 
   00275    0.4664  -13431.4482  0.4164 
   00276    0.4653  -13430.3952  0.4147 
   00277    0.4731  -13412.3519  0.4146 
   00278    0.4711  -13406.0737  0.4167 
   00279    0.4528  -13429.1049  0.4149 
   00280    0.4661  -13422.7135  0.4160 
   00281    0.4675  -13417.6376  0.4178 
   00282    0.4772  -13420.9586  0.4181 
   00283    0.4611  -13430.2658  0.4160 
   00284    0.4622  -13442.6093  0.4142 
   00285    0.4547  -13418.1347  0.4158 
   00286    0.4544  -13412.9043  0.4170 
   00287    0.4714  -13417.3124  0.4144 
   00288    0.4569  -13413.0572  0.4153 
   00289    0.4547  -13429.7041  0.4181 
   00290    0.4758  -13427.3384  0.4212 
   00291    0.4675  -13413.6798  0.4219 
   00292    0.4656  -13419.8613  0.4213 
   00293    0.4353  -13416.4810  0.4197 
   00294    0.4594  -13423.2352  0.4205 
   00295    0.4583  -13438.4824  0.4183 
   00296    0.4722  -13431.8002  0.4189 
   00297    0.4836  -13420.7861  0.4174 
   00298    0.4761  -13447.6247  0.4181 
   00299    0.4708  -13455.1517  0.4152 
   00300    0.4575  -13431.2685  0.4138 
   00301    0.4553  -13413.8235  0.4143 
   00302    0.4522  -13406.5643  0.4150 
   00303    0.4608  -13413.8148  0.4175 
   00304    0.4578  -13421.3776  0.4179 
   00305    0.4589  -13414.9540  0.4131 
   00306    0.4625  -13429.4318  0.4145 
   00307    0.4564  -13438.9131  0.4166 
   00308    0.4708  -13449.1996  0.4128 
   00309    0.4633  -13463.7263  0.4104 
   00310    0.4600  -13458.7616  0.4105 
   00311    0.4825  -13470.7520  0.4122 
   00312    0.4756  -13449.7469  0.4102 
   00313    0.4533  -13458.3904  0.4115 
   00314    0.4661  -13457.3322  0.4123 
   00315    0.4486  -13469.5623  0.4116 
   00316    0.4800  -13468.4563  0.4143 
   00317    0.4631  -13478.7715  0.4136 
   00318    0.4572  -13476.8528  0.4146 
   00319    0.4583  -13459.8721  0.4148 
   00320    0.4675  -13465.5366  0.4172 
   00321    0.4658  -13469.1455  0.4184 
   00322    0.4547  -13463.7345  0.4195 
   00323    0.4683  -13442.6750  0.4175 
   00324    0.4594  -13420.9026  0.4178 
   00325    0.4722  -13424.5826  0.4183 
   00326    0.4689  -13435.3752  0.4214 
   00327    0.4653  -13429.2949  0.4201 
   00328    0.4503  -13452.8369  0.4223 
   00329    0.4617  -13441.3172  0.4223 
   00330    0.4747  -13416.9029  0.4167 
   00331    0.4636  -13432.7385  0.4176 
   00332    0.4703  -13434.0434  0.4188 
   00333    0.4525  -13432.5673  0.4216 
   00334    0.4678  -13435.7896  0.4279 
   00335    0.4789  -13421.0942  0.4257 
   00336    0.4769  -13449.1793  0.4276 
   00337    0.4742  -13419.5798  0.4267 
   00338    0.4733  -13441.8809  0.4274 
   00339    0.4578  -13407.1443  0.4262 
   00340    0.4775  -13404.0932  0.4279 
   00341    0.4572  -13425.2755  0.4267 
   00342    0.4594  -13438.1408  0.4247 
   00343    0.4569  -13456.0752  0.4288 
   00344    0.4725  -13459.0678  0.4303 
   00345    0.4739  -13458.1853  0.4292 
   00346    0.4556  -13445.7192  0.4293 
   00347    0.4578  -13450.2458  0.4308 
   00348    0.4803  -13467.8740  0.4331 
   00349    0.4503  -13473.4278  0.4304 
   00350    0.4883  -13486.6112  0.4303 
   00351    0.4511  -13484.0027  0.4318 
   00352    0.4817  -13469.4615  0.4310 
   00353    0.4617  -13481.3537  0.4306 
   00354    0.4553  -13467.4082  0.4331 
   00355    0.4639  -13466.0665  0.4318 
   00356    0.4611  -13461.8134  0.4328 
   00357    0.4514  -13454.6662  0.4321 
   00358    0.4636  -13478.0724  0.4349 
   00359    0.4719  -13479.1709  0.4311 
   00360    0.4514  -13460.7973  0.4301 
   00361    0.4656  -13464.0065  0.4270 
   00362    0.4703  -13448.9489  0.4273 
   00363    0.4561  -13457.9466  0.4269 
   00364    0.4764  -13461.3049  0.4291 
   00365    0.4722  -13449.5119  0.4301 
   00366    0.4594  -13447.6280  0.4343 
   00367    0.4625  -13459.4464  0.4351 
   00368    0.4792  -13469.2104  0.4328 
   00369    0.4731  -13461.3798  0.4334 
   00370    0.4636  -13467.5454  0.4305 
   00371    0.4500  -13468.7267  0.4278 
   00372    0.4553  -13489.6101  0.4280 
   00373    0.4689  -13474.1460  0.4300 
   00374    0.4500  -13477.3646  0.4267 
   00375    0.4625  -13486.0361  0.4262 
   00376    0.4697  -13482.4323  0.4265 
   00377    0.4703  -13476.2476  0.4271 
   00378    0.4564  -13464.4369  0.4268 
   00379    0.4878  -13455.7371  0.4267 
   00380    0.4642  -13459.1906  0.4302 
   00381    0.4736  -13454.2468  0.4300 
   00382    0.4714  -13434.8352  0.4270 
   00383    0.4572  -13469.0444  0.4282 
   00384    0.4733  -13476.3509  0.4309 
   00385    0.4781  -13453.2459  0.4285 
   00386    0.4769  -13470.1860  0.4280 
   00387    0.4528  -13471.5950  0.4272 
   00388    0.4603  -13484.8907  0.4267 
   00389    0.4622  -13480.4844  0.4257 
   00390    0.4728  -13480.2233  0.4232 
   00391    0.4708  -13452.5643  0.4206 
   00392    0.4806  -13454.7451  0.4202 
   00393    0.4664  -13456.9794  0.4213 
   00394    0.4731  -13449.1733  0.4220 
   00395    0.4617  -13450.9341  0.4239 
   00396    0.4717  -13450.3000  0.4240 
   00397    0.4772  -13443.9148  0.4222 
   00398    0.4556  -13466.3575  0.4216 
   00399    0.4486  -13465.9855  0.4223 
   00400    0.4592  -13459.5671  0.4238 
   00401    0.4572  -13462.7009  0.4250 
   00402    0.4561  -13457.0839  0.4273 
   00403    0.4594  -13466.1215  0.4271 
   00404    0.4586  -13443.7501  0.4224 
   00405    0.4694  -13435.5490  0.4245 
   00406    0.4756  -13481.6712  0.4267 
   00407    0.4569  -13467.5322  0.4279 
   00408    0.4647  -13456.4973  0.4265 
   00409    0.4739  -13459.6663  0.4275 
   00410    0.4733  -13478.8149  0.4294 
   00411    0.4558  -13479.7221  0.4278 
   00412    0.4672  -13480.4724  0.4299 
   00413    0.4531  -13475.5891  0.4315 
   00414    0.4775  -13480.8100  0.4274 
   00415    0.4669  -13464.7071  0.4252 
   00416    0.4728  -13479.5549  0.4249 
   00417    0.4586  -13460.7229  0.4227 
   00418    0.4731  -13455.1765  0.4273 
   00419    0.4625  -13458.5359  0.4293 
   00420    0.4544  -13456.6050  0.4292 
   00421    0.4703  -13463.2592  0.4257 
   00422    0.4725  -13465.2893  0.4236 
   00423    0.4739  -13475.1153  0.4257 
   00424    0.4592  -13447.3990  0.4226 
   00425    0.4800  -13441.9516  0.4202 
   00426    0.4708  -13467.8200  0.4247 
   00427    0.4567  -13489.3435  0.4252 
   00428    0.4667  -13482.4581  0.4277 
   00429    0.4556  -13478.2361  0.4280 
   00430    0.4650  -13461.1520  0.4281 
   00431    0.4639  -13453.1383  0.4258 
   00432    0.4633  -13470.4239  0.4258 
   00433    0.4475  -13457.6106  0.4272 
   00434    0.4683  -13470.3369  0.4270 
   00435    0.4756  -13459.5583  0.4322 
   00436    0.4800  -13468.6552  0.4358 
   00437    0.4628  -13478.1035  0.4360 
   00438    0.4647  -13493.5647  0.4398 
   00439    0.4808  -13476.6140  0.4384 
   00440    0.4736  -13483.9713  0.4379 
   00441    0.4742  -13501.3723  0.4382 
   00442    0.4500  -13490.4877  0.4373 
   00443    0.4647  -13476.7225  0.4385 
   00444    0.4672  -13466.9731  0.4429 
   00445    0.4658  -13475.0679  0.4392 
   00446    0.4617  -13488.8135  0.4347 
   00447    0.4644  -13488.6778  0.4346 
   00448    0.4606  -13490.5540  0.4335 
   00449    0.4678  -13486.1657  0.4368 
   00450    0.4733  -13477.2645  0.4376 
   00451    0.4600  -13483.4234  0.4380 
   00452    0.4667  -13508.6917  0.4408 
   00453    0.4603  -13506.2082  0.4405 
   00454    0.4681  -13513.6000  0.4394 
   00455    0.4747  -13506.1142  0.4403 
   00456    0.4453  -13494.8581  0.4395 
   00457    0.4717  -13504.4822  0.4436 
   00458    0.4728  -13512.0587  0.4456 
   00459    0.4728  -13507.5145  0.4451 
   00460    0.4658  -13510.4725  0.4465 
   00461    0.4564  -13530.5909  0.4480 
   00462    0.4578  -13507.8169  0.4509 
   00463    0.4692  -13490.7819  0.4512 
   00464    0.4533  -13509.3085  0.4553 
   00465    0.4614  -13508.9907  0.4541 
   00466    0.4583  -13505.6193  0.4537 
   00467    0.4600  -13483.7939  0.4535 
   00468    0.4667  -13505.4055  0.4507 
   00469    0.4586  -13512.5124  0.4483 
   00470    0.4744  -13520.8351  0.4493 
   00471    0.4706  -13482.8759  0.4483 
   00472    0.4672  -13474.1192  0.4539 
   00473    0.4600  -13476.1476  0.4564 
   00474    0.4447  -13480.1040  0.4537 
   00475    0.4606  -13466.7642  0.4553 
   00476    0.4625  -13474.1622  0.4585 
   00477    0.4711  -13458.3691  0.4584 
   00478    0.4708  -13484.7145  0.4594 
   00479    0.4717  -13482.5496  0.4601 
   00480    0.4539  -13486.5752  0.4638 
   00481    0.4658  -13486.3482  0.4628 
   00482    0.4622  -13474.6753  0.4669 
   00483    0.4589  -13480.5547  0.4656 
   00484    0.4714  -13481.4389  0.4601 
   00485    0.4711  -13478.4364  0.4601 
   00486    0.4553  -13457.2697  0.4580 
   00487    0.4711  -13478.1742  0.4593 
   00488    0.4656  -13483.8876  0.4635 
   00489    0.4600  -13499.9482  0.4627 
   00490    0.4661  -13513.7269  0.4621 
   00491    0.4578  -13504.7911  0.4624 
   00492    0.4742  -13516.8060  0.4653 
   00493    0.4567  -13499.4298  0.4650 
   00494    0.4517  -13502.4024  0.4656 
   00495    0.4678  -13502.6123  0.4631 
   00496    0.4594  -13515.4001  0.4641 
   00497    0.4617  -13496.8664  0.4619 
   00498    0.4544  -13499.9581  0.4618 
   00499    0.4661  -13507.9467  0.4631 
   00500    0.4731  -13507.0294  0.4615 
   00501    0.4606  -13491.5624  0.4595 
   00502    0.4725  -13496.3796  0.4569 
   00503    0.4592  -13480.1513  0.4571 
   00504    0.4636  -13480.5456  0.4568 
   00505    0.4656  -13493.2644  0.4576 
   00506    0.4608  -13488.0493  0.4617 
   00507    0.4683  -13494.9830  0.4626 
   00508    0.4608  -13497.8134  0.4677 
   00509    0.4694  -13490.2278  0.4703 
   00510    0.4606  -13484.2793  0.4717 
   00511    0.4689  -13490.9362  0.4702 
   00512    0.4708  -13490.3308  0.4688 
   00513    0.4683  -13481.0937  0.4654 
   00514    0.4494  -13469.8822  0.4647 
   00515    0.4578  -13471.4378  0.4658 
   00516    0.4667  -13486.4638  0.4679 
   00517    0.4611  -13510.4396  0.4657 
   00518    0.4622  -13507.0648  0.4673 
   00519    0.4681  -13490.9226  0.4641 
   00520    0.4564  -13482.3152  0.4664 
   00521    0.4650  -13490.9460  0.4668 
   00522    0.4750  -13481.6082  0.4676 
   00523    0.4636  -13485.3606  0.4647 
   00524    0.4714  -13484.4594  0.4643 
   00525    0.4550  -13493.1184  0.4650 
   00526    0.4647  -13496.1910  0.4627 
   00527    0.4506  -13503.1325  0.4632 
   00528    0.4672  -13494.5333  0.4647 
   00529    0.4572  -13491.3045  0.4661 
   00530    0.4767  -13489.5803  0.4660 
   00531    0.4772  -13474.3211  0.4655 
   00532    0.4619  -13479.6908  0.4623 
   00533    0.4728  -13473.3275  0.4624 
   00534    0.4633  -13487.6765  0.4656 
   00535    0.4581  -13483.2913  0.4625 
   00536    0.4739  -13488.4299  0.4581 
   00537    0.4692  -13516.9805  0.4560 
   00538    0.4628  -13507.1692  0.4548 
   00539    0.4814  -13498.7699  0.4549 
   00540    0.4606  -13500.7829  0.4560 
   00541    0.4708  -13482.9485  0.4562 
   00542    0.4633  -13492.9045  0.4549 
   00543    0.4747  -13488.5797  0.4545 
   00544    0.4614  -13478.5958  0.4518 
   00545    0.4764  -13497.0149  0.4522 
   00546    0.4597  -13467.8061  0.4528 
   00547    0.4450  -13474.2130  0.4525 
   00548    0.4636  -13480.3127  0.4506 
   00549    0.4672  -13472.4445  0.4512 
   00550    0.4625  -13472.2567  0.4461 
   00551    0.4792  -13489.4491  0.4469 
   00552    0.4542  -13481.0689  0.4471 
   00553    0.4692  -13489.6449  0.4462 
   00554    0.4542  -13472.5738  0.4477 
   00555    0.4717  -13477.0139  0.4504 
   00556    0.4794  -13462.8168  0.4513 
   00557    0.4808  -13470.2556  0.4532 
   00558    0.4700  -13484.0155  0.4519 
   00559    0.4556  -13487.9691  0.4522 
   00560    0.4425  -13509.0225  0.4495 
   00561    0.4639  -13511.8971  0.4507 
   00562    0.4600  -13524.4015  0.4511 
   00563    0.4550  -13519.5986  0.4524 
   00564    0.4650  -13525.9533  0.4547 
   00565    0.4647  -13532.0606  0.4580 
   00566    0.4672  -13525.5504  0.4575 
   00567    0.4833  -13506.0220  0.4585 
   00568    0.4539  -13514.0118  0.4603 
   00569    0.4653  -13517.2558  0.4607 
   00570    0.4578  -13517.2339  0.4618 
   00571    0.4672  -13514.4313  0.4599 
   00572    0.4728  -13505.8042  0.4611 
   00573    0.4633  -13532.9834  0.4601 
   00574    0.4789  -13511.4557  0.4613 
   00575    0.4611  -13518.0142  0.4612 
   00576    0.4767  -13513.3141  0.4612 
   00577    0.4847  -13520.3894  0.4637 
   00578    0.4775  -13519.6013  0.4612 
   00579    0.4528  -13497.8313  0.4605 
   00580    0.4656  -13502.0527  0.4582 
   00581    0.4672  -13525.1783  0.4578 
   00582    0.4586  -13536.2319  0.4596 
   00583    0.4850  -13523.4688  0.4590 
   00584    0.4603  -13547.5811  0.4595 
   00585    0.4700  -13538.8159  0.4638 
   00586    0.4694  -13525.2288  0.4624 
   00587    0.4722  -13518.7637  0.4626 
   00588    0.4781  -13531.9582  0.4614 
   00589    0.4669  -13529.6270  0.4571 
   00590    0.4711  -13528.7825  0.4542 
   00591    0.4633  -13512.7050  0.4560 
   00592    0.4761  -13517.0656  0.4534 
   00593    0.4703  -13536.0751  0.4531 
   00594    0.4547  -13533.6091  0.4529 
   00595    0.4672  -13539.7865  0.4558 
   00596    0.4556  -13554.5740  0.4546 
   00597    0.4564  -13566.3972  0.4550 
   00598    0.4650  -13567.6976  0.4537 
   00599    0.4636  -13565.6239  0.4550 
   00600    0.4522  -13527.4152  0.4515 
   00601    0.4731  -13520.5014  0.4528 
   00602    0.4603  -13520.1168  0.4518 
   00603    0.4547  -13527.2524  0.4509 
   00604    0.4725  -13504.2610  0.4509 
   00605    0.4778  -13517.2718  0.4523 
   00606    0.4622  -13510.1683  0.4512 
   00607    0.4642  -13516.8452  0.4483 
   00608    0.4583  -13504.5089  0.4499 
   00609    0.4556  -13502.5228  0.4523 
   00610    0.4600  -13487.4829  0.4559 
   00611    0.4642  -13510.1870  0.4564 
   00612    0.4564  -13514.0572  0.4557 
   00613    0.4783  -13505.2554  0.4546 
   00614    0.4700  -13505.0543  0.4567 
   00615    0.4681  -13513.6532  0.4571 
   00616    0.4697  -13527.9041  0.4586 
   00617    0.4728  -13531.3103  0.4593 
   00618    0.4547  -13538.0702  0.4581 
   00619    0.4433  -13548.9964  0.4583 
   00620    0.4744  -13560.2397  0.4600 
   00621    0.4697  -13542.9307  0.4590 
   00622    0.4600  -13516.0873  0.4582 
   00623    0.4819  -13527.1591  0.4557 
   00624    0.4714  -13523.5732  0.4539 
   00625    0.4681  -13525.3864  0.4537 
   00626    0.4858  -13528.9555  0.4545 
   00627    0.4708  -13513.5602  0.4544 
   00628    0.4567  -13512.5411  0.4543 
   00629    0.4742  -13513.4199  0.4549 
   00630    0.4603  -13545.6456  0.4571 
   00631    0.4508  -13544.3779  0.4566 
   00632    0.4639  -13538.0749  0.4584 
   00633    0.4622  -13540.4545  0.4584 
   00634    0.4556  -13518.6808  0.4547 
   00635    0.4647  -13540.8619  0.4553 
   00636    0.4606  -13552.1259  0.4562 
   00637    0.4539  -13531.2538  0.4585 
   00638    0.4583  -13510.9083  0.4611 
   00639    0.4664  -13509.3289  0.4636 
   00640    0.4642  -13519.4456  0.4621 
   00641    0.4639  -13501.5026  0.4653 
   00642    0.4522  -13526.5014  0.4703 
   00643    0.4611  -13539.7738  0.4725 
   00644    0.4647  -13522.4410  0.4767 
   00645    0.4614  -13522.4593  0.4774 
   00646    0.4619  -13536.7712  0.4831 
   00647    0.4508  -13535.0288  0.4815 
   00648    0.4606  -13538.1645  0.4816 
   00649    0.4525  -13524.5684  0.4809 
   00650    0.4597  -13522.7471  0.4776 
   00651    0.4661  -13521.5214  0.4793 
   00652    0.4658  -13542.2962  0.4804 
   00653    0.4531  -13532.6512  0.4789 
   00654    0.4581  -13530.3497  0.4800 
   00655    0.4739  -13556.5784  0.4801 
   00656    0.4658  -13546.8061  0.4805 
   00657    0.4561  -13535.9152  0.4819 
   00658    0.4686  -13535.3983  0.4843 
   00659    0.4761  -13528.1862  0.4841 
   00660    0.4761  -13527.7977  0.4835 
   00661    0.4703  -13520.1095  0.4836 
   00662    0.4667  -13512.4471  0.4884 
   00663    0.4653  -13510.5618  0.4861 
   00664    0.4656  -13500.4577  0.4841 
   00665    0.4736  -13513.4230  0.4840 
   00666    0.4761  -13524.3946  0.4836 
   00667    0.4575  -13545.6519  0.4849 
   00668    0.4628  -13544.5428  0.4836 
   00669    0.4517  -13521.8854  0.4819 
   00670    0.4669  -13515.2790  0.4824 
   00671    0.4664  -13521.9468  0.4830 
   00672    0.4617  -13516.9424  0.4826 
   00673    0.4564  -13502.8025  0.4826 
   00674    0.4597  -13502.0409  0.4853 
   00675    0.4856  -13516.7449  0.4860 
   00676    0.4708  -13536.4818  0.4861 
   00677    0.4542  -13542.5060  0.4903 
   00678    0.4608  -13534.0508  0.4887 
   00679    0.4664  -13520.0927  0.4875 
   00680    0.4767  -13492.1402  0.4857 
   00681    0.4603  -13503.4938  0.4839 
   00682    0.4703  -13516.5854  0.4843 
   00683    0.4647  -13519.7395  0.4856 
   00684    0.4692  -13548.2658  0.4867 
   00685    0.4522  -13562.4200  0.4882 
   00686    0.4672  -13560.8345  0.4926 
   00687    0.4669  -13547.6118  0.4924 
   00688    0.4647  -13568.3052  0.4924 
   00689    0.4603  -13549.3452  0.4938 
   00690    0.4475  -13560.1148  0.4938 
   00691    0.4644  -13563.5970  0.4981 
   00692    0.4636  -13563.3520  0.5000 
   00693    0.4594  -13553.0210  0.5027 
   00694    0.4558  -13555.2559  0.5002 
   00695    0.4636  -13532.6211  0.4987 
   00696    0.4731  -13540.6155  0.4987 
   00697    0.4594  -13539.6492  0.4987 
   00698    0.4667  -13571.5921  0.4958 
   00699    0.4675  -13569.3036  0.4961 
   00700    0.4581  -13590.3494  0.4938 
   00701    0.4708  -13576.4637  0.4953 
   00702    0.4622  -13551.2815  0.4930 
   00703    0.4639  -13546.9249  0.4885 
   00704    0.4569  -13577.0641  0.4906 
   00705    0.4672  -13566.0421  0.4915 
   00706    0.4569  -13582.3035  0.4926 
   00707    0.4647  -13582.8286  0.4928 
   00708    0.4606  -13582.5944  0.4911 
   00709    0.4700  -13569.8970  0.4905 
   00710    0.4756  -13563.7575  0.4918 
   00711    0.4617  -13578.3949  0.4931 
   00712    0.4525  -13567.8599  0.4924 
   00713    0.4425  -13566.5923  0.4910 
   00714    0.4686  -13569.6601  0.4888 
   00715    0.4669  -13584.3918  0.4916 
   00716    0.4383  -13593.9155  0.4927 
   00717    0.4681  -13604.2852  0.4918 
   00718    0.4711  -13601.1522  0.4897 
   00719    0.4461  -13584.8402  0.4872 
   00720    0.4564  -13559.2889  0.4858 
   00721    0.4750  -13571.1865  0.4878 
   00722    0.4561  -13566.0455  0.4877 
   00723    0.4619  -13570.5428  0.4862 
   00724    0.4731  -13580.6768  0.4845 
   00725    0.4486  -13560.2576  0.4842 
   00726    0.4564  -13577.7327  0.4868 
   00727    0.4567  -13579.8583  0.4867 
   00728    0.4758  -13563.3236  0.4820 
   00729    0.4664  -13559.0266  0.4811 
   00730    0.4767  -13548.9101  0.4756 
   00731    0.4767  -13547.6502  0.4751 
   00732    0.4594  -13538.7220  0.4770 
   00733    0.4581  -13535.0816  0.4773 
   00734    0.4703  -13528.0401  0.4763 
   00735    0.4522  -13530.1406  0.4767 
   00736    0.4669  -13552.4208  0.4781 
   00737    0.4700  -13556.2022  0.4759 
   00738    0.4589  -13559.5044  0.4751 
   00739    0.4600  -13557.9243  0.4745 
   00740    0.4772  -13559.5515  0.4740 
   00741    0.4594  -13571.1764  0.4756 
   00742    0.4603  -13575.2636  0.4777 
   00743    0.4597  -13579.7287  0.4764 
   00744    0.4803  -13554.2682  0.4764 
   00745    0.4606  -13551.1565  0.4769 
   00746    0.4683  -13571.5460  0.4791 
   00747    0.4692  -13563.3232  0.4798 
   00748    0.4733  -13577.0770  0.4804 
   00749    0.4572  -13589.7675  0.4789 
   00750    0.4550  -13580.0038  0.4807 
   00751    0.4617  -13578.7769  0.4827 
   00752    0.4639  -13558.4056  0.4821 
   00753    0.4561  -13549.4558  0.4819 
   00754    0.4692  -13551.9094  0.4848 
   00755    0.4631  -13564.8736  0.4845 
   00756    0.4603  -13553.1507  0.4842 
   00757    0.4497  -13553.7301  0.4841 
   00758    0.4683  -13556.9102  0.4844 
   00759    0.4731  -13554.7427  0.4819 
   00760    0.4564  -13542.5136  0.4792 
   00761    0.4528  -13544.6942  0.4781 
   00762    0.4619  -13551.5842  0.4790 
   00763    0.4483  -13552.2437  0.4819 
   00764    0.4589  -13573.4628  0.4822 
   00765    0.4603  -13577.3859  0.4857 
   00766    0.4664  -13591.8476  0.4886 
   00767    0.4656  -13590.9849  0.4909 
   00768    0.4581  -13593.4322  0.4916 
   00769    0.4519  -13575.9043  0.4916 
   00770    0.4714  -13569.3615  0.4910 
   00771    0.4753  -13569.3598  0.4920 
   00772    0.4636  -13569.7170  0.4933 
   00773    0.4606  -13568.1867  0.4924 
   00774    0.4644  -13576.9800  0.4913 
   00775    0.4656  -13547.5589  0.4879 
   00776    0.4556  -13548.1488  0.4871 
   00777    0.4544  -13555.8783  0.4854 
   00778    0.4689  -13578.1447  0.4867 
   00779    0.4578  -13567.3647  0.4897 
   00780    0.4731  -13577.3059  0.4909 
   00781    0.4592  -13564.5677  0.4910 
   00782    0.4569  -13545.5873  0.4910 
   00783    0.4536  -13562.5155  0.4929 
   00784    0.4542  -13545.2550  0.4897 
   00785    0.4656  -13542.0482  0.4854 
   00786    0.4592  -13545.4942  0.4880 
   00787    0.4553  -13560.8450  0.4925 
   00788    0.4575  -13567.4689  0.4913 
   00789    0.4603  -13579.1759  0.4899 
   00790    0.4528  -13580.2307  0.4879 
   00791    0.4472  -13563.7205  0.4856 
   00792    0.4689  -13558.3470  0.4874 
   00793    0.4525  -13585.3776  0.4885 
   00794    0.4786  -13586.4377  0.4891 
   00795    0.4756  -13597.3897  0.4861 
   00796    0.4731  -13551.8389  0.4855 
   00797    0.4697  -13574.7446  0.4864 
   00798    0.4619  -13588.5598  0.4851 
   00799    0.4711  -13586.6592  0.4814 
   00800    0.4706  -13568.3739  0.4849 
   00801    0.4539  -13564.1960  0.4832 
   00802    0.4592  -13561.5889  0.4856 
   00803    0.4653  -13566.9492  0.4890 
   00804    0.4594  -13551.4415  0.4879 
   00805    0.4578  -13565.1945  0.4869 
   00806    0.4561  -13568.2275  0.4854 
   00807    0.4678  -13583.0681  0.4849 
   00808    0.4536  -13549.4023  0.4866 
   00809    0.4386  -13574.9120  0.4874 
   00810    0.4708  -13567.8842  0.4926 
   00811    0.4756  -13562.5676  0.4917 
   00812    0.4650  -13543.8491  0.4912 
   00813    0.4781  -13573.9624  0.4929 
   00814    0.4669  -13577.1811  0.4936 
   00815    0.4717  -13578.5546  0.4939 
   00816    0.4708  -13568.6274  0.4942 
   00817    0.4508  -13582.3035  0.4943 
   00818    0.4369  -13564.3172  0.4960 
   00819    0.4586  -13569.1990  0.4969 
   00820    0.4650  -13565.2720  0.4936 
   00821    0.4636  -13551.4418  0.4931 
   00822    0.4597  -13558.9667  0.4907 
   00823    0.4667  -13560.6609  0.4940 
   00824    0.4597  -13556.9156  0.4908 
   00825    0.4631  -13574.5589  0.4899 
   00826    0.4536  -13581.8619  0.4898 
   00827    0.4628  -13587.4613  0.4897 
   00828    0.4594  -13587.4059  0.4925 
   00829    0.4758  -13603.9764  0.4961 
   00830    0.4533  -13595.9439  0.4983 
   00831    0.4550  -13597.8667  0.4982 
   00832    0.4622  -13579.4596  0.5003 
   00833    0.4642  -13596.3438  0.5033 
   00834    0.4642  -13586.7829  0.5028 
   00835    0.4461  -13566.5289  0.5037 
   00836    0.4561  -13557.0876  0.5056 
   00837    0.4694  -13556.8426  0.5052 
   00838    0.4586  -13552.6851  0.5021 
   00839    0.4642  -13557.1668  0.5051 
   00840    0.4636  -13564.8352  0.5073 
   00841    0.4708  -13561.3365  0.5031 
   00842    0.4647  -13568.0763  0.5004 
   00843    0.4661  -13583.3125  0.5037 
   00844    0.4625  -13592.4342  0.5045 
   00845    0.4617  -13581.0154  0.5040 
   00846    0.4703  -13572.7968  0.5075 
   00847    0.4683  -13579.2706  0.5094 
   00848    0.4653  -13577.1220  0.5110 
   00849    0.4664  -13580.3427  0.5138 
   00850    0.4608  -13587.1419  0.5115 
   00851    0.4767  -13613.7072  0.5078 
   00852    0.4639  -13600.1015  0.5072 
   00853    0.4678  -13582.2626  0.5097 
   00854    0.4500  -13580.8818  0.5078 
   00855    0.4614  -13580.4310  0.5038 
   00856    0.4647  -13590.5620  0.5019 
   00857    0.4561  -13592.8548  0.5022 
   00858    0.4644  -13581.3262  0.5016 
   00859    0.4542  -13565.1947  0.5001 
   00860    0.4642  -13566.1456  0.4978 
   00861    0.4667  -13573.0409  0.4965 
   00862    0.4825  -13570.1417  0.4968 
   00863    0.4575  -13557.7167  0.4954 
   00864    0.4658  -13553.8067  0.4975 
   00865    0.4728  -13567.1465  0.4977 
   00866    0.4603  -13566.8321  0.4986 
   00867    0.4667  -13563.0699  0.4990 
   00868    0.4700  -13561.0550  0.4995 
   00869    0.4728  -13574.0321  0.5013 
   00870    0.4625  -13566.8265  0.4995 
   00871    0.4622  -13571.1328  0.5035 
   00872    0.4778  -13566.4521  0.5020 
   00873    0.4667  -13572.1822  0.5059 
   00874    0.4689  -13556.0848  0.5035 
   00875    0.4733  -13549.6493  0.5052 
   00876    0.4503  -13544.7787  0.5037 
   00877    0.4711  -13554.3081  0.5025 
   00878    0.4581  -13562.8503  0.5038 
   00879    0.4619  -13566.0080  0.5030 
   00880    0.4681  -13573.8523  0.5078 
   00881    0.4636  -13585.1184  0.5116 
   00882    0.4511  -13588.1513  0.5111 
   00883    0.4469  -13583.9667  0.5163 
   00884    0.4517  -13569.2688  0.5236 
   00885    0.4703  -13571.7829  0.5243 
   00886    0.4611  -13564.7991  0.5245 
   00887    0.4625  -13578.9525  0.5273 
   00888    0.4647  -13581.8333  0.5291 
   00889    0.4714  -13571.3679  0.5279 
   00890    0.4581  -13545.7113  0.5302 
   00891    0.4631  -13592.0659  0.5347 
   00892    0.4603  -13571.0753  0.5355 
   00893    0.4694  -13582.7923  0.5357 
   00894    0.4575  -13595.1032  0.5365 
   00895    0.4692  -13592.3294  0.5378 
   00896    0.4606  -13582.6654  0.5359 
   00897    0.4592  -13582.8407  0.5373 
   00898    0.4714  -13567.8454  0.5364 
   00899    0.4542  -13565.7235  0.5387 
   00900    0.4569  -13591.6060  0.5409 
   00901    0.4719  -13596.0355  0.5429 
   00902    0.4539  -13586.5183  0.5446 
   00903    0.4650  -13611.2698  0.5453 
   00904    0.4781  -13586.1969  0.5409 
   00905    0.4622  -13578.1513  0.5407 
   00906    0.4553  -13599.7688  0.5398 
   00907    0.4578  -13599.6387  0.5385 
   00908    0.4739  -13593.1933  0.5407 
   00909    0.4731  -13596.7041  0.5395 
   00910    0.4722  -13594.6424  0.5378 
   00911    0.4664  -13596.4834  0.5375 
   00912    0.4428  -13600.7900  0.5378 
   00913    0.4628  -13607.6550  0.5405 
   00914    0.4581  -13590.8975  0.5404 
   00915    0.4669  -13574.6045  0.5423 
   00916    0.4756  -13599.6167  0.5424 
   00917    0.4564  -13584.5959  0.5442 
   00918    0.4586  -13599.9949  0.5454 
   00919    0.4589  -13604.5775  0.5426 
   00920    0.4667  -13607.4535  0.5427 
   00921    0.4758  -13583.9726  0.5426 
   00922    0.4661  -13599.5306  0.5442 
   00923    0.4486  -13569.0341  0.5418 
   00924    0.4639  -13571.1820  0.5395 
   00925    0.4594  -13558.3466  0.5379 
   00926    0.4775  -13566.3778  0.5396 
   00927    0.4575  -13582.5930  0.5404 
   00928    0.4469  -13592.9665  0.5430 
   00929    0.4683  -13592.9660  0.5424 
   00930    0.4658  -13586.9352  0.5399 
   00931    0.4806  -13592.3431  0.5383 
   00932    0.4550  -13606.8105  0.5369 
   00933    0.4681  -13590.2749  0.5349 
   00934    0.4583  -13590.0811  0.5349 
   00935    0.4517  -13595.2462  0.5361 
   00936    0.4711  -13610.6367  0.5379 
   00937    0.4644  -13616.8819  0.5405 
   00938    0.4492  -13606.8620  0.5381 
   00939    0.4458  -13599.7316  0.5363 
   00940    0.4600  -13611.2400  0.5370 
   00941    0.4750  -13609.3746  0.5376 
   00942    0.4661  -13607.2501  0.5396 
   00943    0.4711  -13617.8367  0.5348 
   00944    0.4592  -13609.8311  0.5406 
   00945    0.4583  -13589.4354  0.5404 
   00946    0.4464  -13595.7328  0.5426 
   00947    0.4675  -13599.2094  0.5393 
   00948    0.4667  -13590.3649  0.5416 
   00949    0.4814  -13597.1414  0.5403 
   00950    0.4778  -13583.0806  0.5390 
   00951    0.4461  -13573.8096  0.5360 
   00952    0.4731  -13577.9807  0.5375 
   00953    0.4658  -13583.2197  0.5379 
   00954    0.4675  -13597.7395  0.5398 
   00955    0.4608  -13582.8152  0.5420 
   00956    0.4508  -13580.4834  0.5419 
   00957    0.4614  -13588.1024  0.5462 
   00958    0.4642  -13610.2184  0.5476 
   00959    0.4697  -13610.7373  0.5483 
   00960    0.4786  -13592.5111  0.5461 
   00961    0.4700  -13576.1354  0.5455 
   00962    0.4461  -13577.4547  0.5475 
   00963    0.4575  -13562.1585  0.5487 
   00964    0.4608  -13580.0181  0.5499 
   00965    0.4686  -13574.9803  0.5465 
   00966    0.4594  -13577.7998  0.5458 
   00967    0.4589  -13594.2555  0.5490 
   00968    0.4658  -13577.1163  0.5496 
   00969    0.4703  -13591.6253  0.5477 
   00970    0.4806  -13591.6892  0.5456 
   00971    0.4569  -13624.5788  0.5469 
   00972    0.4547  -13629.6338  0.5459 
   00973    0.4658  -13615.5015  0.5452 
   00974    0.4572  -13621.2430  0.5475 
   00975    0.4603  -13623.6187  0.5508 
   00976    0.4567  -13633.1663  0.5505 
   00977    0.4547  -13635.4938  0.5501 
   00978    0.4628  -13617.2287  0.5517 
   00979    0.4578  -13605.9309  0.5539 
   00980    0.4558  -13614.5138  0.5529 
   00981    0.4742  -13625.4642  0.5545 
   00982    0.4731  -13619.8703  0.5554 
   00983    0.4656  -13608.7460  0.5524 
   00984    0.4775  -13595.2943  0.5549 
   00985    0.4592  -13597.6926  0.5532 
   00986    0.4511  -13601.9437  0.5505 
   00987    0.4647  -13593.4979  0.5493 
   00988    0.4575  -13591.1193  0.5513 
   00989    0.4639  -13595.3618  0.5517 
   00990    0.4706  -13612.5051  0.5524 
   00991    0.4678  -13623.5507  0.5545 
   00992    0.4567  -13615.9509  0.5544 
   00993    0.4525  -13601.2025  0.5556 
   00994    0.4614  -13604.1170  0.5570 
   00995    0.4653  -13599.4098  0.5584 
   00996    0.4678  -13599.1670  0.5605 
   00997    0.4617  -13595.5342  0.5586 
   00998    0.4614  -13587.7166  0.5577 
   00999    0.4631  -13601.6739  0.5578 
   01000    0.4533  -13592.7097  0.5577 
