#=====================================================
# File created:        Mon-06-Nov-2023-at-12-31-50PM
# Size of lattice:     40x40
# Number of MC steps:  1000
# Reduced temperature: 1.000
# Run time (s):        7.136082
#=====================================================
# MC step:  Ratio:     Energy:   Order:
#=====================================================
   00000    0.5000   -1599.4849  0.2686 
   00001    0.6737   -2480.9212  0.2618 
   00002    0.6088   -2913.6203  0.2854 
   00003    0.5525   -3089.9550  0.2815 
   00004    0.5569   -3215.9895  0.2894 
   00005    0.5319   -3299.0248  0.2636 
   00006    0.5394   -3358.9568  0.2531 
   00007    0.5119   -3503.2802  0.2714 
   00008    0.5231   -3562.3737  0.2760 
   00009    0.4938   -3540.5679  0.2819 
   00010    0.5025   -3505.3186  0.2766 
   00011    0.5319   -3558.4037  0.2769 
   00012    0.5100   -3581.6159  0.2809 
   00013    0.5256   -3547.6160  0.2701 
   00014    0.5119   -3535.1793  0.2747 
   00015    0.5319   -3598.1817  0.2929 
   00016    0.5081   -3610.4952  0.2921 
   00017    0.5094   -3676.7580  0.3018 
   00018    0.5138   -3747.3992  0.2963 
   00019    0.4813   -3762.9191  0.3049 
   00020    0.4906   -3774.2227  0.2957 
   00021    0.4969   -3827.2658  0.3095 
   00022    0.4894   -3851.0565  0.3017 
   00023    0.4781   -3819.6061  0.3014 
   00024    0.4969   -3844.9693  0.3043 
   00025    0.4994   -3856.0040  0.2964 
   00026    0.4731   -3831.8184  0.2850 
   00027    0.4844   -3763.5444  0.2831 
   00028    0.4931   -3776.3680  0.2944 
   00029    0.4675   -3819.2525  0.2958 
   00030    0.4813   -3818.7897  0.2941 
   00031    0.4925   -3703.3601  0.2790 
   00032    0.5112   -3728.3718  0.2599 
   00033    0.4850   -3824.6449  0.2677 
   00034    0.4919   -3760.1651  0.2617 
   00035    0.5062   -3820.1488  0.2531 
   00036    0.4981   -3694.3256  0.2613 
   00037    0.4913   -3698.6771  0.2669 
   00038    0.4844   -3729.0872  0.2667 
   00039    0.4900   -3735.0727  0.2664 
   00040    0.4925   -3789.2367  0.2537 
   00041    0.4913   -3793.3983  0.2630 
   00042    0.4819   -3735.4372  0.2712 
   00043    0.5056   -3717.5517  0.2724 
   00044    0.4950   -3692.5221  0.2748 
   00045    0.5150   -3762.5148  0.2688 
   00046    0.4825   -3718.3174  0.2794 
   00047    0.5081   -3789.6293  0.2713 
   00048    0.4838   -3813.3406  0.2618 
   00049    0.4988   -3815.1747  0.2693 
   00050    0.4969   -3827.3075  0.2647 
   00051    0.5162   -3776.5022  0.2629 
   00052    0.4956   -3794.5101  0.2685 
   00053    0.4863   -3829.2148  0.2664 
   00054    0.4781   -3916.5850  0.2708 
   00055    0.4713   -3904.5510  0.2649 
   00056    0.5150   -3824.3550  0.2731 
   00057    0.4875   -3825.4151  0.2882 
   00058    0.4888   -3748.5289  0.3032 
   00059    0.5056   -3797.1943  0.3105 
   00060    0.4988   -3786.3016  0.2931 
   00061    0.4950   -3796.4351  0.3100 
   00062    0.4863   -3803.7288  0.3089 
   00063    0.4700   -3858.5396  0.3049 
   00064    0.4981   -3925.5578  0.3053 
   00065    0.4850   -3890.1890  0.2998 
   00066    0.4913   -3894.4229  0.3099 
   00067    0.4856   -3791.8004  0.3081 
   00068    0.5231   -3755.6153  0.3013 
   00069    0.4956   -3768.2983  0.3005 
   00070    0.4944   -3821.0879  0.3027 
   00071    0.4644   -3811.3693  0.3071 
   00072    0.4794   -3821.8091  0.3193 
   00073    0.4931   -3826.2327  0.3167 
   00074    0.4831   -3758.9184  0.3198 
   00075    0.5062   -3741.6096  0.3080 
   00076    0.5112   -3742.1385  0.3316 
   00077    0.5056   -3762.5879  0.3398 
   00078    0.4888   -3731.3335  0.3383 
   00079    0.5262   -3718.1248  0.3453 
   00080    0.5262   -3768.4295  0.3430 
   00081    0.5000   -3757.5484  0.3301 
   00082    0.5062   -3826.6649  0.3250 
   00083    0.4813   -3773.4741  0.3303 
   00084    0.5031   -3801.0756  0.3565 
   00085    0.5062   -3742.2885  0.3433 
   00086    0.4856   -3782.4341  0.3409 
   00087    0.4706   -3820.0121  0.3438 
   00088    0.4750   -3777.2393  0.3513 
   00089    0.4850   -3826.9633  0.3748 
   00090    0.4969   -3817.0230  0.3730 
   00091    0.4769   -3796.4794  0.3680 
   00092    0.4913   -3706.3831  0.3555 
   00093    0.5088   -3735.5346  0.3640 
   00094    0.4944   -3755.4883  0.3677 
   00095    0.4931   -3737.3658  0.3473 
   00096    0.5112   -3732.4789  0.3454 
   00097    0.5119   -3717.1563  0.3507 
   00098    0.5162   -3678.0148  0.3454 
   00099    0.5012   -3682.9604  0.3375 
   00100    0.4938   -3753.5300  0.3304 
   00101    0.4794   -3755.5291  0.3454 
   00102    0.5019   -3780.3922  0.3412 
   00103    0.5031   -3756.9413  0.3466 
   00104    0.5100   -3768.4981  0.3328 
   00105    0.4788   -3775.1141  0.3244 
   00106    0.4688   -3736.4534  0.3290 
   00107    0.5038   -3812.8617  0.3376 
   00108    0.4944   -3830.9919  0.3146 
   00109    0.4831   -3800.0568  0.3204 
   00110    0.4981   -3818.1688  0.3175 
   00111    0.4662   -3812.6067  0.3193 
   00112    0.4881   -3804.2322  0.3088 
   00113    0.5038   -3802.9210  0.3214 
   00114    0.4900   -3775.5123  0.3009 
   00115    0.4744   -3812.9401  0.2910 
   00116    0.5006   -3751.6953  0.2994 
   00117    0.4963   -3720.9173  0.2985 
   00118    0.4831   -3762.9775  0.3029 
   00119    0.4944   -3744.6284  0.2869 
   00120    0.4850   -3756.2264  0.2711 
   00121    0.4869   -3725.0922  0.2643 
   00122    0.4925   -3766.5230  0.2657 
   00123    0.4781   -3738.4178  0.2732 
   00124    0.4781   -3889.2827  0.2787 
   00125    0.4944   -3889.7734  0.2751 
   00126    0.4650   -3787.1536  0.2795 
   00127    0.4738   -3743.0893  0.3064 
   00128    0.4963   -3819.2524  0.3018 
   00129    0.4994   -3752.0020  0.2855 
   00130    0.4888   -3715.2884  0.2780 
   00131    0.4969   -3743.7594  0.2756 
   00132    0.5038   -3738.6845  0.2978 
   00133    0.4975   -3790.1754  0.3000 
   00134    0.4900   -3868.6195  0.3053 
   00135    0.4775   -3905.6287  0.3004 
   00136    0.4950   -3899.4573  0.2946 
   00137    0.4781   -3852.1121  0.2959 
   00138    0.4888   -3804.9532  0.2971 
   00139    0.4844   -3876.0320  0.2991 
   00140    0.4938   -3915.8323  0.2931 
   00141    0.5056   -3807.0776  0.2982 
   00142    0.4956   -3780.7884  0.3033 
   00143    0.4819   -3851.7068  0.2969 
   00144    0.4825   -3915.4701  0.3109 
   00145    0.4806   -3885.3919  0.3193 
   00146    0.4800   -3892.0963  0.3168 
   00147    0.4875   -3876.0531  0.3226 
   00148    0.4888   -3885.8250  0.3366 
   00149    0.4713   -3895.6572  0.3296 
   00150    0.4863   -3902.0195  0.3249 
   00151    0.4819   -3875.4186  0.3127 
   00152    0.4662   -3875.6324  0.3193 
   00153    0.4831   -3903.9546  0.3159 
   00154    0.4913   -3825.9329  0.3274 
   00155    0.4981   -3797.9141  0.3254 
   00156    0.4738   -3842.6415  0.3194 
   00157    0.4850   -3828.9206  0.3212 
   00158    0.4831   -3816.3352  0.3231 
   00159    0.4881   -3854.3442  0.3092 
   00160    0.4900   -3850.0476  0.3022 
   00161    0.5019   -3752.8482  0.3031 
   00162    0.4763   -3799.7388  0.2987 
   00163    0.5031   -3794.4985  0.2870 
   00164    0.4981   -3815.0387  0.2873 
   00165    0.4838   -3828.5722  0.2843 
   00166    0.4919   -3808.7477  0.2954 
   00167    0.4944   -3807.6321  0.2915 
   00168    0.4969   -3761.7044  0.2863 
   00169    0.4844   -3749.8614  0.2822 
   00170    0.4606   -3849.6313  0.2817 
   00171    0.4894   -3859.7564  0.2810 
   00172    0.4844   -3826.2336  0.2865 
   00173    0.4850   -3757.2195  0.2980 
   00174    0.5075   -3678.1830  0.2879 
   00175    0.5000   -3709.1186  0.2846 
   00176    0.5387   -3689.9910  0.2809 
   00177    0.5144   -3844.7142  0.2748 
   00178    0.4788   -3891.5000  0.2720 
   00179    0.4631   -3890.4441  0.2681 
   00180    0.4719   -3756.5466  0.2562 
   00181    0.4844   -3755.7957  0.2643 
   00182    0.5125   -3736.8269  0.2593 
   00183    0.4906   -3758.1055  0.2601 
   00184    0.4813   -3752.7286  0.2634 
   00185    0.4888   -3717.7091  0.2704 
   00186    0.4806   -3721.1432  0.2588 
   00187    0.4744   -3806.2001  0.2663 
   00188    0.4988   -3763.7859  0.2616 
   00189    0.4825   -3817.3914  0.2614 
   00190    0.4806   -3823.9852  0.2742 
   00191    0.4919   -3807.4922  0.2776 
   00192    0.5025   -3741.0075  0.2808 
   00193    0.5088   -3762.9719  0.2808 
   00194    0.4775   -3668.5201  0.2758 
   00195    0.4975   -3720.2460  0.2810 
   00196    0.4869   -3738.6782  0.2832 
   00197    0.4888   -3734.5863  0.2724 
   00198    0.4994   -3781.0411  0.2824 
   00199    0.5000   -3757.8750  0.2949 
   00200    0.5088   -3794.6697  0.2896 
   00201    0.4769   -3767.0117  0.2807 
   00202    0.5100   -3831.5703  0.2924 
   00203    0.5031   -3833.7925  0.3092 
   00204    0.4994   -3823.3267  0.3005 
   00205    0.4919   -3776.5774  0.2997 
   00206    0.4750   -3695.5520  0.3035 
   00207    0.5169   -3720.2536  0.3084 
   00208    0.5025   -3760.8793  0.3030 
   00209    0.4881   -3722.1720  0.3017 
   00210    0.5006   -3720.0686  0.3118 
   00211    0.4975   -3727.9789  0.3084 
   00212    0.5075   -3724.3088  0.3294 
   00213    0.5156   -3762.3469  0.3145 
   00214    0.4863   -3774.8968  0.3118 
   00215    0.4863   -3738.5302  0.3287 
   00216    0.5038   -3732.5278  0.3338 
   00217    0.5006   -3737.2211  0.3220 
   00218    0.4838   -3821.4267  0.3334 
   00219    0.4913   -3777.0988  0.3207 
   00220    0.5075   -3829.9286  0.3218 
   00221    0.4800   -3940.4468  0.3245 
   00222    0.4819   -3826.2960  0.3167 
   00223    0.4844   -3873.0047  0.3146 
   00224    0.4950   -3851.8624  0.3186 
   00225    0.4888   -3860.7735  0.3192 
   00226    0.4988   -3906.1902  0.3202 
   00227    0.4688   -3897.0529  0.3018 
   00228    0.4981   -3745.5072  0.3004 
   00229    0.4981   -3751.9070  0.3173 
   00230    0.5206   -3769.1994  0.3177 
   00231    0.4931   -3716.8245  0.3216 
   00232    0.5138   -3679.4669  0.2955 
   00233    0.5169   -3613.0373  0.2783 
   00234    0.5337   -3656.8624  0.2548 
   00235    0.4988   -3628.0522  0.2586 
   00236    0.4838   -3628.6679  0.2754 
   00237    0.5056   -3706.5788  0.2950 
   00238    0.4938   -3680.6662  0.3039 
   00239    0.4813   -3707.7009  0.3043 
   00240    0.4813   -3702.1694  0.2988 
   00241    0.5119   -3759.7733  0.2766 
   00242    0.4894   -3755.9910  0.2788 
   00243    0.4894   -3721.7878  0.2732 
   00244    0.4931   -3782.5205  0.2836 
   00245    0.5094   -3758.5703  0.2760 
   00246    0.4925   -3802.4821  0.2837 
   00247    0.4863   -3768.5439  0.2642 
   00248    0.4956   -3765.4043  0.2839 
   00249    0.4856   -3843.1310  0.2764 
   00250    0.5025   -3924.0993  0.2784 
   00251    0.4819   -3913.2780  0.2846 
   00252    0.4688   -3875.9606  0.2865 
   00253    0.4906   -3830.7867  0.2664 
   00254    0.4906   -3884.6700  0.2763 
   00255    0.4881   -3852.9761  0.2777 
   00256    0.4850   -3778.3827  0.2667 
   00257    0.4675   -3783.9885  0.2664 
   00258    0.5025   -3745.6218  0.2608 
   00259    0.4850   -3743.9097  0.2584 
   00260    0.5106   -3725.5955  0.2573 
   00261    0.5181   -3683.6683  0.2639 
   00262    0.4938   -3751.3757  0.2552 
   00263    0.5075   -3719.2291  0.2646 
   00264    0.4756   -3721.2513  0.2594 
   00265    0.4875   -3677.9837  0.2764 
   00266    0.5200   -3632.2923  0.2771 
   00267    0.5075   -3659.5949  0.2738 
   00268    0.5088   -3642.9606  0.2748 
   00269    0.4850   -3610.4153  0.2776 
   00270    0.5112   -3689.1183  0.2762 
   00271    0.4838   -3681.7653  0.2946 
   00272    0.4950   -3727.7442  0.2949 
   00273    0.4688   -3718.4068  0.3024 
   00274    0.4781   -3729.3376  0.3090 
   00275    0.5031   -3668.2903  0.3055 
   00276    0.4794   -3739.7010  0.3060 
   00277    0.5025   -3657.3248  0.2974 
   00278    0.4956   -3728.3590  0.2820 
   00279    0.5181   -3736.3537  0.2636 
   00280    0.4981   -3772.2673  0.2681 
   00281    0.4963   -3832.4395  0.2737 
   00282    0.4956   -3795.6356  0.2679 
   00283    0.4994   -3785.0817  0.2796 
   00284    0.4975   -3725.1411  0.2807 
   00285    0.5044   -3842.0720  0.2932 
   00286    0.4750   -3819.5271  0.3014 
   00287    0.5044   -3752.0282  0.3008 
   00288    0.4956   -3713.8484  0.3172 
   00289    0.4950   -3792.7589  0.3207 
   00290    0.5000   -3746.2212  0.3139 
   00291    0.4869   -3795.5606  0.3220 
   00292    0.4806   -3818.6485  0.3194 
   00293    0.4763   -3890.4781  0.3087 
   00294    0.4994   -3907.6559  0.3281 
   00295    0.4756   -3836.5657  0.3304 
   00296    0.4594   -3840.5190  0.3371 
   00297    0.5038   -3711.6406  0.3342 
   00298    0.5056   -3727.3073  0.3602 
   00299    0.4956   -3753.3868  0.3511 
   00300    0.4944   -3773.8575  0.3327 
   00301    0.4794   -3749.2086  0.3344 
   00302    0.5012   -3787.4927  0.3260 
   00303    0.5012   -3676.5327  0.3172 
   00304    0.5200   -3623.1632  0.3238 
   00305    0.5169   -3641.9701  0.3158 
   00306    0.4863   -3701.9755  0.3066 
   00307    0.5069   -3629.5410  0.3175 
   00308    0.5019   -3529.3685  0.3241 
   00309    0.5138   -3588.9975  0.3291 
   00310    0.4988   -3587.7732  0.3324 
   00311    0.4988   -3591.3305  0.3385 
   00312    0.5100   -3688.4165  0.3368 
   00313    0.5062   -3589.3751  0.3334 
   00314    0.4988   -3628.0095  0.3391 
   00315    0.5200   -3609.4095  0.3365 
   00316    0.5425   -3599.4138  0.3359 
   00317    0.5025   -3697.8647  0.3483 
   00318    0.5056   -3640.5397  0.3438 
   00319    0.5125   -3656.6450  0.3518 
   00320    0.4925   -3671.3211  0.3375 
   00321    0.5169   -3633.7827  0.3345 
   00322    0.5056   -3651.1061  0.3243 
   00323    0.4988   -3649.5427  0.3246 
   00324    0.5162   -3746.2495  0.3432 
   00325    0.4913   -3779.5077  0.3298 
   00326    0.4931   -3840.0825  0.3464 
   00327    0.5106   -3780.8836  0.3569 
   00328    0.4825   -3801.0137  0.3657 
   00329    0.5006   -3813.6224  0.3819 
   00330    0.4888   -3847.0576  0.3920 
   00331    0.4688   -3858.8500  0.4061 
   00332    0.4963   -3829.7091  0.4272 
   00333    0.4800   -3801.6696  0.4454 
   00334    0.4963   -3748.2918  0.4360 
   00335    0.5088   -3805.0826  0.4427 
   00336    0.4856   -3711.9397  0.4334 
   00337    0.4844   -3802.8575  0.4255 
   00338    0.4819   -3646.0071  0.4270 
   00339    0.5144   -3760.5427  0.4120 
   00340    0.4769   -3771.4817  0.3963 
   00341    0.4994   -3719.7060  0.3960 
   00342    0.4838   -3824.3936  0.4236 
   00343    0.4781   -3786.8553  0.4101 
   00344    0.4919   -3850.9050  0.4144 
   00345    0.4969   -3819.7477  0.4045 
   00346    0.4863   -3814.9892  0.4142 
   00347    0.5244   -3812.9705  0.4161 
   00348    0.4831   -3718.2862  0.4241 
   00349    0.4744   -3673.7423  0.4180 
   00350    0.5062   -3806.7259  0.4182 
   00351    0.4800   -3842.2570  0.4312 
   00352    0.4800   -3815.8538  0.4261 
   00353    0.4819   -3895.8740  0.4293 
   00354    0.5044   -3850.2089  0.4240 
   00355    0.4794   -3833.8394  0.3997 
   00356    0.4825   -3837.2659  0.3915 
   00357    0.4731   -3819.3019  0.3763 
   00358    0.4938   -3713.4195  0.3738 
   00359    0.5081   -3786.8938  0.3687 
   00360    0.4775   -3830.0737  0.3656 
   00361    0.4800   -3832.9467  0.3664 
   00362    0.4900   -3884.7422  0.3777 
   00363    0.4969   -3882.0080  0.3863 
   00364    0.4863   -3810.4868  0.3846 
   00365    0.5012   -3757.2259  0.3718 
   00366    0.5006   -3697.5118  0.3696 
   00367    0.4988   -3755.2871  0.3729 
   00368    0.5031   -3724.0078  0.3742 
   00369    0.4969   -3728.7569  0.3760 
   00370    0.4950   -3721.2983  0.3747 
   00371    0.4938   -3761.1714  0.3798 
   00372    0.4850   -3782.3777  0.3654 
   00373    0.4925   -3771.4227  0.3428 
   00374    0.5038   -3797.9267  0.3374 
   00375    0.4888   -3788.1019  0.3247 
   00376    0.4981   -3716.6397  0.3237 
   00377    0.4950   -3788.9944  0.3348 
   00378    0.4725   -3846.2993  0.3313 
   00379    0.4756   -3832.5511  0.3288 
   00380    0.4825   -3800.5503  0.3411 
   00381    0.5131   -3701.5715  0.3352 
   00382    0.4994   -3857.5331  0.3443 
   00383    0.4875   -3846.3650  0.3291 
   00384    0.4856   -3801.0136  0.3244 
   00385    0.4744   -3739.3784  0.3380 
   00386    0.4925   -3731.2106  0.3245 
   00387    0.5062   -3736.4015  0.3431 
   00388    0.5044   -3751.4705  0.3541 
   00389    0.4744   -3769.7720  0.3382 
   00390    0.5206   -3714.5884  0.3605 
   00391    0.4863   -3757.0772  0.3552 
   00392    0.4813   -3810.3007  0.3681 
   00393    0.4944   -3737.7407  0.3728 
   00394    0.4863   -3726.9605  0.3685 
   00395    0.4988   -3795.5344  0.3520 
   00396    0.4863   -3765.7303  0.3474 
   00397    0.4806   -3764.4010  0.3518 
   00398    0.5000   -3739.5222  0.3619 
   00399    0.5156   -3704.7177  0.3626 
   00400    0.5106   -3673.5057  0.3503 
   00401    0.5094   -3714.1906  0.3466 
   00402    0.5150   -3740.8555  0.3522 
   00403    0.4881   -3770.5328  0.3538 
   00404    0.4831   -3747.4980  0.3481 
   00405    0.4913   -3743.0842  0.3603 
   00406    0.4788   -3762.7157  0.3694 
   00407    0.5281   -3689.1446  0.3644 
   00408    0.5181   -3756.6367  0.3617 
   00409    0.4725   -3819.0025  0.3559 
   00410    0.4881   -3807.7137  0.3514 
   00411    0.4925   -3822.1491  0.3524 
   00412    0.4694   -3864.3365  0.3479 
   00413    0.4975   -3805.8992  0.3457 
   00414    0.4825   -3842.4874  0.3480 
   00415    0.4794   -3856.9355  0.3582 
   00416    0.4819   -3847.7884  0.3605 
   00417    0.4794   -3947.7082  0.3472 
   00418    0.4881   -3879.5922  0.3341 
   00419    0.5000   -3818.0658  0.3251 
   00420    0.4806   -3813.8957  0.3532 
   00421    0.4744   -3875.8547  0.3583 
   00422    0.4756   -3810.2974  0.3443 
   00423    0.4813   -3835.7602  0.3414 
   00424    0.4875   -3811.7751  0.3162 
   00425    0.4981   -3712.2999  0.3157 
   00426    0.5062   -3774.4444  0.3220 
   00427    0.4844   -3804.6344  0.3155 
   00428    0.4656   -3809.6396  0.3109 
   00429    0.4775   -3888.3967  0.3179 
   00430    0.4688   -4029.6845  0.3250 
   00431    0.4725   -3864.4882  0.3080 
   00432    0.4694   -3788.2563  0.3267 
   00433    0.4813   -3823.5540  0.3287 
   00434    0.4850   -3865.2337  0.3230 
   00435    0.4719   -3867.1805  0.3332 
   00436    0.4950   -3845.3558  0.3250 
   00437    0.4637   -3916.0081  0.3203 
   00438    0.4881   -3892.5242  0.3288 
   00439    0.4763   -3951.6457  0.3298 
   00440    0.4888   -3949.2125  0.3397 
   00441    0.5025   -3834.7333  0.3278 
   00442    0.4888   -3839.8315  0.3221 
   00443    0.4919   -3787.6097  0.3224 
   00444    0.4731   -3837.6309  0.3342 
   00445    0.4706   -3910.8119  0.3246 
   00446    0.4931   -3908.1778  0.3353 
   00447    0.4813   -3910.7945  0.3410 
   00448    0.4913   -3844.9266  0.3587 
   00449    0.4656   -3863.0346  0.3474 
   00450    0.4925   -3804.8118  0.3340 
   00451    0.4794   -3847.2544  0.3370 
   00452    0.4925   -3800.6862  0.3453 
   00453    0.4863   -3759.7820  0.3438 
   00454    0.5144   -3670.3024  0.3215 
   00455    0.5094   -3733.4121  0.3266 
   00456    0.4988   -3697.8919  0.3266 
   00457    0.4994   -3807.7788  0.3361 
   00458    0.4994   -3819.6033  0.3330 
   00459    0.4888   -3755.3517  0.3238 
   00460    0.4944   -3732.8222  0.3209 
   00461    0.4988   -3752.0403  0.3079 
   00462    0.5012   -3773.4178  0.3111 
   00463    0.4844   -3717.3183  0.3041 
   00464    0.5106   -3639.9757  0.2947 
   00465    0.5212   -3658.0000  0.2990 
   00466    0.5250   -3659.5990  0.3029 
   00467    0.5069   -3671.8941  0.2790 
   00468    0.4950   -3700.4271  0.2735 
   00469    0.5156   -3660.9107  0.2846 
   00470    0.4738   -3664.5375  0.2918 
   00471    0.4994   -3622.0343  0.3077 
   00472    0.4719   -3687.4237  0.3050 
   00473    0.5000   -3782.3724  0.3025 
   00474    0.4806   -3853.6019  0.3194 
   00475    0.4906   -3850.7148  0.3238 
   00476    0.5019   -3830.0946  0.3146 
   00477    0.4988   -3842.5445  0.3180 
   00478    0.4925   -3845.2509  0.3290 
   00479    0.4819   -3774.5340  0.3355 
   00480    0.5056   -3729.8390  0.3189 
   00481    0.5150   -3770.2669  0.3323 
   00482    0.5025   -3750.4013  0.3358 
   00483    0.4919   -3790.0744  0.3286 
   00484    0.4963   -3845.0444  0.3372 
   00485    0.4950   -3803.1349  0.3366 
   00486    0.5019   -3772.3579  0.3314 
   00487    0.4956   -3792.5730  0.3358 
   00488    0.5081   -3822.2878  0.3421 
   00489    0.4906   -3870.6929  0.3272 
   00490    0.5075   -3800.4335  0.3100 
   00491    0.5006   -3778.8850  0.3118 
   00492    0.4856   -3705.7024  0.3040 
   00493    0.5088   -3687.6692  0.3212 
   00494    0.5125   -3700.8580  0.3141 
   00495    0.4838   -3769.2176  0.3121 
   00496    0.5150   -3647.7188  0.3063 
   00497    0.5062   -3692.0345  0.3154 
   00498    0.5112   -3738.8266  0.3112 
   00499    0.4900   -3746.1584  0.3082 
   00500    0.5012   -3763.9058  0.3098 
   00501    0.5138   -3768.6695  0.3052 
   00502    0.5056   -3753.6590  0.3042 
   00503    0.4881   -3729.1010  0.2958 
   00504    0.5056   -3740.7758  0.2815 
   00505    0.4988   -3846.9963  0.2741 
   00506    0.4719   -3858.2974  0.2769 
   00507    0.4625   -3923.7410  0.2799 
   00508    0.5000   -3849.7868  0.2835 
   00509    0.4819   -3858.2783  0.2807 
   00510    0.4763   -3815.7853  0.2980 
   00511    0.4800   -3805.0163  0.3089 
   00512    0.5206   -3748.2657  0.3063 
   00513    0.4769   -3812.5428  0.3154 
   00514    0.4700   -3819.7203  0.3113 
   00515    0.4731   -3812.2275  0.3254 
   00516    0.5025   -3772.9818  0.3298 
   00517    0.4988   -3834.3850  0.3101 
   00518    0.5025   -3887.2033  0.3145 
   00519    0.4819   -3920.1523  0.3117 
   00520    0.4850   -4001.4319  0.2995 
   00521    0.4637   -3859.4964  0.3005 
   00522    0.4644   -3893.0491  0.2998 
   00523    0.4850   -3970.4498  0.2944 
   00524    0.4788   -3969.5403  0.3128 
   00525    0.4719   -3934.9030  0.3067 
   00526    0.4738   -3927.9707  0.2882 
   00527    0.4750   -3938.2092  0.3099 
   00528    0.4475   -3863.0788  0.3153 
   00529    0.5062   -3848.9567  0.3168 
   00530    0.4706   -3864.2433  0.3189 
   00531    0.4825   -3888.8527  0.3210 
   00532    0.4944   -3888.1889  0.3347 
   00533    0.4750   -3892.9893  0.3155 
   00534    0.4850   -3863.9599  0.3043 
   00535    0.4900   -3880.7515  0.2917 
   00536    0.4913   -3830.1539  0.2974 
   00537    0.4713   -3869.3129  0.3075 
   00538    0.4744   -3794.9024  0.2970 
   00539    0.4831   -3796.1231  0.2933 
   00540    0.4881   -3796.7191  0.2943 
   00541    0.4756   -3772.0491  0.2871 
   00542    0.4994   -3788.7811  0.2965 
   00543    0.4900   -3741.5369  0.2796 
   00544    0.5075   -3735.4684  0.2837 
   00545    0.5119   -3699.1940  0.2816 
   00546    0.4875   -3783.4459  0.2793 
   00547    0.4944   -3787.3003  0.2764 
   00548    0.4825   -3723.8282  0.2780 
   00549    0.4831   -3822.0776  0.2740 
   00550    0.5200   -3838.8633  0.2819 
   00551    0.4800   -3779.2421  0.2914 
   00552    0.4913   -3774.2837  0.2782 
   00553    0.5000   -3798.0187  0.2741 
   00554    0.5100   -3825.1825  0.2672 
   00555    0.4931   -3823.9872  0.2607 
   00556    0.4981   -3849.9611  0.2600 
   00557    0.4931   -3876.8350  0.2691 
   00558    0.4781   -3889.9255  0.2523 
   00559    0.4850   -3945.5782  0.2547 
   00560    0.4612   -3858.9034  0.2522 
   00561    0.4906   -3765.0684  0.2832 
   00562    0.4919   -3782.9203  0.2769 
   00563    0.4913   -3716.5457  0.2865 
   00564    0.5169   -3742.1217  0.2907 
   00565    0.4988   -3835.5730  0.2774 
   00566    0.4713   -3878.2368  0.2722 
   00567    0.4713   -3855.9862  0.2652 
   00568    0.4756   -3815.3312  0.2732 
   00569    0.5000   -3838.1832  0.2616 
   00570    0.4819   -3876.5777  0.2694 
   00571    0.4769   -3925.1150  0.2686 
   00572    0.4794   -3975.5042  0.2787 
   00573    0.4544   -3904.2872  0.2799 
   00574    0.4681   -3896.9243  0.2817 
   00575    0.4706   -3948.8535  0.2930 
   00576    0.4763   -3859.2112  0.2850 
   00577    0.4587   -3842.2796  0.2928 
   00578    0.4969   -3787.6766  0.2921 
   00579    0.4869   -3839.0647  0.2945 
   00580    0.4906   -3822.8561  0.2918 
   00581    0.4556   -3780.3709  0.2974 
   00582    0.4963   -3862.4320  0.3028 
   00583    0.5050   -3828.9150  0.3161 
   00584    0.5025   -3788.3387  0.3161 
   00585    0.4981   -3815.3008  0.3370 
   00586    0.4525   -3867.4584  0.3344 
   00587    0.5000   -3896.6452  0.3477 
   00588    0.4825   -3940.8858  0.3597 
   00589    0.4850   -3908.6647  0.3770 
   00590    0.4869   -3872.9730  0.3945 
   00591    0.4875   -3806.5562  0.3846 
   00592    0.4913   -3878.6287  0.3913 
   00593    0.4838   -3885.0452  0.3930 
   00594    0.4750   -3870.5504  0.3653 
   00595    0.5000   -3764.4319  0.3681 
   00596    0.5169   -3711.3169  0.3781 
   00597    0.5050   -3719.2981  0.3725 
   00598    0.5075   -3775.0707  0.3776 
   00599    0.4931   -3803.2945  0.3628 
   00600    0.4813   -3882.7268  0.3612 
   00601    0.4975   -3890.4459  0.3484 
   00602    0.4925   -3821.4199  0.3495 
   00603    0.4763   -3823.6663  0.3573 
   00604    0.5119   -3820.1767  0.3662 
   00605    0.4969   -3772.5858  0.3670 
   00606    0.5156   -3753.9723  0.3857 
   00607    0.4950   -3760.2832  0.3792 
   00608    0.5200   -3750.5234  0.3885 
   00609    0.5106   -3692.7397  0.3695 
   00610    0.4844   -3723.5188  0.3601 
   00611    0.4956   -3714.2310  0.3439 
   00612    0.5081   -3707.9710  0.3452 
   00613    0.4981   -3732.1115  0.3490 
   00614    0.5006   -3737.3893  0.3435 
   00615    0.4838   -3756.6796  0.3575 
   00616    0.4819   -3756.0020  0.3456 
   00617    0.4975   -3730.3337  0.3442 
   00618    0.4906   -3750.8417  0.3529 
   00619    0.4750   -3902.5189  0.3671 
   00620    0.4944   -3895.2732  0.3664 
   00621    0.4850   -3870.5611  0.3678 
   00622    0.5019   -3842.4701  0.3705 
   00623    0.4938   -3764.1309  0.3649 
   00624    0.4800   -3756.4443  0.3748 
   00625    0.4731   -3782.7916  0.3720 
   00626    0.4788   -3807.3714  0.3470 
   00627    0.4894   -3800.6456  0.3468 
   00628    0.4806   -3739.6347  0.3461 
   00629    0.5000   -3761.9879  0.3454 
   00630    0.4825   -3816.1500  0.3474 
   00631    0.4838   -3761.8536  0.3489 
   00632    0.4825   -3783.0285  0.3385 
   00633    0.5019   -3798.7586  0.3380 
   00634    0.5119   -3868.2961  0.3508 
   00635    0.4669   -3860.5327  0.3628 
   00636    0.4981   -3881.3656  0.3543 
   00637    0.4919   -3829.3664  0.3592 
   00638    0.4788   -3888.5820  0.3710 
   00639    0.4713   -3796.7621  0.3853 
   00640    0.4875   -3775.1042  0.3834 
   00641    0.5231   -3854.7257  0.3893 
   00642    0.4888   -3874.7332  0.3985 
   00643    0.5031   -3821.4045  0.3925 
   00644    0.5062   -3817.3309  0.3963 
   00645    0.4963   -3865.1472  0.4054 
   00646    0.4688   -3838.8985  0.3987 
   00647    0.4688   -3889.7815  0.4003 
   00648    0.4594   -3921.7738  0.4009 
   00649    0.4731   -3997.5570  0.4058 
   00650    0.4750   -3992.4714  0.4090 
   00651    0.4806   -3992.1506  0.4090 
   00652    0.4825   -3928.2739  0.4214 
   00653    0.4625   -3910.1818  0.4183 
   00654    0.4888   -3951.8152  0.4216 
   00655    0.4612   -3960.1582  0.4196 
   00656    0.4800   -3895.9168  0.4119 
   00657    0.4725   -3875.7698  0.3927 
   00658    0.4869   -3845.0765  0.3851 
   00659    0.4794   -3842.6304  0.3938 
   00660    0.4800   -3867.6662  0.4010 
   00661    0.4662   -3805.8161  0.3959 
   00662    0.4919   -3775.3201  0.3679 
   00663    0.4881   -3804.6749  0.3706 
   00664    0.4963   -3821.7043  0.3731 
   00665    0.5150   -3815.1570  0.3574 
   00666    0.4881   -3827.8279  0.3778 
   00667    0.5012   -3823.6791  0.3907 
   00668    0.4863   -3770.5712  0.3918 
   00669    0.5056   -3806.8079  0.3836 
   00670    0.4794   -3803.0267  0.3806 
   00671    0.4750   -3824.3856  0.4020 
   00672    0.4662   -3824.9056  0.4084 
   00673    0.4869   -3810.1280  0.4020 
   00674    0.5000   -3743.8730  0.3894 
   00675    0.5000   -3768.8661  0.3802 
   00676    0.4944   -3770.7812  0.3805 
   00677    0.4769   -3819.0490  0.3789 
   00678    0.4681   -3876.9214  0.3991 
   00679    0.4700   -3797.6778  0.3853 
   00680    0.4769   -3841.9506  0.3618 
   00681    0.5012   -3733.3817  0.3652 
   00682    0.5125   -3827.5038  0.3779 
   00683    0.4950   -3859.2195  0.3590 
   00684    0.4906   -3854.2572  0.3423 
   00685    0.4731   -3895.2832  0.3523 
   00686    0.4875   -3919.6543  0.3584 
   00687    0.4713   -3877.4220  0.3663 
   00688    0.4963   -3834.6841  0.3574 
   00689    0.4838   -3805.5061  0.3551 
   00690    0.5081   -3810.1046  0.3464 
   00691    0.4713   -3896.3994  0.3478 
   00692    0.4863   -3831.8064  0.3340 
   00693    0.4694   -3878.9175  0.3521 
   00694    0.5119   -3826.7446  0.3495 
   00695    0.4956   -3816.6909  0.3569 
   00696    0.5025   -3756.6742  0.3543 
   00697    0.5106   -3764.1177  0.3615 
   00698    0.4969   -3769.5986  0.3686 
   00699    0.5044   -3771.3333  0.3584 
   00700    0.5000   -3723.6045  0.3522 
   00701    0.5194   -3775.7663  0.3491 
   00702    0.5031   -3788.4207  0.3372 
   00703    0.5100   -3742.2354  0.3160 
   00704    0.4919   -3663.0121  0.3159 
   00705    0.5181   -3722.7013  0.3271 
   00706    0.5012   -3693.1760  0.3223 
   00707    0.4875   -3715.1240  0.3404 
   00708    0.4925   -3728.2738  0.3468 
   00709    0.4975   -3752.7644  0.3462 
   00710    0.4988   -3838.1345  0.3409 
   00711    0.4800   -3807.9271  0.3340 
   00712    0.4775   -3755.6322  0.3357 
   00713    0.4969   -3761.2382  0.3253 
   00714    0.4788   -3842.2325  0.3235 
   00715    0.4869   -3853.1125  0.3376 
   00716    0.4838   -3869.6999  0.3338 
   00717    0.4888   -3862.6968  0.3253 
   00718    0.5012   -3789.1999  0.3186 
   00719    0.4800   -3862.6368  0.3128 
   00720    0.4888   -3786.6111  0.3029 
   00721    0.4888   -3783.3373  0.2864 
   00722    0.5019   -3775.8574  0.2884 
   00723    0.5006   -3772.1285  0.3005 
   00724    0.5138   -3704.4758  0.2931 
   00725    0.4913   -3758.5970  0.2965 
   00726    0.5031   -3805.4345  0.3093 
   00727    0.5150   -3758.9778  0.3067 
   00728    0.4637   -3816.8303  0.3094 
   00729    0.4981   -3814.0736  0.3162 
   00730    0.4919   -3832.2213  0.3307 
   00731    0.4775   -3824.7105  0.3296 
   00732    0.4694   -3889.4008  0.3496 
   00733    0.4719   -3855.9587  0.3340 
   00734    0.4775   -3840.9994  0.3154 
   00735    0.4900   -3793.6451  0.3194 
   00736    0.4925   -3723.3117  0.3156 
   00737    0.4963   -3716.8213  0.3151 
   00738    0.4956   -3785.3514  0.3340 
   00739    0.5175   -3772.3304  0.3407 
   00740    0.4806   -3730.3872  0.3404 
   00741    0.5188   -3779.0516  0.3353 
   00742    0.5088   -3782.0246  0.3256 
   00743    0.4994   -3743.0072  0.3098 
   00744    0.4938   -3741.1498  0.2949 
   00745    0.4919   -3792.8302  0.2836 
   00746    0.4844   -3757.7059  0.2846 
   00747    0.4931   -3746.5666  0.2912 
   00748    0.5050   -3663.4579  0.2896 
   00749    0.4800   -3615.3484  0.2966 
   00750    0.5162   -3620.0631  0.3108 
   00751    0.5212   -3611.3178  0.3081 
   00752    0.5238   -3626.3602  0.2934 
   00753    0.5069   -3634.7563  0.2942 
   00754    0.4963   -3603.3177  0.3058 
   00755    0.5144   -3707.4383  0.3143 
   00756    0.5025   -3699.3030  0.3062 
   00757    0.4931   -3730.9307  0.3058 
   00758    0.5012   -3764.1797  0.2989 
   00759    0.5181   -3775.9462  0.2949 
   00760    0.4925   -3843.6161  0.2946 
   00761    0.4838   -3768.3632  0.2890 
   00762    0.4831   -3862.9666  0.2908 
   00763    0.4900   -3884.7356  0.2940 
   00764    0.4900   -3810.9039  0.2991 
   00765    0.4994   -3744.4146  0.3172 
   00766    0.4931   -3764.9401  0.2983 
   00767    0.4981   -3725.9860  0.2958 
   00768    0.5044   -3738.1914  0.3026 
   00769    0.4881   -3701.8170  0.2846 
   00770    0.5000   -3664.5568  0.2816 
   00771    0.4988   -3728.1253  0.2718 
   00772    0.4863   -3726.9879  0.2725 
   00773    0.5075   -3760.2317  0.2674 
   00774    0.4894   -3787.2098  0.2710 
   00775    0.4744   -3742.0227  0.2697 
   00776    0.4988   -3854.4244  0.2643 
   00777    0.4863   -3741.8670  0.2646 
   00778    0.4831   -3832.6726  0.2515 
   00779    0.4838   -3750.4732  0.2622 
   00780    0.4800   -3771.8870  0.2672 
   00781    0.5025   -3779.7411  0.2742 
   00782    0.4806   -3776.3365  0.2796 
   00783    0.5094   -3807.8283  0.2852 
   00784    0.5038   -3855.5691  0.2851 
   00785    0.5012   -3833.1682  0.2839 
   00786    0.4769   -3748.8972  0.2803 
   00787    0.4969   -3747.9147  0.2919 
   00788    0.5069   -3699.8680  0.2971 
   00789    0.4756   -3732.7421  0.2969 
   00790    0.4963   -3790.2841  0.3030 
   00791    0.5006   -3781.6320  0.3100 
   00792    0.4675   -3742.0917  0.2923 
   00793    0.5175   -3671.2227  0.3061 
   00794    0.5106   -3687.4976  0.3068 
   00795    0.4925   -3731.0583  0.3087 
   00796    0.4794   -3781.0489  0.3024 
   00797    0.4881   -3829.8776  0.3212 
   00798    0.4744   -3800.1841  0.3217 
   00799    0.4844   -3850.0030  0.3156 
   00800    0.5044   -3912.0106  0.2955 
   00801    0.4788   -3872.5233  0.2977 
   00802    0.4688   -3965.5320  0.2954 
   00803    0.4644   -3934.2136  0.3134 
   00804    0.4756   -3911.9222  0.3217 
   00805    0.4838   -3849.6902  0.3250 
   00806    0.4881   -3842.2755  0.3232 
   00807    0.4788   -3852.4939  0.3340 
   00808    0.4744   -3809.3456  0.3209 
   00809    0.4700   -3810.6274  0.3160 
   00810    0.5238   -3739.1290  0.3014 
   00811    0.4800   -3731.0398  0.3087 
   00812    0.5000   -3695.1008  0.3281 
   00813    0.4969   -3725.5801  0.3194 
   00814    0.4969   -3761.3172  0.3205 
   00815    0.4756   -3761.3052  0.3307 
   00816    0.5006   -3768.9984  0.3439 
   00817    0.4813   -3861.8695  0.3625 
   00818    0.5006   -3835.5904  0.3626 
   00819    0.4669   -3811.4519  0.3526 
   00820    0.4881   -3746.7238  0.3437 
   00821    0.4888   -3745.1464  0.3355 
   00822    0.5000   -3748.2378  0.3299 
   00823    0.4888   -3730.4881  0.3063 
   00824    0.4925   -3714.0577  0.2896 
   00825    0.4744   -3641.5908  0.2978 
   00826    0.4931   -3627.5958  0.2966 
   00827    0.5062   -3593.0777  0.2974 
   00828    0.5044   -3647.5559  0.2934 
   00829    0.4975   -3691.8846  0.2923 
   00830    0.4906   -3670.3715  0.2898 
   00831    0.4831   -3680.0970  0.3049 
   00832    0.5119   -3658.9885  0.2913 
   00833    0.5212   -3633.0983  0.2797 
   00834    0.5125   -3658.9396  0.2753 
   00835    0.5006   -3645.0977  0.2718 
   00836    0.5088   -3624.4213  0.2863 
   00837    0.5062   -3631.2804  0.2654 
   00838    0.5131   -3703.0784  0.2881 
   00839    0.5025   -3756.3912  0.2784 
   00840    0.5156   -3744.9601  0.2774 
   00841    0.5012   -3771.9623  0.2835 
   00842    0.5062   -3795.7861  0.2861 
   00843    0.4806   -3830.4302  0.2870 
   00844    0.4875   -3802.0704  0.2907 
   00845    0.4788   -3866.0109  0.3051 
   00846    0.4950   -3779.3618  0.3104 
   00847    0.4875   -3759.4166  0.2796 
   00848    0.4750   -3787.3026  0.2879 
   00849    0.4750   -3830.8636  0.2968 
   00850    0.4794   -3801.3243  0.3041 
   00851    0.4944   -3782.8964  0.3103 
   00852    0.5162   -3794.4786  0.3274 
   00853    0.4738   -3738.0552  0.3218 
   00854    0.4700   -3796.3572  0.3337 
   00855    0.5119   -3785.4226  0.3395 
   00856    0.5200   -3766.5035  0.3420 
   00857    0.4994   -3705.6475  0.3424 
   00858    0.4950   -3644.4353  0.3356 
   00859    0.5244   -3593.5659  0.3368 
   00860    0.5006   -3619.1465  0.3397 
   00861    0.5250   -3590.0114  0.3208 
   00862    0.4969   -3600.2314  0.3131 
   00863    0.4994   -3579.5731  0.3206 
   00864    0.5262   -3621.6495  0.3301 
   00865    0.4994   -3588.5541  0.3443 
   00866    0.5200   -3614.1706  0.3441 
   00867    0.5050   -3628.5317  0.3318 
   00868    0.5019   -3768.0903  0.3321 
   00869    0.5094   -3857.0766  0.3371 
   00870    0.4988   -3807.3560  0.3327 
   00871    0.5100   -3772.6575  0.3376 
   00872    0.5069   -3743.1236  0.3143 
   00873    0.4919   -3839.5638  0.3078 
   00874    0.4688   -3835.7384  0.2915 
   00875    0.4969   -3809.7622  0.2990 
   00876    0.5012   -3742.2562  0.2876 
   00877    0.4944   -3709.4152  0.2939 
   00878    0.5006   -3715.0094  0.3051 
   00879    0.4894   -3782.4755  0.3148 
   00880    0.5006   -3791.9292  0.3123 
   00881    0.5056   -3750.0242  0.3072 
   00882    0.4800   -3706.2256  0.3176 
   00883    0.4975   -3794.2527  0.3159 
   00884    0.4769   -3715.7523  0.3145 
   00885    0.5112   -3782.4347  0.3178 
   00886    0.5131   -3801.6426  0.3206 
   00887    0.4944   -3764.2668  0.3189 
   00888    0.4894   -3723.1568  0.3200 
   00889    0.5144   -3721.1455  0.3250 
   00890    0.5006   -3785.1998  0.3185 
   00891    0.4906   -3771.4460  0.3275 
   00892    0.5100   -3751.6122  0.3348 
   00893    0.5169   -3739.4571  0.3168 
   00894    0.4981   -3722.5890  0.3026 
   00895    0.4888   -3743.6850  0.3112 
   00896    0.4963   -3785.5880  0.3067 
   00897    0.4913   -3840.4555  0.3112 
   00898    0.4781   -3906.6433  0.3159 
   00899    0.4781   -3843.1496  0.3122 
   00900    0.4919   -3735.2956  0.3054 
   00901    0.4938   -3767.3596  0.3114 
   00902    0.4975   -3705.6305  0.3124 
   00903    0.4694   -3770.5496  0.3265 
   00904    0.5000   -3777.3828  0.3404 
   00905    0.4969   -3666.5131  0.3160 
   00906    0.5131   -3687.1719  0.3018 
   00907    0.4863   -3658.2724  0.2997 
   00908    0.5138   -3654.5978  0.3149 
   00909    0.5144   -3631.3442  0.3082 
   00910    0.5231   -3610.2137  0.2857 
   00911    0.4981   -3656.3622  0.2866 
   00912    0.4925   -3718.2199  0.2926 
   00913    0.4950   -3741.9472  0.2975 
   00914    0.4994   -3759.5040  0.2921 
   00915    0.5062   -3721.3943  0.2822 
   00916    0.4825   -3772.5798  0.2734 
   00917    0.5050   -3710.4080  0.2613 
   00918    0.5275   -3671.2894  0.2695 
   00919    0.5100   -3687.4026  0.2778 
   00920    0.4850   -3730.2545  0.2810 
   00921    0.4956   -3693.9017  0.2922 
   00922    0.5062   -3693.0214  0.2974 
   00923    0.5100   -3672.7190  0.3000 
   00924    0.5044   -3690.1567  0.2924 
   00925    0.5188   -3660.9257  0.3014 
   00926    0.5100   -3695.4064  0.2978 
   00927    0.4969   -3686.9989  0.3144 
   00928    0.4963   -3735.5728  0.3189 
   00929    0.4825   -3794.3855  0.3225 
   00930    0.5012   -3776.7944  0.3089 
   00931    0.4988   -3788.7390  0.3128 
   00932    0.5088   -3670.7311  0.3054 
   00933    0.5069   -3665.0887  0.3169 
   00934    0.5081   -3657.8363  0.3197 
   00935    0.4956   -3740.5669  0.3040 
   00936    0.4881   -3706.6534  0.3199 
   00937    0.4850   -3656.2429  0.3328 
   00938    0.5225   -3725.6673  0.3491 
   00939    0.4844   -3669.7153  0.3407 
   00940    0.4869   -3685.2292  0.3386 
   00941    0.5112   -3678.9026  0.3405 
   00942    0.5162   -3741.7228  0.3371 
   00943    0.4631   -3724.3529  0.3338 
   00944    0.4919   -3723.7848  0.3339 
   00945    0.4894   -3745.5309  0.3300 
   00946    0.4831   -3832.5318  0.3347 
   00947    0.4863   -3797.8691  0.3145 
   00948    0.4888   -3755.1534  0.3137 
   00949    0.4863   -3672.9315  0.3217 
   00950    0.4963   -3686.3291  0.3009 
   00951    0.4944   -3708.0146  0.2864 
   00952    0.5006   -3769.7783  0.2892 
   00953    0.4931   -3773.3428  0.2844 
   00954    0.5025   -3817.9285  0.2774 
   00955    0.4844   -3813.4580  0.2865 
   00956    0.5081   -3856.8116  0.2892 
   00957    0.4869   -3840.0709  0.2871 
   00958    0.4794   -3955.8763  0.2773 
   00959    0.4750   -3958.2694  0.2720 
   00960    0.4763   -3973.3680  0.2759 
   00961    0.4775   -3932.4215  0.2593 
   00962    0.4794   -3898.6233  0.2596 
   00963    0.4675   -3885.0181  0.2688 
   00964    0.4881   -3846.3446  0.2605 
   00965    0.4863   -3869.7936  0.2612 
   00966    0.5062   -3824.6757  0.2728 
   00967    0.4944   -3905.8349  0.2718 
   00968    0.4963   -3944.6619  0.2901 
   00969    0.4825   -3912.7775  0.2943 
   00970    0.4838   -3839.6845  0.2998 
   00971    0.4900   -3783.9193  0.2969 
   00972    0.4675   -3832.2525  0.2925 
   00973    0.5019   -3821.5039  0.3095 
   00974    0.4944   -3749.4692  0.3168 
   00975    0.5112   -3707.0716  0.3227 
   00976    0.4781   -3716.5548  0.3192 
   00977    0.4963   -3760.0578  0.3217 
   00978    0.4775   -3753.8952  0.3297 
   00979    0.5094   -3747.6542  0.3207 
   00980    0.4931   -3821.3826  0.3259 
   00981    0.5019   -3774.5423  0.3190 
   00982    0.5069   -3811.2320  0.3288 
   00983    0.5012   -3815.4142  0.3103 
   00984    0.4888   -3817.9665  0.3136 
   00985    0.4750   -3842.3107  0.3104 
   00986    0.4825   -3832.3607  0.2974 
   00987    0.4756   -3849.8451  0.2985 
   00988    0.4956   -3796.2888  0.2943 
   00989    0.4919   -3741.1336  0.2961 
   00990    0.4988   -3736.2223  0.2885 
   00991    0.5062   -3805.4768  0.2862 
   00992    0.4888   -3799.7779  0.2850 
   00993    0.4856   -3836.7161  0.2901 
   00994    0.4619   -3813.2816  0.2946 
   00995    0.4994   -3861.7580  0.2992 
   00996    0.4931   -3937.8433  0.3071 
   00997    0.4825   -3813.1015  0.3068 
   00998    0.4806   -3804.0290  0.3091 
   00999    0.4788   -3824.8537  0.2996 
   01000    0.4875   -3758.3571  0.2854 
