#=====================================================
# File created:        Mon-06-Nov-2023-at-03-22-58PM
# Size of lattice:     80x80
# Number of MC steps:  1000
# Reduced temperature: 0.800
# Run time (s):        34.865057
#=====================================================
# MC step:  Ratio:     Energy:   Order:
#=====================================================
   00000    0.5000   -6435.2083  0.2702 
   00001    0.6728   -9913.0091  0.2687 
   00002    0.6089  -11539.1811  0.2721 
   00003    0.5739  -12637.2184  0.2776 
   00004    0.5400  -13363.9510  0.2848 
   00005    0.5244  -13777.3497  0.2877 
   00006    0.5161  -14195.1786  0.2827 
   00007    0.5147  -14535.8209  0.2802 
   00008    0.5053  -14988.0027  0.2814 
   00009    0.4969  -15304.8525  0.2829 
   00010    0.4778  -15617.0957  0.2888 
   00011    0.4773  -15796.4861  0.2853 
   00012    0.4587  -16041.3635  0.2890 
   00013    0.4702  -16158.4327  0.2922 
   00014    0.4633  -16323.6480  0.2934 
   00015    0.4605  -16353.0961  0.2938 
   00016    0.4608  -16486.7231  0.2910 
   00017    0.4541  -16632.7493  0.2913 
   00018    0.4503  -16831.1936  0.2934 
   00019    0.4641  -16680.6205  0.2942 
   00020    0.4555  -16772.5133  0.2967 
   00021    0.4580  -16806.6670  0.2921 
   00022    0.4573  -16937.6290  0.3004 
   00023    0.4417  -17019.8916  0.3034 
   00024    0.4525  -17126.7528  0.2993 
   00025    0.4444  -17199.8139  0.3022 
   00026    0.4433  -17211.5093  0.2984 
   00027    0.4428  -17231.2162  0.2950 
   00028    0.4439  -17315.3247  0.2919 
   00029    0.4341  -17155.5282  0.2939 
   00030    0.4469  -17217.5415  0.2878 
   00031    0.4384  -17324.7271  0.2886 
   00032    0.4398  -17263.8038  0.2913 
   00033    0.4403  -17359.2887  0.2883 
   00034    0.4373  -17257.9309  0.2921 
   00035    0.4281  -17326.4067  0.2946 
   00036    0.4350  -17364.2748  0.2966 
   00037    0.4394  -17421.8767  0.2935 
   00038    0.4330  -17440.6780  0.2927 
   00039    0.4403  -17440.9949  0.2846 
   00040    0.4352  -17498.4209  0.2872 
   00041    0.4325  -17590.8890  0.2876 
   00042    0.4353  -17593.7626  0.2950 
   00043    0.4420  -17607.1880  0.2937 
   00044    0.4397  -17682.8837  0.2868 
   00045    0.4403  -17711.1918  0.2899 
   00046    0.4309  -17691.6165  0.2935 
   00047    0.4306  -17808.1526  0.2949 
   00048    0.4305  -17855.5045  0.2936 
   00049    0.4281  -17832.2188  0.2947 
   00050    0.4184  -17836.2880  0.2966 
   00051    0.4267  -17976.5412  0.3024 
   00052    0.4228  -17915.3872  0.2978 
   00053    0.4295  -17965.8657  0.2968 
   00054    0.4267  -17805.8882  0.3029 
   00055    0.4259  -17811.5155  0.2982 
   00056    0.4391  -17805.5403  0.2907 
   00057    0.4375  -17767.6172  0.2889 
   00058    0.4314  -17844.7781  0.2912 
   00059    0.4341  -17840.3360  0.2857 
   00060    0.4275  -18026.0702  0.2776 
   00061    0.4159  -18030.4465  0.2810 
   00062    0.4294  -17996.5730  0.2825 
   00063    0.4295  -17880.0444  0.2856 
   00064    0.4322  -17791.3323  0.2926 
   00065    0.4355  -17818.8741  0.2934 
   00066    0.4261  -17762.9072  0.2894 
   00067    0.4288  -17909.9160  0.2914 
   00068    0.4319  -17966.6691  0.2925 
   00069    0.4214  -17914.4975  0.2868 
   00070    0.4242  -17846.6564  0.2863 
   00071    0.4334  -17775.4131  0.2799 
   00072    0.4270  -17966.5699  0.2757 
   00073    0.4278  -17994.7708  0.2776 
   00074    0.4205  -17988.3513  0.2808 
   00075    0.4141  -18031.3319  0.2840 
   00076    0.4244  -17922.0088  0.2840 
   00077    0.4270  -18066.2583  0.2867 
   00078    0.4177  -18065.8417  0.2842 
   00079    0.4127  -18030.3990  0.2892 
   00080    0.4230  -18048.0946  0.2902 
   00081    0.4295  -17853.9548  0.2851 
   00082    0.4431  -17895.8240  0.2872 
   00083    0.4159  -17953.5742  0.2869 
   00084    0.4289  -18069.2262  0.2896 
   00085    0.4359  -18077.8799  0.2917 
   00086    0.4223  -17970.1032  0.2899 
   00087    0.4294  -17887.9202  0.2923 
   00088    0.4313  -17997.5519  0.2944 
   00089    0.4369  -18001.2250  0.3008 
   00090    0.4255  -18055.7881  0.3044 
   00091    0.4350  -18043.2412  0.3064 
   00092    0.4378  -17967.1456  0.3097 
   00093    0.4273  -17967.8927  0.3034 
   00094    0.4186  -17889.1637  0.3021 
   00095    0.4320  -17964.7008  0.3007 
   00096    0.4252  -17961.6263  0.2943 
   00097    0.4330  -17993.5933  0.2928 
   00098    0.4286  -18048.1325  0.2900 
   00099    0.4239  -18021.3395  0.2899 
   00100    0.4247  -18050.8016  0.2866 
   00101    0.4208  -17975.1193  0.2958 
   00102    0.4150  -18024.7208  0.2993 
   00103    0.4230  -18055.4219  0.2976 
   00104    0.4239  -18189.0497  0.3047 
   00105    0.4152  -18217.7626  0.3037 
   00106    0.4184  -18262.2209  0.2969 
   00107    0.4216  -18195.7912  0.2924 
   00108    0.4242  -18203.7299  0.2955 
   00109    0.4173  -18325.0293  0.2943 
   00110    0.4219  -18363.7077  0.2900 
   00111    0.4164  -18166.3728  0.2937 
   00112    0.4152  -18218.1960  0.2913 
   00113    0.4136  -18244.7687  0.2941 
   00114    0.3964  -18183.8296  0.2953 
   00115    0.4252  -18058.7951  0.2908 
   00116    0.4217  -18137.8944  0.2936 
   00117    0.4175  -18145.1178  0.2922 
   00118    0.4323  -18027.5853  0.2882 
   00119    0.4183  -18061.5993  0.2896 
   00120    0.4327  -18027.6348  0.2972 
   00121    0.4281  -18115.1963  0.3016 
   00122    0.4206  -18080.4913  0.3041 
   00123    0.4131  -17965.7193  0.3052 
   00124    0.4319  -18065.2542  0.3055 
   00125    0.4319  -17968.7905  0.3059 
   00126    0.4342  -18036.7915  0.3031 
   00127    0.4294  -17994.9739  0.3012 
   00128    0.4264  -18023.6475  0.3006 
   00129    0.4284  -18089.8241  0.3033 
   00130    0.4334  -17931.0680  0.3043 
   00131    0.4234  -17928.1236  0.3108 
   00132    0.4252  -18012.5226  0.3112 
   00133    0.4295  -18059.4999  0.3122 
   00134    0.4264  -18082.9008  0.3141 
   00135    0.4298  -18013.0727  0.3088 
   00136    0.4278  -17931.6354  0.3127 
   00137    0.4228  -17971.4466  0.3209 
   00138    0.4228  -18032.8776  0.3167 
   00139    0.4295  -17884.7710  0.3153 
   00140    0.4250  -18069.6021  0.3150 
   00141    0.4242  -18207.9323  0.3212 
   00142    0.4138  -18213.6887  0.3205 
   00143    0.4183  -18118.2061  0.3228 
   00144    0.4161  -18196.7913  0.3200 
   00145    0.4292  -18132.2002  0.3223 
   00146    0.4297  -18136.4047  0.3245 
   00147    0.4266  -18142.7903  0.3248 
   00148    0.4316  -17987.4808  0.3259 
   00149    0.4184  -18060.5796  0.3295 
   00150    0.4267  -17963.0955  0.3252 
   00151    0.4295  -17972.9711  0.3205 
   00152    0.4283  -17983.6267  0.3201 
   00153    0.4248  -18116.5598  0.3222 
   00154    0.4177  -18074.0977  0.3273 
   00155    0.4275  -18058.7119  0.3350 
   00156    0.4336  -18077.5502  0.3281 
   00157    0.4298  -18116.8919  0.3295 
   00158    0.4164  -18180.2321  0.3255 
   00159    0.4223  -18200.9307  0.3276 
   00160    0.4227  -18122.5626  0.3270 
   00161    0.4117  -18144.7799  0.3272 
   00162    0.4253  -18149.1465  0.3288 
   00163    0.4266  -18170.4627  0.3238 
   00164    0.4241  -18223.2110  0.3279 
   00165    0.4236  -18219.5174  0.3286 
   00166    0.4306  -18166.1744  0.3313 
   00167    0.4209  -18150.6625  0.3358 
   00168    0.4242  -18149.6508  0.3290 
   00169    0.4277  -18003.5560  0.3338 
   00170    0.4159  -18041.9226  0.3318 
   00171    0.4272  -17942.7636  0.3299 
   00172    0.4330  -17868.3993  0.3324 
   00173    0.4275  -17966.2351  0.3316 
   00174    0.4150  -17981.9991  0.3244 
   00175    0.4278  -17910.1483  0.3242 
   00176    0.4275  -17866.5217  0.3275 
   00177    0.4209  -17876.8196  0.3317 
   00178    0.4361  -17813.9334  0.3344 
   00179    0.4339  -17889.1519  0.3335 
   00180    0.4347  -17876.7394  0.3368 
   00181    0.4259  -17955.6801  0.3396 
   00182    0.4313  -17925.7199  0.3454 
   00183    0.4286  -18057.3087  0.3497 
   00184    0.4208  -17979.0668  0.3511 
   00185    0.4292  -18020.8919  0.3584 
   00186    0.4220  -18132.4901  0.3597 
   00187    0.4233  -18052.1980  0.3601 
   00188    0.4141  -18053.2693  0.3602 
   00189    0.4227  -18069.5875  0.3596 
   00190    0.4197  -18038.9999  0.3535 
   00191    0.4317  -18002.6983  0.3534 
   00192    0.4305  -17905.0947  0.3552 
   00193    0.4288  -17993.7740  0.3548 
   00194    0.4392  -17835.1191  0.3561 
   00195    0.4320  -17975.6500  0.3512 
   00196    0.4209  -17980.9239  0.3521 
   00197    0.4258  -18035.7144  0.3496 
   00198    0.4314  -18045.8433  0.3427 
   00199    0.4234  -18084.4274  0.3404 
   00200    0.4225  -18119.3306  0.3420 
   00201    0.4331  -18129.8037  0.3383 
   00202    0.4303  -17977.8031  0.3428 
   00203    0.4231  -17887.0782  0.3396 
   00204    0.4408  -17855.3774  0.3432 
   00205    0.4186  -17939.5290  0.3436 
   00206    0.4284  -17895.8475  0.3473 
   00207    0.4291  -17928.9326  0.3522 
   00208    0.4316  -17907.0448  0.3495 
   00209    0.4428  -17774.7033  0.3561 
   00210    0.4323  -17862.4540  0.3581 
   00211    0.4303  -17935.3852  0.3607 
   00212    0.4339  -17869.3369  0.3621 
   00213    0.4322  -17847.7104  0.3634 
   00214    0.4311  -17831.5214  0.3612 
   00215    0.4275  -17988.4194  0.3661 
   00216    0.4347  -17826.2270  0.3662 
   00217    0.4370  -17804.3431  0.3652 
   00218    0.4342  -17889.7357  0.3654 
   00219    0.4416  -17920.8576  0.3652 
   00220    0.4238  -17906.7310  0.3617 
   00221    0.4266  -17913.2331  0.3572 
   00222    0.4336  -17896.9492  0.3606 
   00223    0.4144  -17936.7133  0.3648 
   00224    0.4314  -18012.3329  0.3644 
   00225    0.4284  -18069.8186  0.3591 
   00226    0.4277  -17987.0435  0.3612 
   00227    0.4317  -17889.9151  0.3622 
   00228    0.4353  -17791.6320  0.3613 
   00229    0.4342  -17854.2169  0.3663 
   00230    0.4256  -17885.5006  0.3590 
   00231    0.4348  -18014.1554  0.3581 
   00232    0.4239  -17926.7127  0.3622 
   00233    0.4181  -17946.8429  0.3627 
   00234    0.4227  -17931.1499  0.3646 
   00235    0.4278  -18036.0482  0.3726 
   00236    0.4264  -17972.4765  0.3781 
   00237    0.4292  -17947.9943  0.3731 
   00238    0.4277  -18029.1397  0.3740 
   00239    0.4292  -18166.9659  0.3779 
   00240    0.4261  -18085.7917  0.3754 
   00241    0.4242  -18217.8755  0.3769 
   00242    0.4291  -18075.3681  0.3772 
   00243    0.4261  -18103.4936  0.3753 
   00244    0.4117  -18121.4425  0.3732 
   00245    0.4308  -18159.5848  0.3770 
   00246    0.4200  -18124.3444  0.3691 
   00247    0.4278  -18241.7390  0.3670 
   00248    0.4278  -18359.3525  0.3728 
   00249    0.4152  -18266.7837  0.3744 
   00250    0.4203  -18113.8726  0.3723 
   00251    0.4236  -18213.1816  0.3698 
   00252    0.4141  -18252.6898  0.3667 
   00253    0.4300  -18121.2622  0.3728 
   00254    0.4278  -18084.4040  0.3737 
   00255    0.4216  -18079.9723  0.3718 
   00256    0.4284  -18099.0889  0.3716 
   00257    0.4238  -18138.7232  0.3711 
   00258    0.4294  -18075.1817  0.3692 
   00259    0.4161  -17993.5415  0.3753 
   00260    0.4250  -18030.5454  0.3752 
   00261    0.4272  -18104.5221  0.3775 
   00262    0.4344  -18124.9659  0.3782 
   00263    0.4258  -18073.5129  0.3761 
   00264    0.4275  -18111.1871  0.3830 
   00265    0.4242  -18166.5082  0.3884 
   00266    0.4381  -18209.8969  0.3846 
   00267    0.4258  -18296.1329  0.3802 
   00268    0.4330  -18401.2673  0.3825 
   00269    0.4117  -18425.6830  0.3843 
   00270    0.4116  -18417.6423  0.3818 
   00271    0.4192  -18511.0344  0.3838 
   00272    0.4245  -18490.9656  0.3811 
   00273    0.4169  -18406.5778  0.3797 
   00274    0.4277  -18432.8527  0.3747 
   00275    0.4188  -18296.5033  0.3704 
   00276    0.4258  -18305.8002  0.3722 
   00277    0.4202  -18348.8834  0.3782 
   00278    0.4233  -18307.6875  0.3725 
   00279    0.4180  -18174.2338  0.3727 
   00280    0.4255  -18410.8509  0.3763 
   00281    0.4273  -18395.7784  0.3732 
   00282    0.4161  -18398.7558  0.3631 
   00283    0.4228  -18450.6774  0.3582 
   00284    0.4234  -18257.0691  0.3547 
   00285    0.4169  -18211.3537  0.3530 
   00286    0.4280  -18207.9404  0.3541 
   00287    0.4122  -18177.6132  0.3512 
   00288    0.4242  -18003.0828  0.3422 
   00289    0.4247  -17985.0536  0.3467 
   00290    0.4284  -18085.3855  0.3497 
   00291    0.4284  -18006.9142  0.3455 
   00292    0.4280  -18159.1129  0.3428 
   00293    0.4248  -18229.4394  0.3446 
   00294    0.4202  -18155.0617  0.3485 
   00295    0.4206  -18222.0095  0.3501 
   00296    0.4309  -18255.7667  0.3486 
   00297    0.4158  -18287.0300  0.3503 
   00298    0.4236  -18240.8087  0.3498 
   00299    0.4317  -18272.5138  0.3559 
   00300    0.4205  -18318.4611  0.3480 
   00301    0.4161  -18374.3064  0.3563 
   00302    0.4270  -18349.5166  0.3568 
   00303    0.4248  -18330.9926  0.3625 
   00304    0.4209  -18330.5062  0.3657 
   00305    0.4037  -18181.2104  0.3707 
   00306    0.4206  -18173.5779  0.3730 
   00307    0.4211  -17997.6754  0.3735 
   00308    0.4289  -17905.9101  0.3661 
   00309    0.4280  -17923.9249  0.3641 
   00310    0.4347  -18000.7453  0.3684 
   00311    0.4325  -18064.2900  0.3625 
   00312    0.4297  -17898.5586  0.3649 
   00313    0.4223  -17999.5010  0.3657 
   00314    0.4214  -18012.0050  0.3584 
   00315    0.4275  -18095.7273  0.3633 
   00316    0.4211  -18207.1633  0.3614 
   00317    0.4189  -18049.4317  0.3616 
   00318    0.4328  -18014.4574  0.3614 
   00319    0.4313  -17983.5620  0.3565 
   00320    0.4133  -18138.6769  0.3630 
   00321    0.4217  -18128.9620  0.3636 
   00322    0.4302  -18273.6281  0.3611 
   00323    0.4308  -18279.0503  0.3651 
   00324    0.4139  -18186.7966  0.3655 
   00325    0.4222  -18229.3120  0.3672 
   00326    0.4258  -18198.2444  0.3676 
   00327    0.4183  -18192.3953  0.3631 
   00328    0.4317  -18118.8494  0.3634 
   00329    0.4333  -18191.7016  0.3563 
   00330    0.4233  -18060.7942  0.3562 
   00331    0.4322  -18199.9713  0.3529 
   00332    0.4158  -18148.8339  0.3546 
   00333    0.4219  -18067.9582  0.3566 
   00334    0.4280  -18011.2467  0.3630 
   00335    0.4369  -18021.3575  0.3650 
   00336    0.4331  -18046.6043  0.3681 
   00337    0.4298  -17966.4292  0.3653 
   00338    0.4328  -18122.5322  0.3673 
   00339    0.4259  -18161.5003  0.3671 
   00340    0.4244  -18112.5355  0.3623 
   00341    0.4198  -18254.2346  0.3605 
   00342    0.4231  -18168.8863  0.3584 
   00343    0.4255  -18147.5796  0.3562 
   00344    0.4334  -18141.9921  0.3531 
   00345    0.4198  -18131.7554  0.3494 
   00346    0.4070  -18157.3310  0.3481 
   00347    0.4161  -18157.6929  0.3439 
   00348    0.4189  -18077.7488  0.3495 
   00349    0.4195  -18085.1185  0.3515 
   00350    0.4313  -18005.2242  0.3472 
   00351    0.4356  -18072.3187  0.3479 
   00352    0.4294  -18100.9037  0.3491 
   00353    0.4273  -17989.7202  0.3495 
   00354    0.4272  -17940.0104  0.3510 
   00355    0.4233  -18038.1461  0.3554 
   00356    0.4306  -18122.8488  0.3547 
   00357    0.4247  -18057.6315  0.3555 
   00358    0.4300  -18072.4221  0.3481 
   00359    0.4253  -17978.6304  0.3506 
   00360    0.4300  -18002.5857  0.3501 
   00361    0.4320  -18026.3542  0.3565 
   00362    0.4323  -17974.4101  0.3573 
   00363    0.4275  -17884.4953  0.3604 
   00364    0.4242  -17855.5547  0.3600 
   00365    0.4272  -17912.8087  0.3630 
   00366    0.4391  -17763.2328  0.3623 
   00367    0.4283  -17787.4490  0.3623 
   00368    0.4358  -17940.9010  0.3630 
   00369    0.4300  -17768.0524  0.3616 
   00370    0.4334  -17681.4639  0.3664 
   00371    0.4364  -17740.4317  0.3584 
   00372    0.4363  -17742.1940  0.3635 
   00373    0.4277  -17884.8206  0.3688 
   00374    0.4277  -17967.1078  0.3689 
   00375    0.4273  -17997.5212  0.3728 
   00376    0.4261  -18016.3087  0.3717 
   00377    0.4334  -18062.0690  0.3650 
   00378    0.4369  -18019.2829  0.3675 
   00379    0.4245  -18028.2117  0.3679 
   00380    0.4213  -17934.2414  0.3617 
   00381    0.4280  -17928.4557  0.3665 
   00382    0.4336  -18000.8287  0.3671 
   00383    0.4338  -17854.8420  0.3708 
   00384    0.4281  -17974.3926  0.3705 
   00385    0.4269  -17945.2977  0.3597 
   00386    0.4433  -17891.4904  0.3625 
   00387    0.4298  -17896.5462  0.3656 
   00388    0.4263  -17954.8442  0.3723 
   00389    0.4256  -17956.8240  0.3701 
   00390    0.4220  -17876.2477  0.3670 
   00391    0.4273  -17985.3377  0.3659 
   00392    0.4220  -18012.6224  0.3689 
   00393    0.4244  -18007.2107  0.3751 
   00394    0.4292  -18046.9412  0.3820 
   00395    0.4200  -18032.5118  0.3761 
   00396    0.4283  -18018.8736  0.3692 
   00397    0.4292  -18024.7952  0.3761 
   00398    0.4217  -18085.5483  0.3765 
   00399    0.4205  -18119.9347  0.3721 
   00400    0.4198  -18030.1720  0.3746 
   00401    0.4277  -18040.5089  0.3782 
   00402    0.4133  -18026.1690  0.3782 
   00403    0.4352  -18060.7137  0.3775 
   00404    0.4288  -17958.5506  0.3771 
   00405    0.4373  -18165.7828  0.3805 
   00406    0.4275  -18244.0231  0.3857 
   00407    0.4253  -18297.5774  0.3834 
   00408    0.4295  -18205.4792  0.3884 
   00409    0.4241  -18093.2546  0.3867 
   00410    0.4128  -18107.9699  0.3883 
   00411    0.4148  -18048.8362  0.3863 
   00412    0.4283  -17980.2016  0.3854 
   00413    0.4159  -18092.8252  0.3922 
   00414    0.4203  -18127.0551  0.3976 
   00415    0.4220  -18038.0579  0.3994 
   00416    0.4272  -18029.5922  0.3943 
   00417    0.4341  -18158.4208  0.3904 
   00418    0.4270  -18298.9839  0.3912 
   00419    0.4131  -18349.4100  0.3927 
   00420    0.4209  -18183.1671  0.3956 
   00421    0.4266  -18095.1240  0.3958 
   00422    0.4227  -18160.9023  0.3900 
   00423    0.4313  -18183.8169  0.3891 
   00424    0.4280  -18122.0756  0.3946 
   00425    0.4217  -18002.9923  0.3885 
   00426    0.4245  -18036.8676  0.3884 
   00427    0.4220  -18108.4549  0.3904 
   00428    0.4244  -18057.5168  0.3919 
   00429    0.4297  -18097.3098  0.3945 
   00430    0.4234  -18033.2653  0.3933 
   00431    0.4216  -17983.0874  0.3888 
   00432    0.4292  -18008.5454  0.3905 
   00433    0.4214  -18069.6972  0.3867 
   00434    0.4239  -17930.7614  0.3883 
   00435    0.4152  -17963.2178  0.3943 
   00436    0.4291  -17978.7877  0.3935 
   00437    0.4336  -17986.2898  0.3952 
   00438    0.4289  -17946.9221  0.3974 
   00439    0.4369  -17934.3262  0.3937 
   00440    0.4378  -17800.5692  0.3871 
   00441    0.4328  -17900.5568  0.3937 
   00442    0.4283  -17894.5082  0.3885 
   00443    0.4358  -17881.6285  0.3936 
   00444    0.4270  -17882.0610  0.3935 
   00445    0.4302  -17840.1353  0.3958 
   00446    0.4206  -17892.7482  0.3935 
   00447    0.4334  -17973.7567  0.3934 
   00448    0.4302  -18053.1170  0.3933 
   00449    0.4248  -18021.8221  0.4005 
   00450    0.4250  -18024.4334  0.4060 
   00451    0.4158  -18209.4032  0.4055 
   00452    0.4308  -18162.4707  0.4045 
   00453    0.4239  -18204.2211  0.4059 
   00454    0.4220  -18221.9515  0.4076 
   00455    0.4236  -18278.9728  0.3997 
   00456    0.4231  -18177.1406  0.4024 
   00457    0.4230  -18156.1905  0.4069 
   00458    0.4306  -18133.5548  0.4032 
   00459    0.4228  -18061.7881  0.4055 
   00460    0.4291  -18044.0249  0.4051 
   00461    0.4366  -17960.6587  0.4099 
   00462    0.4295  -17944.8303  0.4079 
   00463    0.4244  -17942.7462  0.4124 
   00464    0.4216  -18105.8637  0.4098 
   00465    0.4169  -18153.5721  0.4098 
   00466    0.4339  -18226.8481  0.4096 
   00467    0.4263  -18110.0229  0.4060 
   00468    0.4169  -18197.7533  0.4062 
   00469    0.4320  -18251.7893  0.4072 
   00470    0.4120  -18107.1055  0.4044 
   00471    0.4298  -17993.6780  0.4063 
   00472    0.4286  -17959.4543  0.4049 
   00473    0.4283  -17925.7178  0.4071 
   00474    0.4300  -18003.1418  0.4075 
   00475    0.4170  -17976.1908  0.4097 
   00476    0.4342  -18039.3255  0.4089 
   00477    0.4267  -17992.0199  0.4031 
   00478    0.4336  -17920.4256  0.4088 
   00479    0.4347  -17996.5511  0.4018 
   00480    0.4138  -18108.8140  0.4009 
   00481    0.4272  -18119.9172  0.4004 
   00482    0.4283  -18138.6952  0.4007 
   00483    0.4167  -18089.4381  0.3938 
   00484    0.4256  -18102.4271  0.3948 
   00485    0.4284  -18075.9960  0.3997 
   00486    0.4219  -18101.8613  0.3992 
   00487    0.4203  -18182.0173  0.3918 
   00488    0.4202  -18126.6470  0.3970 
   00489    0.4255  -18089.7751  0.3968 
   00490    0.4245  -18034.3312  0.3944 
   00491    0.4236  -17980.9999  0.3963 
   00492    0.4184  -17970.3610  0.4027 
   00493    0.4395  -17968.1459  0.4008 
   00494    0.4314  -18045.9715  0.4041 
   00495    0.4277  -18034.2920  0.4025 
   00496    0.4236  -17985.9307  0.3950 
   00497    0.4202  -18009.3430  0.3966 
   00498    0.4258  -18036.2663  0.4080 
   00499    0.4319  -18037.4602  0.4116 
   00500    0.4313  -17904.8633  0.4082 
   00501    0.4341  -17834.6930  0.4097 
   00502    0.4394  -17861.1711  0.4124 
   00503    0.4183  -18045.8292  0.4162 
   00504    0.4173  -18090.2582  0.4161 
   00505    0.4361  -18097.0801  0.4180 
   00506    0.4316  -18192.9562  0.4193 
   00507    0.4331  -18279.7072  0.4248 
   00508    0.4238  -18302.8625  0.4277 
   00509    0.4142  -18180.8040  0.4257 
   00510    0.4286  -18097.2883  0.4243 
   00511    0.4314  -18285.9304  0.4220 
   00512    0.4331  -18168.6197  0.4235 
   00513    0.4216  -18222.8926  0.4240 
   00514    0.4222  -18138.1844  0.4254 
   00515    0.4302  -18171.2765  0.4238 
   00516    0.4309  -18158.1584  0.4295 
   00517    0.4183  -18088.7448  0.4265 
   00518    0.4188  -18164.8330  0.4291 
   00519    0.4294  -18192.3583  0.4302 
   00520    0.4247  -18177.7944  0.4263 
   00521    0.4345  -18079.8271  0.4250 
   00522    0.4294  -18073.6284  0.4240 
   00523    0.4163  -18107.1705  0.4224 
   00524    0.4272  -17931.3352  0.4203 
   00525    0.4320  -18059.2826  0.4272 
   00526    0.4334  -18074.6129  0.4239 
   00527    0.4392  -18081.4905  0.4339 
   00528    0.4225  -18035.1461  0.4360 
   00529    0.4289  -18237.2443  0.4370 
   00530    0.4330  -18228.4372  0.4359 
   00531    0.4234  -18273.3811  0.4390 
   00532    0.4252  -18128.9057  0.4416 
   00533    0.4209  -18228.6319  0.4404 
   00534    0.4341  -18210.3691  0.4453 
   00535    0.4314  -18274.8720  0.4422 
   00536    0.4072  -18262.1432  0.4380 
   00537    0.4166  -18161.1871  0.4341 
   00538    0.4170  -18073.6256  0.4276 
   00539    0.4358  -17941.3426  0.4258 
   00540    0.4223  -17958.4821  0.4247 
   00541    0.4214  -17868.7158  0.4221 
   00542    0.4223  -17882.6253  0.4251 
   00543    0.4281  -17915.3328  0.4257 
   00544    0.4253  -18007.7547  0.4301 
   00545    0.4231  -18027.8613  0.4285 
   00546    0.4263  -18045.1458  0.4291 
   00547    0.4177  -18004.2692  0.4269 
   00548    0.4236  -18058.5245  0.4269 
   00549    0.4244  -17971.1476  0.4262 
   00550    0.4298  -17896.3966  0.4261 
   00551    0.4302  -17949.4331  0.4248 
   00552    0.4264  -17960.9787  0.4208 
   00553    0.4233  -17989.6056  0.4211 
   00554    0.4334  -18024.9494  0.4217 
   00555    0.4222  -18071.5787  0.4193 
   00556    0.4253  -18121.8444  0.4321 
   00557    0.4273  -18060.1578  0.4304 
   00558    0.4200  -18085.3487  0.4343 
   00559    0.4139  -18208.3575  0.4321 
   00560    0.4200  -18063.2759  0.4341 
   00561    0.4250  -17982.8890  0.4396 
   00562    0.4233  -17986.7293  0.4432 
   00563    0.4191  -18143.3009  0.4448 
   00564    0.4216  -18149.2617  0.4467 
   00565    0.4266  -18084.7137  0.4514 
   00566    0.4308  -18061.3340  0.4463 
   00567    0.4267  -17927.1707  0.4451 
   00568    0.4284  -18065.0381  0.4515 
   00569    0.4147  -17976.6144  0.4499 
   00570    0.4233  -18004.2123  0.4410 
   00571    0.4261  -17839.7207  0.4377 
   00572    0.4208  -17939.0114  0.4352 
   00573    0.4252  -18062.1671  0.4314 
   00574    0.4352  -18018.3035  0.4321 
   00575    0.4239  -18013.7894  0.4322 
   00576    0.4238  -18037.4834  0.4260 
   00577    0.4230  -18104.3333  0.4250 
   00578    0.4278  -18038.6228  0.4210 
   00579    0.4263  -18019.6607  0.4167 
   00580    0.4225  -18086.8323  0.4113 
   00581    0.4278  -18028.6960  0.4052 
   00582    0.4356  -18071.7163  0.4044 
   00583    0.4313  -18040.4896  0.4091 
   00584    0.4308  -17935.9044  0.4073 
   00585    0.4344  -17925.9771  0.4040 
   00586    0.4164  -17992.7682  0.4052 
   00587    0.4267  -17920.0694  0.4063 
   00588    0.4236  -17916.4166  0.4112 
   00589    0.4405  -17860.4218  0.4124 
   00590    0.4334  -17949.2691  0.4171 
   00591    0.4222  -17953.0800  0.4237 
   00592    0.4295  -17916.8022  0.4218 
   00593    0.4331  -18016.4718  0.4206 
   00594    0.4317  -17832.7298  0.4186 
   00595    0.4258  -17849.2290  0.4191 
   00596    0.4319  -17867.7181  0.4223 
   00597    0.4273  -17941.9446  0.4301 
   00598    0.4277  -17851.6799  0.4263 
   00599    0.4334  -17970.7308  0.4280 
   00600    0.4269  -17953.6287  0.4319 
   00601    0.4286  -17966.8570  0.4311 
   00602    0.4308  -18030.5361  0.4351 
   00603    0.4238  -18121.0165  0.4412 
   00604    0.4384  -17990.8685  0.4413 
   00605    0.4241  -17917.7105  0.4421 
   00606    0.4263  -18034.6723  0.4445 
   00607    0.4222  -18121.1911  0.4438 
   00608    0.4330  -18032.3405  0.4452 
   00609    0.4216  -18063.8453  0.4460 
   00610    0.4239  -18200.4035  0.4523 
   00611    0.4244  -18067.0952  0.4534 
   00612    0.4252  -18090.1047  0.4525 
   00613    0.4273  -18041.2544  0.4537 
   00614    0.4245  -17970.5094  0.4449 
   00615    0.4284  -17983.2413  0.4361 
   00616    0.4302  -18106.3356  0.4354 
   00617    0.4284  -18200.1325  0.4312 
   00618    0.4286  -18240.5986  0.4306 
   00619    0.4180  -18164.8438  0.4267 
   00620    0.4275  -18177.1187  0.4238 
   00621    0.4188  -18204.7455  0.4172 
   00622    0.4288  -18179.3211  0.4177 
   00623    0.4242  -18196.5639  0.4181 
   00624    0.4269  -18271.7142  0.4152 
   00625    0.4197  -18074.3617  0.4105 
   00626    0.4278  -18041.6200  0.4115 
   00627    0.4306  -18050.3350  0.4125 
   00628    0.4141  -17982.2982  0.4154 
   00629    0.4300  -17828.8592  0.4126 
   00630    0.4331  -17915.4231  0.4144 
   00631    0.4328  -17754.1536  0.4092 
   00632    0.4408  -17769.1974  0.4123 
   00633    0.4369  -17782.7016  0.4121 
   00634    0.4280  -17794.0442  0.4097 
   00635    0.4283  -17770.6413  0.4085 
   00636    0.4320  -17886.8307  0.4129 
   00637    0.4320  -18016.5763  0.4121 
   00638    0.4208  -18073.8096  0.4131 
   00639    0.4220  -18096.8945  0.4193 
   00640    0.4292  -18014.7716  0.4197 
   00641    0.4253  -17916.0689  0.4252 
   00642    0.4147  -17987.8255  0.4265 
   00643    0.4297  -18022.4506  0.4219 
   00644    0.4392  -17798.7574  0.4274 
   00645    0.4283  -17885.2323  0.4294 
   00646    0.4320  -18027.1981  0.4312 
   00647    0.4181  -17953.5659  0.4368 
   00648    0.4223  -18062.0249  0.4342 
   00649    0.4267  -18002.5843  0.4312 
   00650    0.4269  -18033.1616  0.4356 
   00651    0.4097  -18073.6210  0.4330 
   00652    0.4281  -17969.3922  0.4337 
   00653    0.4269  -17880.9961  0.4363 
   00654    0.4180  -17879.0629  0.4337 
   00655    0.4234  -17825.8530  0.4324 
   00656    0.4328  -17912.3092  0.4375 
   00657    0.4302  -17842.2190  0.4267 
   00658    0.4345  -17850.3819  0.4217 
   00659    0.4305  -17771.3609  0.4265 
   00660    0.4411  -17785.2253  0.4264 
   00661    0.4286  -17876.8083  0.4233 
   00662    0.4275  -17951.6604  0.4253 
   00663    0.4211  -18053.1337  0.4262 
   00664    0.4308  -18053.1853  0.4238 
   00665    0.4261  -18055.9436  0.4253 
   00666    0.4292  -17982.7357  0.4269 
   00667    0.4242  -18041.8222  0.4302 
   00668    0.4323  -18000.4554  0.4336 
   00669    0.4328  -17908.2634  0.4302 
   00670    0.4517  -17842.9604  0.4232 
   00671    0.4198  -17874.7256  0.4203 
   00672    0.4245  -17985.7817  0.4223 
   00673    0.4416  -18038.2974  0.4242 
   00674    0.4178  -18133.6370  0.4202 
   00675    0.4223  -18022.6743  0.4137 
   00676    0.4238  -17982.5780  0.4114 
   00677    0.4355  -18115.0127  0.4157 
   00678    0.4114  -18247.2885  0.4141 
   00679    0.4197  -18188.8436  0.4151 
   00680    0.4214  -18173.4795  0.4100 
   00681    0.4231  -17983.0402  0.4063 
   00682    0.4378  -18020.8262  0.4052 
   00683    0.4202  -17979.5774  0.4017 
   00684    0.4473  -17974.6284  0.4158 
   00685    0.4305  -17919.6637  0.4113 
   00686    0.4272  -17943.8417  0.4102 
   00687    0.4331  -18029.5541  0.4122 
   00688    0.4359  -17913.4064  0.4071 
   00689    0.4364  -17942.5073  0.4059 
   00690    0.4278  -18091.9005  0.4020 
   00691    0.4263  -18183.2492  0.3993 
   00692    0.4111  -18232.6534  0.4020 
   00693    0.4272  -18238.3996  0.4016 
   00694    0.4161  -18123.7853  0.4016 
   00695    0.4250  -18160.1758  0.4019 
   00696    0.4225  -18014.4230  0.3976 
   00697    0.4350  -18128.9758  0.3973 
   00698    0.4147  -18128.3394  0.3988 
   00699    0.4272  -18171.4462  0.4037 
   00700    0.4277  -18200.4248  0.4009 
   00701    0.4284  -18219.9763  0.3961 
   00702    0.4159  -18178.5328  0.3902 
   00703    0.4280  -18181.8547  0.3888 
   00704    0.4264  -17988.1734  0.3863 
   00705    0.4288  -18084.7673  0.3867 
   00706    0.4247  -17956.8442  0.3855 
   00707    0.4363  -18003.2889  0.3865 
   00708    0.4303  -18152.3834  0.3846 
   00709    0.4180  -18042.2369  0.3835 
   00710    0.4303  -18151.8922  0.3938 
   00711    0.4186  -18088.0354  0.3917 
   00712    0.4183  -18176.6246  0.3985 
   00713    0.4236  -18131.0336  0.3990 
   00714    0.4291  -18149.9554  0.4006 
   00715    0.4166  -18224.0454  0.4021 
   00716    0.4144  -18242.8297  0.4058 
   00717    0.4289  -18223.5010  0.4070 
   00718    0.4244  -18222.5709  0.4114 
   00719    0.4245  -18146.4771  0.4102 
   00720    0.4239  -18197.9415  0.4118 
   00721    0.4180  -18174.6226  0.4116 
   00722    0.4202  -18243.8482  0.4073 
   00723    0.4183  -18097.3262  0.4019 
   00724    0.4383  -18156.8122  0.3959 
   00725    0.4230  -18131.9262  0.3918 
   00726    0.4200  -18107.0103  0.3909 
   00727    0.4159  -18086.5301  0.3881 
   00728    0.4338  -18051.5682  0.3888 
   00729    0.4177  -18168.2368  0.3882 
   00730    0.4152  -18325.2498  0.3848 
   00731    0.4117  -18312.6259  0.3914 
   00732    0.4164  -18257.7897  0.3897 
   00733    0.4211  -18231.7886  0.3866 
   00734    0.4167  -18135.7536  0.3860 
   00735    0.4206  -18179.4728  0.3854 
   00736    0.4209  -18146.3054  0.3896 
   00737    0.4198  -18069.0925  0.3936 
   00738    0.4345  -18129.4195  0.4022 
   00739    0.4141  -18030.2722  0.4010 
   00740    0.4239  -17929.8049  0.3994 
   00741    0.4114  -18026.6956  0.4006 
   00742    0.4383  -18013.6292  0.4046 
   00743    0.4320  -18012.8009  0.4046 
   00744    0.4295  -18096.4590  0.4000 
   00745    0.4278  -18121.8370  0.3917 
   00746    0.4206  -18224.4964  0.3890 
   00747    0.4234  -18145.4993  0.3889 
   00748    0.4239  -18130.8407  0.3897 
   00749    0.4238  -18159.4504  0.3874 
   00750    0.4231  -18063.5582  0.3888 
   00751    0.4238  -18128.3335  0.3884 
   00752    0.4191  -18121.0120  0.3929 
   00753    0.4267  -18113.3149  0.3903 
   00754    0.4259  -18020.2776  0.3847 
   00755    0.4264  -18018.6930  0.3833 
   00756    0.4330  -17909.4502  0.3822 
   00757    0.4341  -17998.0375  0.3787 
   00758    0.4317  -17976.6836  0.3725 
   00759    0.4145  -17950.5051  0.3680 
   00760    0.4267  -18038.0070  0.3678 
   00761    0.4341  -17974.9469  0.3661 
   00762    0.4330  -18081.3073  0.3593 
   00763    0.4209  -18038.6716  0.3618 
   00764    0.4091  -17988.9087  0.3655 
   00765    0.4323  -18028.7863  0.3714 
   00766    0.4339  -18040.1024  0.3759 
   00767    0.4266  -18068.0208  0.3721 
   00768    0.4328  -18066.4940  0.3716 
   00769    0.4314  -18096.1868  0.3724 
   00770    0.4208  -17969.7264  0.3719 
   00771    0.4273  -17861.8202  0.3695 
   00772    0.4269  -18010.6371  0.3730 
   00773    0.4269  -18046.5396  0.3696 
   00774    0.4361  -18059.1905  0.3705 
   00775    0.4223  -18019.8464  0.3720 
   00776    0.4323  -17965.5175  0.3760 
   00777    0.4331  -17977.9287  0.3769 
   00778    0.4437  -18004.4817  0.3781 
   00779    0.4322  -17961.4298  0.3801 
   00780    0.4228  -18017.2816  0.3772 
   00781    0.4148  -17920.4019  0.3744 
   00782    0.4284  -17862.7646  0.3652 
   00783    0.4227  -17958.2798  0.3595 
   00784    0.4306  -17872.3616  0.3616 
   00785    0.4355  -17842.6363  0.3565 
   00786    0.4339  -18085.6542  0.3554 
   00787    0.4330  -18045.6512  0.3555 
   00788    0.4250  -18096.3436  0.3551 
   00789    0.4242  -17886.2755  0.3550 
   00790    0.4217  -18002.9452  0.3505 
   00791    0.4133  -18037.4106  0.3489 
   00792    0.4297  -18017.5498  0.3552 
   00793    0.4356  -18032.6058  0.3478 
   00794    0.4339  -18116.8312  0.3514 
   00795    0.4339  -18113.1961  0.3542 
   00796    0.4139  -18159.5490  0.3596 
   00797    0.4289  -18215.6787  0.3592 
   00798    0.4144  -18313.0836  0.3592 
   00799    0.4111  -18390.3746  0.3639 
   00800    0.4158  -18353.7459  0.3621 
   00801    0.4209  -18200.1736  0.3616 
   00802    0.4191  -18345.3570  0.3677 
   00803    0.4117  -18286.5280  0.3674 
   00804    0.4242  -18175.1818  0.3682 
   00805    0.4205  -18220.7276  0.3668 
   00806    0.4250  -18267.6035  0.3627 
   00807    0.4189  -18177.9601  0.3616 
   00808    0.4302  -18171.3272  0.3635 
   00809    0.4191  -18280.1794  0.3659 
   00810    0.4272  -18378.5530  0.3669 
   00811    0.4053  -18360.1340  0.3620 
   00812    0.4058  -18301.1539  0.3613 
   00813    0.4216  -18284.5651  0.3634 
   00814    0.4186  -18298.3886  0.3678 
   00815    0.4194  -18370.2725  0.3664 
   00816    0.4172  -18501.5646  0.3662 
   00817    0.4195  -18496.1822  0.3641 
   00818    0.4267  -18392.4433  0.3676 
   00819    0.4180  -18380.9146  0.3629 
   00820    0.4175  -18263.6939  0.3612 
   00821    0.4252  -18276.3955  0.3592 
   00822    0.4263  -18266.6076  0.3533 
   00823    0.4145  -18294.4738  0.3553 
   00824    0.4241  -18373.9010  0.3595 
   00825    0.4259  -18386.6121  0.3650 
   00826    0.4194  -18455.2771  0.3645 
   00827    0.4223  -18296.6554  0.3601 
   00828    0.4239  -18293.4297  0.3617 
   00829    0.4083  -18368.3539  0.3589 
   00830    0.4084  -18337.4576  0.3651 
   00831    0.4250  -18352.3993  0.3594 
   00832    0.4305  -18361.7108  0.3569 
   00833    0.4166  -18433.3783  0.3625 
   00834    0.4213  -18413.1421  0.3674 
   00835    0.4273  -18458.7804  0.3637 
   00836    0.4169  -18345.9431  0.3628 
   00837    0.4188  -18271.6351  0.3602 
   00838    0.4238  -18138.4201  0.3568 
   00839    0.4280  -18203.1187  0.3583 
   00840    0.4173  -18177.5007  0.3569 
   00841    0.4159  -18163.9544  0.3567 
   00842    0.4183  -18091.1049  0.3556 
   00843    0.4317  -18220.0922  0.3613 
   00844    0.4284  -18149.5923  0.3610 
   00845    0.4180  -18340.3184  0.3640 
   00846    0.4202  -18153.6439  0.3657 
   00847    0.4241  -18099.9014  0.3669 
   00848    0.4259  -18043.7248  0.3617 
   00849    0.4338  -18097.2886  0.3689 
   00850    0.4397  -18087.2888  0.3691 
   00851    0.4225  -18159.2293  0.3715 
   00852    0.4217  -18046.3699  0.3672 
   00853    0.4261  -18024.1654  0.3669 
   00854    0.4334  -18099.7398  0.3615 
   00855    0.4247  -18077.5592  0.3648 
   00856    0.4216  -18105.8401  0.3652 
   00857    0.4294  -18152.5041  0.3651 
   00858    0.4241  -18185.7821  0.3713 
   00859    0.4253  -18330.4356  0.3704 
   00860    0.4178  -18315.9432  0.3720 
   00861    0.4241  -18211.9599  0.3659 
   00862    0.4191  -18115.4334  0.3602 
   00863    0.4253  -18127.3088  0.3571 
   00864    0.4225  -18059.4162  0.3508 
   00865    0.4236  -18134.7607  0.3504 
   00866    0.4250  -18195.1920  0.3555 
   00867    0.4200  -18150.2005  0.3616 
   00868    0.4173  -18227.2688  0.3618 
   00869    0.4284  -18223.1165  0.3582 
   00870    0.4339  -18300.7849  0.3688 
   00871    0.4220  -18306.6700  0.3750 
   00872    0.4053  -18351.9089  0.3680 
   00873    0.4197  -18343.6745  0.3635 
   00874    0.4195  -18249.8865  0.3656 
   00875    0.4122  -18334.2903  0.3651 
   00876    0.4298  -18326.2001  0.3633 
   00877    0.4209  -18276.9797  0.3668 
   00878    0.4247  -18214.4687  0.3710 
   00879    0.4142  -18209.6349  0.3720 
   00880    0.4255  -18163.6764  0.3732 
   00881    0.4181  -18325.3267  0.3795 
   00882    0.4136  -18286.0652  0.3807 
   00883    0.4222  -18331.8859  0.3807 
   00884    0.4097  -18334.0699  0.3836 
   00885    0.4219  -18326.3175  0.3849 
   00886    0.4375  -18266.8208  0.3861 
   00887    0.4158  -18270.8115  0.3816 
   00888    0.4222  -18259.0206  0.3737 
   00889    0.4216  -18225.9254  0.3680 
   00890    0.4302  -18179.2605  0.3728 
   00891    0.4230  -18269.3681  0.3714 
   00892    0.4203  -18197.6900  0.3713 
   00893    0.4169  -18227.4975  0.3692 
   00894    0.4283  -18094.2772  0.3634 
   00895    0.4264  -18189.4559  0.3615 
   00896    0.4231  -18174.4163  0.3615 
   00897    0.4256  -18246.2217  0.3620 
   00898    0.4163  -18344.5502  0.3630 
   00899    0.4206  -18286.9617  0.3630 
   00900    0.4106  -18301.3973  0.3659 
   00901    0.4180  -18247.5857  0.3644 
   00902    0.4219  -18191.0738  0.3659 
   00903    0.4244  -18327.5742  0.3623 
   00904    0.4141  -18265.0896  0.3543 
   00905    0.4295  -18037.5126  0.3544 
   00906    0.4220  -18071.2505  0.3533 
   00907    0.4259  -18069.1071  0.3540 
   00908    0.4297  -18095.5505  0.3517 
   00909    0.4216  -18296.3683  0.3490 
   00910    0.4295  -18299.7376  0.3392 
   00911    0.4170  -18328.8099  0.3399 
   00912    0.4202  -18243.1016  0.3378 
   00913    0.4188  -18216.6204  0.3412 
   00914    0.4167  -18199.9318  0.3432 
   00915    0.4233  -18109.2794  0.3435 
   00916    0.4291  -17985.3011  0.3372 
   00917    0.4170  -17946.2586  0.3334 
   00918    0.4255  -17952.8331  0.3344 
   00919    0.4417  -17982.1589  0.3317 
   00920    0.4355  -18147.2072  0.3385 
   00921    0.4191  -18215.3593  0.3394 
   00922    0.4142  -18257.5758  0.3374 
   00923    0.4136  -18116.9592  0.3373 
   00924    0.4184  -18090.5123  0.3318 
   00925    0.4219  -18142.9990  0.3308 
   00926    0.4359  -18103.6536  0.3280 
   00927    0.4277  -18048.9345  0.3289 
   00928    0.4333  -18158.6121  0.3304 
   00929    0.4261  -18076.3544  0.3283 
   00930    0.4281  -18131.5607  0.3318 
   00931    0.4125  -18137.9831  0.3310 
   00932    0.4181  -18087.5432  0.3310 
   00933    0.4205  -18007.8362  0.3324 
   00934    0.4328  -17979.5616  0.3287 
   00935    0.4361  -17975.2143  0.3337 
   00936    0.4191  -18053.6148  0.3287 
   00937    0.4314  -18068.2404  0.3298 
   00938    0.4216  -18244.5808  0.3279 
   00939    0.4203  -18234.1634  0.3325 
   00940    0.4172  -18119.3596  0.3292 
   00941    0.4198  -18075.2256  0.3267 
   00942    0.4283  -18024.2476  0.3280 
   00943    0.4194  -18100.4545  0.3313 
   00944    0.4195  -18112.2494  0.3324 
   00945    0.4230  -18100.8044  0.3228 
   00946    0.4213  -18176.8283  0.3259 
   00947    0.4100  -18144.9737  0.3207 
   00948    0.4222  -18098.1199  0.3319 
   00949    0.4280  -18071.7060  0.3370 
   00950    0.4288  -18166.1118  0.3362 
   00951    0.4159  -18239.0962  0.3396 
   00952    0.4138  -18219.0445  0.3307 
   00953    0.4358  -18282.1740  0.3396 
   00954    0.4263  -18228.6179  0.3393 
   00955    0.4273  -18013.4535  0.3410 
   00956    0.4281  -18019.0558  0.3417 
   00957    0.4256  -18024.7824  0.3417 
   00958    0.4302  -17987.4373  0.3387 
   00959    0.4289  -18038.3660  0.3345 
   00960    0.4294  -18067.7047  0.3385 
   00961    0.4352  -18030.4044  0.3426 
   00962    0.4292  -18038.7855  0.3467 
   00963    0.4227  -18119.2490  0.3508 
   00964    0.4313  -18113.4460  0.3493 
   00965    0.4136  -18115.5349  0.3473 
   00966    0.4281  -18100.5462  0.3502 
   00967    0.4152  -18196.2923  0.3497 
   00968    0.4156  -18219.6352  0.3477 
   00969    0.4222  -18345.1191  0.3506 
   00970    0.4152  -18331.3703  0.3483 
   00971    0.4339  -18298.5501  0.3521 
   00972    0.4283  -18152.2282  0.3436 
   00973    0.4234  -18134.5457  0.3412 
   00974    0.4230  -17977.6995  0.3404 
   00975    0.4306  -18140.2508  0.3420 
   00976    0.4225  -18185.3434  0.3436 
   00977    0.4263  -18183.9551  0.3328 
   00978    0.4256  -18137.5551  0.3346 
   00979    0.4173  -18086.2480  0.3347 
   00980    0.4217  -18096.8750  0.3320 
   00981    0.4175  -18007.9929  0.3326 
   00982    0.4275  -18062.8705  0.3323 
   00983    0.4269  -18106.3340  0.3315 
   00984    0.4227  -18211.7614  0.3330 
   00985    0.4209  -18054.0738  0.3310 
   00986    0.4197  -18129.6196  0.3281 
   00987    0.4153  -18103.3844  0.3292 
   00988    0.4188  -18053.5585  0.3313 
   00989    0.4241  -18194.0969  0.3384 
   00990    0.4331  -18100.3757  0.3323 
   00991    0.4186  -18115.5613  0.3311 
   00992    0.4200  -18200.4082  0.3294 
   00993    0.4183  -18315.5666  0.3304 
   00994    0.4170  -18220.6369  0.3279 
   00995    0.4241  -18297.6673  0.3217 
   00996    0.4198  -18273.2049  0.3196 
   00997    0.4147  -18228.6797  0.3200 
   00998    0.4266  -18303.2612  0.3212 
   00999    0.4164  -18258.2427  0.3220 
   01000    0.4259  -18329.3787  0.3211 
