#=====================================================
# File created:        Mon-06-Nov-2023-at-02-25-41PM
# Size of lattice:     20x20
# Number of MC steps:  1000
# Reduced temperature: 2.000
# Run time (s):        8.758739
#=====================================================
# MC step:  Ratio:     Energy:   Order:
#=====================================================
   00000    0.5000    -416.8329  0.2893 
   00001    0.8225    -586.1490  0.2583 
   00002    0.7750    -567.9417  0.2704 
   00003    0.7500    -628.1832  0.3231 
   00004    0.7625    -637.5880  0.3334 
   00005    0.7700    -591.7870  0.3341 
   00006    0.7275    -622.3135  0.3210 
   00007    0.6975    -614.0451  0.2847 
   00008    0.7450    -617.9147  0.3220 
   00009    0.7275    -603.0906  0.3148 
   00010    0.7550    -632.6697  0.3008 
   00011    0.7475    -630.6191  0.2928 
   00012    0.7300    -639.5070  0.2920 
   00013    0.7225    -639.8486  0.3304 
   00014    0.7050    -646.0899  0.2643 
   00015    0.7200    -598.8521  0.3195 
   00016    0.8175    -620.0260  0.3087 
   00017    0.7750    -598.9504  0.2981 
   00018    0.7300    -613.3751  0.2932 
   00019    0.7050    -628.8594  0.3054 
   00020    0.7700    -651.8515  0.3087 
   00021    0.7200    -660.1009  0.3140 
   00022    0.7550    -637.0735  0.2712 
   00023    0.7200    -596.2300  0.2761 
   00024    0.7600    -605.1116  0.2821 
   00025    0.6775    -672.0806  0.3066 
   00026    0.6850    -638.5462  0.2848 
   00027    0.7200    -643.8104  0.2918 
   00028    0.7475    -666.4049  0.3258 
   00029    0.7450    -573.6691  0.3053 
   00030    0.7400    -602.5791  0.3097 
   00031    0.7450    -583.2891  0.2680 
   00032    0.7525    -618.4416  0.2658 
   00033    0.7700    -597.1735  0.3076 
   00034    0.7650    -589.1047  0.2955 
   00035    0.7250    -577.0285  0.3079 
   00036    0.7625    -596.6857  0.3166 
   00037    0.7400    -655.8896  0.2726 
   00038    0.7225    -642.7532  0.2644 
   00039    0.7325    -667.5501  0.2569 
   00040    0.7125    -670.7210  0.2913 
   00041    0.7500    -654.5130  0.2940 
   00042    0.7700    -618.0884  0.2758 
   00043    0.7625    -586.2784  0.2889 
   00044    0.7150    -627.4701  0.3055 
   00045    0.7225    -618.5260  0.2943 
   00046    0.7150    -622.2066  0.2769 
   00047    0.7025    -611.9126  0.2883 
   00048    0.7300    -695.4342  0.2903 
   00049    0.7150    -628.6537  0.3657 
   00050    0.7325    -640.6503  0.3580 
   00051    0.6975    -718.1210  0.3586 
   00052    0.6850    -700.9484  0.3426 
   00053    0.7625    -595.4676  0.3447 
   00054    0.7475    -675.7413  0.3113 
   00055    0.7300    -627.7473  0.3391 
   00056    0.7475    -617.8798  0.3183 
   00057    0.7475    -662.8735  0.3203 
   00058    0.7275    -669.3098  0.3483 
   00059    0.7100    -678.5642  0.2819 
   00060    0.7500    -600.8263  0.2872 
   00061    0.7475    -619.3854  0.2963 
   00062    0.7525    -608.8401  0.3004 
   00063    0.7400    -650.0053  0.2753 
   00064    0.7125    -647.2603  0.2615 
   00065    0.7475    -624.4112  0.2859 
   00066    0.7375    -614.1153  0.2935 
   00067    0.7550    -626.3131  0.3217 
   00068    0.7525    -624.5137  0.3121 
   00069    0.7175    -618.4774  0.2850 
   00070    0.7500    -651.6772  0.3197 
   00071    0.7350    -631.2290  0.3273 
   00072    0.7275    -685.5929  0.3235 
   00073    0.7075    -611.1184  0.2783 
   00074    0.6975    -616.8740  0.2929 
   00075    0.7125    -610.3006  0.3479 
   00076    0.7700    -595.1289  0.3533 
   00077    0.7100    -594.8295  0.3224 
   00078    0.7375    -597.2218  0.2827 
   00079    0.7475    -607.7982  0.2978 
   00080    0.7425    -573.2441  0.3176 
   00081    0.7650    -604.4085  0.3106 
   00082    0.7525    -588.3064  0.3435 
   00083    0.7700    -622.3297  0.3147 
   00084    0.7475    -597.0702  0.2724 
   00085    0.7350    -608.5723  0.2861 
   00086    0.7525    -644.8014  0.2795 
   00087    0.7200    -617.5130  0.3087 
   00088    0.7200    -634.4590  0.2767 
   00089    0.7425    -591.3319  0.2582 
   00090    0.7375    -604.6563  0.2788 
   00091    0.7475    -574.3126  0.2981 
   00092    0.7250    -588.1701  0.2756 
   00093    0.7425    -566.9148  0.2971 
   00094    0.7700    -600.8298  0.3227 
   00095    0.7600    -599.2543  0.3290 
   00096    0.7825    -592.2615  0.3477 
   00097    0.7575    -607.2896  0.3225 
   00098    0.7225    -628.7591  0.3094 
   00099    0.7600    -659.2120  0.2888 
   00100    0.7275    -672.1037  0.2949 
   00101    0.6975    -637.7636  0.2856 
   00102    0.7250    -587.2581  0.2763 
   00103    0.7300    -655.2326  0.2871 
   00104    0.7325    -655.1108  0.2799 
   00105    0.7450    -601.6470  0.2908 
   00106    0.7450    -662.8077  0.3076 
   00107    0.7250    -634.9219  0.3327 
   00108    0.7125    -637.2048  0.3792 
   00109    0.6900    -654.3788  0.3790 
   00110    0.7300    -675.7153  0.3573 
   00111    0.7100    -704.6616  0.3670 
   00112    0.7175    -676.8980  0.3795 
   00113    0.7375    -682.5459  0.3727 
   00114    0.7450    -606.8640  0.3532 
   00115    0.7025    -648.2339  0.3030 
   00116    0.7100    -725.1215  0.3220 
   00117    0.6900    -703.4144  0.2899 
   00118    0.7100    -632.7325  0.2904 
   00119    0.7425    -631.5196  0.3385 
   00120    0.7025    -654.6398  0.3465 
   00121    0.7000    -618.7037  0.3599 
   00122    0.7150    -622.8219  0.2895 
   00123    0.7375    -592.7513  0.2532 
   00124    0.7250    -667.5526  0.2886 
   00125    0.7125    -669.2670  0.3122 
   00126    0.7325    -675.1346  0.3624 
   00127    0.7000    -652.4993  0.3280 
   00128    0.7350    -700.6478  0.3169 
   00129    0.7475    -674.6243  0.2961 
   00130    0.7125    -664.7674  0.2624 
   00131    0.7300    -635.5520  0.2834 
   00132    0.7650    -624.3341  0.2756 
   00133    0.7025    -672.9175  0.2933 
   00134    0.6825    -676.6548  0.2872 
   00135    0.7075    -644.9594  0.2624 
   00136    0.7000    -608.8256  0.2588 
   00137    0.7450    -563.5453  0.2677 
   00138    0.6900    -651.5745  0.3036 
   00139    0.7325    -680.2270  0.2819 
   00140    0.7900    -662.2172  0.2540 
   00141    0.6950    -590.0045  0.2708 
   00142    0.7550    -615.9364  0.2823 
   00143    0.7450    -674.9395  0.3208 
   00144    0.7500    -617.9409  0.3263 
   00145    0.7350    -610.5292  0.3030 
   00146    0.7275    -601.7942  0.2965 
   00147    0.7750    -613.2006  0.2713 
   00148    0.7175    -663.2145  0.3101 
   00149    0.7350    -652.3473  0.3243 
   00150    0.7500    -617.1785  0.3101 
   00151    0.7375    -657.4801  0.3135 
   00152    0.7250    -634.3395  0.3307 
   00153    0.6900    -654.1426  0.3207 
   00154    0.7400    -629.8222  0.2802 
   00155    0.7350    -678.5388  0.3160 
   00156    0.7400    -650.4074  0.3264 
   00157    0.7550    -630.1176  0.3400 
   00158    0.6850    -606.9066  0.3045 
   00159    0.7275    -654.0770  0.2948 
   00160    0.7525    -635.6609  0.2866 
   00161    0.7400    -639.5370  0.2913 
   00162    0.7275    -643.9849  0.3362 
   00163    0.6825    -642.8050  0.3012 
   00164    0.6625    -643.6543  0.3198 
   00165    0.7400    -634.1108  0.3343 
   00166    0.7650    -591.0537  0.3038 
   00167    0.7050    -651.3253  0.2948 
   00168    0.7200    -642.2855  0.3016 
   00169    0.7050    -603.4630  0.3324 
   00170    0.7575    -654.0704  0.2930 
   00171    0.7000    -664.6729  0.2663 
   00172    0.7200    -668.4244  0.2864 
   00173    0.7075    -626.5783  0.3176 
   00174    0.7800    -614.9101  0.3085 
   00175    0.6900    -604.1887  0.2932 
   00176    0.7050    -631.3472  0.2840 
   00177    0.7425    -661.7946  0.3157 
   00178    0.7200    -629.8369  0.2928 
   00179    0.7300    -647.4391  0.3077 
   00180    0.7650    -640.6916  0.3253 
   00181    0.7100    -670.8362  0.2630 
   00182    0.7025    -680.2418  0.2678 
   00183    0.7400    -693.1387  0.2777 
   00184    0.7675    -682.1997  0.2635 
   00185    0.7075    -695.5138  0.2960 
   00186    0.7425    -642.3338  0.2624 
   00187    0.7100    -621.8474  0.2921 
   00188    0.7050    -656.3654  0.3014 
   00189    0.7450    -636.8404  0.3128 
   00190    0.7400    -635.4820  0.3237 
   00191    0.7600    -644.5983  0.2804 
   00192    0.7550    -607.8679  0.3158 
   00193    0.7550    -636.8710  0.3146 
   00194    0.7225    -575.8048  0.3046 
   00195    0.7225    -643.9952  0.2964 
   00196    0.7200    -615.4374  0.2760 
   00197    0.7425    -679.1694  0.2881 
   00198    0.7575    -635.0565  0.3011 
   00199    0.7225    -646.7631  0.3250 
   00200    0.7500    -682.4862  0.3443 
   00201    0.6850    -686.5107  0.3387 
   00202    0.7050    -654.7060  0.2998 
   00203    0.7375    -624.8575  0.2876 
   00204    0.7125    -661.7520  0.3077 
   00205    0.7250    -649.6466  0.3359 
   00206    0.6900    -665.8712  0.2947 
   00207    0.7275    -629.1488  0.2950 
   00208    0.7400    -626.2250  0.2665 
   00209    0.7375    -620.3526  0.2695 
   00210    0.7150    -658.1226  0.2722 
   00211    0.7350    -617.0492  0.3474 
   00212    0.6975    -630.9479  0.3533 
   00213    0.7100    -648.1760  0.3146 
   00214    0.7100    -664.1199  0.2864 
   00215    0.7575    -637.1800  0.2727 
   00216    0.7250    -643.2232  0.3246 
   00217    0.7600    -646.8147  0.3422 
   00218    0.7525    -623.8042  0.3646 
   00219    0.6825    -670.9351  0.4090 
   00220    0.6950    -661.9209  0.3833 
   00221    0.7100    -692.8454  0.3288 
   00222    0.7250    -642.2862  0.2729 
   00223    0.7225    -606.9432  0.2732 
   00224    0.7475    -616.1767  0.3059 
   00225    0.7250    -640.9186  0.3279 
   00226    0.7350    -643.5823  0.3434 
   00227    0.7275    -642.0851  0.2999 
   00228    0.7450    -628.9739  0.2936 
   00229    0.8075    -602.3541  0.2929 
   00230    0.7425    -605.7887  0.2729 
   00231    0.7575    -569.1590  0.2611 
   00232    0.7175    -607.8362  0.3220 
   00233    0.7600    -612.4515  0.3095 
   00234    0.7350    -607.9426  0.2896 
   00235    0.7625    -544.5827  0.2742 
   00236    0.7500    -577.2040  0.2738 
   00237    0.7425    -632.4027  0.2585 
   00238    0.7025    -623.4228  0.3031 
   00239    0.7400    -613.0088  0.2570 
   00240    0.7550    -631.6063  0.2898 
   00241    0.7250    -664.7497  0.3030 
   00242    0.7025    -654.3680  0.3010 
   00243    0.7725    -623.7661  0.2963 
   00244    0.7225    -616.4724  0.2654 
   00245    0.7100    -622.3148  0.2990 
   00246    0.7375    -617.5098  0.2673 
   00247    0.7350    -628.3860  0.2886 
   00248    0.7075    -601.9431  0.2637 
   00249    0.7475    -642.6289  0.2624 
   00250    0.7400    -674.6725  0.2964 
   00251    0.7425    -628.9149  0.2970 
   00252    0.7525    -608.4743  0.2720 
   00253    0.7525    -628.2454  0.2678 
   00254    0.7150    -618.3415  0.2946 
   00255    0.7575    -629.4395  0.2693 
   00256    0.7775    -642.9893  0.2819 
   00257    0.7225    -625.1924  0.3222 
   00258    0.7225    -599.4481  0.2841 
   00259    0.7700    -609.7854  0.3040 
   00260    0.7350    -650.2002  0.3045 
   00261    0.7200    -572.8496  0.2680 
   00262    0.7275    -635.4018  0.2657 
   00263    0.6850    -669.4464  0.2901 
   00264    0.7125    -644.7695  0.3369 
   00265    0.7025    -661.7326  0.3233 
   00266    0.7250    -648.2370  0.2923 
   00267    0.6825    -626.1364  0.2773 
   00268    0.6975    -667.7938  0.3378 
   00269    0.7325    -662.5826  0.3148 
   00270    0.7425    -657.9001  0.3381 
   00271    0.6900    -579.4364  0.3140 
   00272    0.7825    -597.7988  0.2956 
   00273    0.7400    -607.9793  0.3075 
   00274    0.7350    -624.7144  0.2870 
   00275    0.7350    -636.3616  0.2880 
   00276    0.7775    -635.1090  0.3000 
   00277    0.6875    -681.2961  0.2945 
   00278    0.7000    -639.3505  0.2735 
   00279    0.7375    -610.6425  0.3101 
   00280    0.7200    -622.5857  0.3047 
   00281    0.7225    -634.2015  0.2714 
   00282    0.7575    -652.2817  0.2688 
   00283    0.7375    -623.5232  0.2728 
   00284    0.7475    -600.2754  0.2848 
   00285    0.7400    -616.5801  0.2816 
   00286    0.7075    -652.2666  0.2815 
   00287    0.7275    -651.9456  0.2644 
   00288    0.6975    -618.3453  0.2808 
   00289    0.7350    -603.7354  0.2943 
   00290    0.7375    -633.0458  0.2924 
   00291    0.6950    -704.8277  0.2882 
   00292    0.7225    -666.2039  0.2889 
   00293    0.7075    -649.8464  0.2812 
   00294    0.6950    -682.1466  0.2979 
   00295    0.7000    -665.9315  0.2887 
   00296    0.7150    -665.4431  0.2926 
   00297    0.7350    -610.2218  0.3146 
   00298    0.7275    -634.2422  0.3092 
   00299    0.7050    -629.4591  0.2922 
   00300    0.7775    -583.0567  0.3060 
   00301    0.7475    -597.5291  0.2925 
   00302    0.7500    -612.6732  0.2650 
   00303    0.7600    -662.8625  0.2707 
   00304    0.6900    -708.6971  0.2977 
   00305    0.7400    -674.7286  0.3342 
   00306    0.7025    -622.4330  0.2841 
   00307    0.7475    -688.6513  0.2939 
   00308    0.7475    -735.2837  0.3315 
   00309    0.6725    -702.0202  0.3200 
   00310    0.7250    -686.6663  0.3425 
   00311    0.7525    -627.7459  0.3064 
   00312    0.7100    -657.2036  0.3415 
   00313    0.7350    -654.6610  0.3375 
   00314    0.7275    -586.4612  0.3323 
   00315    0.7425    -613.4531  0.3093 
   00316    0.7400    -651.6461  0.3318 
   00317    0.7125    -636.1469  0.3253 
   00318    0.7250    -650.3280  0.2974 
   00319    0.7025    -709.6222  0.3265 
   00320    0.7175    -655.9213  0.3357 
   00321    0.7450    -650.6299  0.2806 
   00322    0.7325    -647.1726  0.2892 
   00323    0.7350    -647.2121  0.3034 
   00324    0.6900    -646.0413  0.2994 
   00325    0.7250    -637.8068  0.3142 
   00326    0.7250    -639.3632  0.2631 
   00327    0.7625    -637.2276  0.2943 
   00328    0.7750    -671.7020  0.2743 
   00329    0.6925    -639.2861  0.2832 
   00330    0.7375    -625.9454  0.2835 
   00331    0.7325    -670.9381  0.3136 
   00332    0.7125    -664.2356  0.2982 
   00333    0.7275    -633.3382  0.2804 
   00334    0.7275    -635.6203  0.2859 
   00335    0.7350    -609.5506  0.2877 
   00336    0.7475    -630.1117  0.2906 
   00337    0.6950    -594.4420  0.2666 
   00338    0.7350    -625.9276  0.2704 
   00339    0.7025    -674.2271  0.2786 
   00340    0.7475    -625.5346  0.3006 
   00341    0.6950    -658.0542  0.2715 
   00342    0.7000    -652.6409  0.2901 
   00343    0.7400    -641.7828  0.2972 
   00344    0.7525    -633.7717  0.2980 
   00345    0.7475    -640.9353  0.3009 
   00346    0.7225    -689.1209  0.2817 
   00347    0.7325    -648.3048  0.2531 
   00348    0.6925    -642.8761  0.3126 
   00349    0.7350    -621.9893  0.2952 
   00350    0.7525    -654.3229  0.2725 
   00351    0.7275    -672.9590  0.2760 
   00352    0.7175    -617.0204  0.2949 
   00353    0.7500    -641.6988  0.3282 
   00354    0.7200    -653.5503  0.3467 
   00355    0.6925    -667.9813  0.3680 
   00356    0.6925    -657.6652  0.3950 
   00357    0.6825    -682.8093  0.3896 
   00358    0.7250    -661.8808  0.3499 
   00359    0.7050    -641.5646  0.3409 
   00360    0.7000    -664.8404  0.3176 
   00361    0.7075    -616.6097  0.3113 
   00362    0.7000    -643.1885  0.3158 
   00363    0.7375    -620.3962  0.2939 
   00364    0.7125    -642.4738  0.2810 
   00365    0.7075    -601.7291  0.2938 
   00366    0.7750    -594.8230  0.2962 
   00367    0.7950    -616.8927  0.2859 
   00368    0.7175    -666.3481  0.2696 
   00369    0.7200    -605.3959  0.3094 
   00370    0.7325    -695.0723  0.3093 
   00371    0.7200    -629.6571  0.2841 
   00372    0.7625    -620.8525  0.2740 
   00373    0.7500    -668.5701  0.2680 
   00374    0.7225    -652.4664  0.2536 
   00375    0.6975    -629.5944  0.3007 
   00376    0.7050    -638.5603  0.3338 
   00377    0.7625    -595.4509  0.3064 
   00378    0.7650    -617.5634  0.2996 
   00379    0.7150    -609.8749  0.2907 
   00380    0.7825    -586.4860  0.2876 
   00381    0.7625    -635.2179  0.3242 
   00382    0.7350    -649.8535  0.3554 
   00383    0.7375    -630.5344  0.3582 
   00384    0.7275    -641.9242  0.3420 
   00385    0.7500    -647.0665  0.3062 
   00386    0.7175    -651.6920  0.2919 
   00387    0.7475    -606.3970  0.2915 
   00388    0.7700    -576.0306  0.3165 
   00389    0.7400    -587.5657  0.2763 
   00390    0.7175    -623.7486  0.3196 
   00391    0.7300    -592.1738  0.3099 
   00392    0.7450    -600.6700  0.2854 
   00393    0.7450    -624.0938  0.2777 
   00394    0.7275    -630.5621  0.2946 
   00395    0.7200    -639.2474  0.3063 
   00396    0.7175    -667.1427  0.2696 
   00397    0.7250    -667.1433  0.2597 
   00398    0.6600    -645.4490  0.2839 
   00399    0.7550    -662.9339  0.2688 
   00400    0.7425    -652.8545  0.3006 
   00401    0.7300    -609.9519  0.3104 
   00402    0.7650    -632.9917  0.2907 
   00403    0.7425    -576.1806  0.2778 
   00404    0.7275    -621.1991  0.3030 
   00405    0.7225    -620.7259  0.3087 
   00406    0.7225    -606.6578  0.3258 
   00407    0.7875    -605.9574  0.2819 
   00408    0.7400    -637.0856  0.2916 
   00409    0.7575    -645.2456  0.3215 
   00410    0.7300    -648.1971  0.3301 
   00411    0.7350    -641.7557  0.3033 
   00412    0.7625    -639.6387  0.3239 
   00413    0.7150    -686.4416  0.2784 
   00414    0.7425    -604.2107  0.2954 
   00415    0.7500    -647.4174  0.2655 
   00416    0.7100    -622.4103  0.2677 
   00417    0.7300    -574.5351  0.3123 
   00418    0.7450    -568.4973  0.3504 
   00419    0.7750    -560.9435  0.3055 
   00420    0.7225    -604.8316  0.3223 
   00421    0.7125    -599.7899  0.2979 
   00422    0.7525    -615.7146  0.3273 
   00423    0.7100    -657.4237  0.3513 
   00424    0.7425    -602.0763  0.3188 
   00425    0.7625    -625.7745  0.3338 
   00426    0.7325    -670.2039  0.3217 
   00427    0.7475    -631.6200  0.3470 
   00428    0.7725    -607.3103  0.3414 
   00429    0.7225    -601.0352  0.3298 
   00430    0.7400    -619.3112  0.2693 
   00431    0.6900    -680.6737  0.3017 
   00432    0.6725    -665.9831  0.3057 
   00433    0.6700    -681.2512  0.3244 
   00434    0.7250    -645.1007  0.3123 
   00435    0.7125    -639.6677  0.3163 
   00436    0.7575    -593.4928  0.2702 
   00437    0.7525    -592.0731  0.3088 
   00438    0.7675    -610.4716  0.2696 
   00439    0.7250    -628.4149  0.3192 
   00440    0.7650    -602.7042  0.2748 
   00441    0.7200    -599.0408  0.3040 
   00442    0.7225    -621.0139  0.2961 
   00443    0.7575    -582.9235  0.2792 
   00444    0.7225    -599.2166  0.2657 
   00445    0.7500    -648.3962  0.2983 
   00446    0.7650    -663.6112  0.3234 
   00447    0.7075    -690.0826  0.3381 
   00448    0.6825    -627.0003  0.3171 
   00449    0.7100    -637.9211  0.2804 
   00450    0.7025    -642.2188  0.2763 
   00451    0.7525    -642.8283  0.2680 
   00452    0.7025    -678.0056  0.2788 
   00453    0.7400    -654.7189  0.2907 
   00454    0.7125    -674.5173  0.2741 
   00455    0.7275    -643.8728  0.2915 
   00456    0.7275    -625.5801  0.2991 
   00457    0.7100    -573.8591  0.2881 
   00458    0.7800    -611.0521  0.2933 
   00459    0.7425    -633.1339  0.3217 
   00460    0.7175    -639.0256  0.3289 
   00461    0.7250    -656.0528  0.3115 
   00462    0.7250    -607.8936  0.3312 
   00463    0.7300    -633.8462  0.3157 
   00464    0.7125    -654.8921  0.3069 
   00465    0.7250    -610.2322  0.3165 
   00466    0.7475    -608.0902  0.2759 
   00467    0.6700    -660.7395  0.2682 
   00468    0.6975    -626.1495  0.2839 
   00469    0.7050    -597.4771  0.2688 
   00470    0.7550    -613.6626  0.2801 
   00471    0.7200    -638.4641  0.3176 
   00472    0.7400    -661.7954  0.3140 
   00473    0.6950    -709.9223  0.2585 
   00474    0.6600    -679.5573  0.2872 
   00475    0.6725    -708.3721  0.2940 
   00476    0.7000    -665.8645  0.3054 
   00477    0.7125    -640.5168  0.3153 
   00478    0.7350    -664.7214  0.2755 
   00479    0.7250    -615.9387  0.2630 
   00480    0.7625    -597.5576  0.2722 
   00481    0.7850    -613.5983  0.2856 
   00482    0.7525    -664.7407  0.3136 
   00483    0.7375    -653.4387  0.3577 
   00484    0.6950    -678.7440  0.3247 
   00485    0.6525    -642.7004  0.3280 
   00486    0.7200    -615.6439  0.2999 
   00487    0.7050    -639.3486  0.3034 
   00488    0.7525    -672.5660  0.2881 
   00489    0.7275    -634.8287  0.2866 
   00490    0.7225    -625.3340  0.3195 
   00491    0.7575    -632.5172  0.2743 
   00492    0.7300    -601.1695  0.2687 
   00493    0.7525    -648.1633  0.2736 
   00494    0.7050    -679.7944  0.2893 
   00495    0.6925    -740.8820  0.3191 
   00496    0.6625    -690.9884  0.3156 
   00497    0.6875    -660.3593  0.3377 
   00498    0.6600    -639.9372  0.3332 
   00499    0.7650    -669.0014  0.3383 
   00500    0.7825    -616.7192  0.3152 
   00501    0.7400    -569.4935  0.3285 
   00502    0.7750    -584.0061  0.2814 
   00503    0.7350    -613.7681  0.3165 
   00504    0.7500    -611.5698  0.3632 
   00505    0.7550    -621.2217  0.3362 
   00506    0.7250    -626.2713  0.3403 
   00507    0.7375    -618.1529  0.3285 
   00508    0.7325    -611.7933  0.3209 
   00509    0.7425    -635.7247  0.2963 
   00510    0.7775    -648.9687  0.3048 
   00511    0.7500    -645.1193  0.3125 
   00512    0.6925    -708.1821  0.3209 
   00513    0.6750    -748.1122  0.3018 
   00514    0.7250    -669.3416  0.2841 
   00515    0.7125    -640.4659  0.2998 
   00516    0.7050    -717.0458  0.3185 
   00517    0.6875    -657.9604  0.3081 
   00518    0.7300    -653.3629  0.3072 
   00519    0.8000    -599.9606  0.2900 
   00520    0.7475    -600.5039  0.3223 
   00521    0.7600    -591.9950  0.3279 
   00522    0.7725    -568.2271  0.2921 
   00523    0.7675    -641.1167  0.2965 
   00524    0.7225    -658.1201  0.3126 
   00525    0.6775    -642.7075  0.2676 
   00526    0.7100    -678.1131  0.2642 
   00527    0.6500    -661.2445  0.3061 
   00528    0.7075    -624.4026  0.2936 
   00529    0.6975    -646.7259  0.2937 
   00530    0.7025    -622.2138  0.2581 
   00531    0.6675    -671.6021  0.2646 
   00532    0.6950    -664.0839  0.2879 
   00533    0.7525    -657.6924  0.3022 
   00534    0.6700    -676.0500  0.3133 
   00535    0.6900    -652.7192  0.2839 
   00536    0.7075    -636.0896  0.3189 
   00537    0.7375    -639.7418  0.3034 
   00538    0.7150    -592.0114  0.2785 
   00539    0.7225    -606.8707  0.3033 
   00540    0.7350    -575.0826  0.2837 
   00541    0.7375    -608.8614  0.3219 
   00542    0.7400    -661.3099  0.2812 
   00543    0.7200    -637.1881  0.3004 
   00544    0.7200    -629.9691  0.3358 
   00545    0.6775    -665.3277  0.3034 
   00546    0.7625    -662.9442  0.2843 
   00547    0.7250    -706.7235  0.3434 
   00548    0.7100    -683.6538  0.3450 
   00549    0.6925    -684.2607  0.2952 
   00550    0.7175    -655.9911  0.3072 
   00551    0.7450    -627.1257  0.3316 
   00552    0.7725    -673.2511  0.3284 
   00553    0.7025    -656.3887  0.3580 
   00554    0.7025    -615.6804  0.3451 
   00555    0.7775    -623.6986  0.3063 
   00556    0.7575    -598.8987  0.3327 
   00557    0.7725    -663.8349  0.3645 
   00558    0.7150    -694.5970  0.3404 
   00559    0.6950    -674.9855  0.3377 
   00560    0.7400    -596.9958  0.3230 
   00561    0.7450    -654.2460  0.2753 
   00562    0.7675    -604.0325  0.2886 
   00563    0.7450    -619.5842  0.3018 
   00564    0.7175    -622.7516  0.2874 
   00565    0.7525    -629.2253  0.2984 
   00566    0.7325    -659.3093  0.3346 
   00567    0.7100    -641.5168  0.3342 
   00568    0.7025    -623.2116  0.3369 
   00569    0.6650    -635.2408  0.3136 
   00570    0.6875    -653.8419  0.2957 
   00571    0.7175    -641.4151  0.2943 
   00572    0.7300    -713.4165  0.2743 
   00573    0.7275    -695.4533  0.2881 
   00574    0.7100    -635.7653  0.2938 
   00575    0.6725    -651.2392  0.2671 
   00576    0.7200    -647.2780  0.2891 
   00577    0.7400    -637.6903  0.2593 
   00578    0.7500    -653.5253  0.2809 
   00579    0.6775    -640.1745  0.2800 
   00580    0.7375    -623.0370  0.2974 
   00581    0.7125    -641.1135  0.2934 
   00582    0.6875    -661.8362  0.3144 
   00583    0.7175    -676.9697  0.3016 
   00584    0.6975    -701.5137  0.3326 
   00585    0.6875    -669.7363  0.3166 
   00586    0.7450    -662.7025  0.3512 
   00587    0.7225    -639.8797  0.3233 
   00588    0.7550    -621.1206  0.3424 
   00589    0.7750    -645.4215  0.3384 
   00590    0.7100    -658.3555  0.3297 
   00591    0.7025    -617.9252  0.3410 
   00592    0.7300    -628.2696  0.2960 
   00593    0.6875    -693.2157  0.2972 
   00594    0.7175    -661.6186  0.3119 
   00595    0.7300    -573.0972  0.3129 
   00596    0.7275    -657.2386  0.2799 
   00597    0.7275    -613.2404  0.3192 
   00598    0.7550    -611.1184  0.2537 
   00599    0.7400    -632.7780  0.2765 
   00600    0.7450    -639.1847  0.2861 
   00601    0.7725    -659.6036  0.3045 
   00602    0.7425    -603.1532  0.3359 
   00603    0.7450    -599.9302  0.2791 
   00604    0.7500    -588.1745  0.2664 
   00605    0.7325    -621.8437  0.2996 
   00606    0.7475    -624.7232  0.3077 
   00607    0.7200    -643.1345  0.3202 
   00608    0.7100    -685.3785  0.3300 
   00609    0.7150    -650.4015  0.2727 
   00610    0.7325    -698.1945  0.3015 
   00611    0.7575    -631.7569  0.2930 
   00612    0.7075    -661.3566  0.2618 
   00613    0.7200    -652.7856  0.2757 
   00614    0.7350    -663.1796  0.2830 
   00615    0.7300    -700.2978  0.2644 
   00616    0.7125    -661.2244  0.2698 
   00617    0.7400    -649.2764  0.2965 
   00618    0.7125    -683.3099  0.3151 
   00619    0.6825    -679.4112  0.3388 
   00620    0.7125    -677.8393  0.3059 
   00621    0.7275    -677.6771  0.3111 
   00622    0.6850    -696.9813  0.3743 
   00623    0.7350    -630.3738  0.2882 
   00624    0.7050    -600.9700  0.2857 
   00625    0.7300    -636.5465  0.2722 
   00626    0.7250    -647.7203  0.2849 
   00627    0.6850    -660.5548  0.2929 
   00628    0.7025    -614.2445  0.2655 
   00629    0.7775    -589.5718  0.2993 
   00630    0.7575    -644.4624  0.2939 
   00631    0.7025    -668.3110  0.3120 
   00632    0.7100    -653.5708  0.3009 
   00633    0.7550    -620.6058  0.3575 
   00634    0.7475    -651.4484  0.3495 
   00635    0.7025    -630.8966  0.3247 
   00636    0.7425    -623.7194  0.3401 
   00637    0.7275    -666.3533  0.2987 
   00638    0.7675    -611.4755  0.2864 
   00639    0.7275    -603.5572  0.2784 
   00640    0.7300    -594.9921  0.2746 
   00641    0.7275    -584.6903  0.2753 
   00642    0.7650    -625.5434  0.2963 
   00643    0.7225    -634.2552  0.3173 
   00644    0.7475    -633.2000  0.2964 
   00645    0.7250    -674.6256  0.3051 
   00646    0.7275    -657.3850  0.2974 
   00647    0.7275    -638.4661  0.3018 
   00648    0.6750    -666.1671  0.2944 
   00649    0.7075    -624.6060  0.2830 
   00650    0.7475    -561.4627  0.2765 
   00651    0.7525    -578.4203  0.3008 
   00652    0.7375    -622.0027  0.3095 
   00653    0.7425    -641.5300  0.3561 
   00654    0.7300    -624.4581  0.3710 
   00655    0.7075    -625.5220  0.3284 
   00656    0.6875    -631.1926  0.3285 
   00657    0.7125    -634.3751  0.3159 
   00658    0.7050    -645.9699  0.3190 
   00659    0.7600    -647.1193  0.3071 
   00660    0.7450    -692.6301  0.3493 
   00661    0.7150    -651.2407  0.3248 
   00662    0.7000    -676.5751  0.2970 
   00663    0.7575    -638.6004  0.3025 
   00664    0.7250    -637.9344  0.2775 
   00665    0.7650    -616.0572  0.3281 
   00666    0.7850    -653.9578  0.3572 
   00667    0.7050    -655.4858  0.2900 
   00668    0.7300    -632.8208  0.3096 
   00669    0.7600    -660.7637  0.2830 
   00670    0.7575    -675.7385  0.2930 
   00671    0.7075    -662.9480  0.2598 
   00672    0.6900    -684.6448  0.2949 
   00673    0.7350    -617.6156  0.2875 
   00674    0.7275    -645.1837  0.3057 
   00675    0.7300    -630.2177  0.3036 
   00676    0.7500    -583.3174  0.3036 
   00677    0.7425    -652.3354  0.3322 
   00678    0.7200    -650.9979  0.3292 
   00679    0.7350    -626.6733  0.2898 
   00680    0.7500    -676.9278  0.2883 
   00681    0.6875    -678.6024  0.2824 
   00682    0.7250    -622.0793  0.2988 
   00683    0.6925    -662.5583  0.3150 
   00684    0.7250    -657.9577  0.3021 
   00685    0.7425    -624.9584  0.3311 
   00686    0.7100    -660.6472  0.3305 
   00687    0.7250    -617.3280  0.2987 
   00688    0.7725    -633.7581  0.2827 
   00689    0.7325    -627.4789  0.2894 
   00690    0.7350    -648.5189  0.2844 
   00691    0.7400    -640.1471  0.3016 
   00692    0.7250    -696.3990  0.2949 
   00693    0.7300    -716.9575  0.3250 
   00694    0.7100    -672.4172  0.3050 
   00695    0.6800    -728.1518  0.2833 
   00696    0.7200    -605.7745  0.2653 
   00697    0.7500    -607.4549  0.2701 
   00698    0.7200    -654.1521  0.2987 
   00699    0.7325    -623.9839  0.2647 
   00700    0.7250    -619.5122  0.2785 
   00701    0.7175    -638.2421  0.2774 
   00702    0.7275    -670.5717  0.3055 
   00703    0.6950    -662.2897  0.3114 
   00704    0.7025    -624.5194  0.2837 
   00705    0.7350    -635.5211  0.2983 
   00706    0.7500    -681.4197  0.3084 
   00707    0.7125    -643.7759  0.3178 
   00708    0.7200    -630.4638  0.3327 
   00709    0.7650    -611.3791  0.3112 
   00710    0.7575    -569.1535  0.2654 
   00711    0.7450    -601.7016  0.2850 
   00712    0.7325    -623.7471  0.2746 
   00713    0.6850    -618.7595  0.2936 
   00714    0.7450    -637.2985  0.3072 
   00715    0.7325    -644.1292  0.3169 
   00716    0.7000    -617.0460  0.3476 
   00717    0.7450    -608.6450  0.3233 
   00718    0.7350    -627.2040  0.2973 
   00719    0.7200    -663.8510  0.3215 
   00720    0.7075    -664.3672  0.2946 
   00721    0.7075    -678.9653  0.2668 
   00722    0.6900    -632.0829  0.2835 
   00723    0.7300    -606.7772  0.2731 
   00724    0.7500    -603.6908  0.3129 
   00725    0.7500    -632.1701  0.3289 
   00726    0.7025    -640.7332  0.3183 
   00727    0.7425    -606.3498  0.3337 
   00728    0.7375    -606.0524  0.3179 
   00729    0.7425    -643.5578  0.3005 
   00730    0.7400    -660.0267  0.2930 
   00731    0.7275    -622.0879  0.3060 
   00732    0.6925    -627.5785  0.3325 
   00733    0.7575    -672.2111  0.3110 
   00734    0.7375    -631.3099  0.2590 
   00735    0.7125    -636.5931  0.3019 
   00736    0.7250    -601.5292  0.2828 
   00737    0.7625    -585.7595  0.2715 
   00738    0.7300    -586.5499  0.2919 
   00739    0.7650    -634.9313  0.3056 
   00740    0.7100    -623.1270  0.2635 
   00741    0.7500    -615.2444  0.2698 
   00742    0.7750    -598.1429  0.2711 
   00743    0.7325    -648.4109  0.2716 
   00744    0.7575    -634.1224  0.2893 
   00745    0.7225    -660.8701  0.2848 
   00746    0.7300    -668.0185  0.2899 
   00747    0.7400    -659.6531  0.2644 
   00748    0.7425    -680.6415  0.2901 
   00749    0.7000    -667.1640  0.2656 
   00750    0.6725    -639.6435  0.2554 
   00751    0.7400    -621.9989  0.2767 
   00752    0.7375    -625.6368  0.3369 
   00753    0.7675    -624.1510  0.2941 
   00754    0.7550    -664.8036  0.3164 
   00755    0.7075    -650.9358  0.3388 
   00756    0.6900    -621.1440  0.3878 
   00757    0.7525    -649.2698  0.3992 
   00758    0.7200    -688.5273  0.3828 
   00759    0.7350    -611.0975  0.3401 
   00760    0.7575    -608.6569  0.3133 
   00761    0.7050    -620.1957  0.3123 
   00762    0.7350    -644.4205  0.3276 
   00763    0.7100    -635.8921  0.3113 
   00764    0.7350    -634.5719  0.3221 
   00765    0.7125    -645.0659  0.3173 
   00766    0.7250    -608.9618  0.2928 
   00767    0.7400    -629.7118  0.3140 
   00768    0.7150    -648.7710  0.3617 
   00769    0.7375    -616.8803  0.3429 
   00770    0.7275    -614.9760  0.3074 
   00771    0.7725    -607.8546  0.3251 
   00772    0.7500    -624.7088  0.2901 
   00773    0.7300    -616.6970  0.2915 
   00774    0.7300    -608.1962  0.3015 
   00775    0.7150    -608.1441  0.2880 
   00776    0.7725    -681.9091  0.2923 
   00777    0.7525    -659.1504  0.3474 
   00778    0.7075    -673.5440  0.3295 
   00779    0.7500    -605.5709  0.2764 
   00780    0.7375    -668.4336  0.2906 
   00781    0.7475    -639.1778  0.2731 
   00782    0.7050    -622.7453  0.2808 
   00783    0.7125    -628.3265  0.2862 
   00784    0.7425    -620.2104  0.2708 
   00785    0.7375    -662.7199  0.2711 
   00786    0.6750    -668.2872  0.3081 
   00787    0.7075    -670.7498  0.3281 
   00788    0.7375    -652.5049  0.3126 
   00789    0.6950    -591.1465  0.2843 
   00790    0.7800    -643.7054  0.2936 
   00791    0.7075    -623.3032  0.2682 
   00792    0.7175    -679.2179  0.2976 
   00793    0.6975    -643.8188  0.3397 
   00794    0.6875    -620.9185  0.3298 
   00795    0.7300    -630.3506  0.2928 
   00796    0.7425    -615.5466  0.2557 
   00797    0.7125    -632.6234  0.2665 
   00798    0.6925    -614.7715  0.2867 
   00799    0.7300    -637.7578  0.3024 
   00800    0.7400    -597.3509  0.3321 
   00801    0.7100    -599.3308  0.2991 
   00802    0.7750    -622.4268  0.3369 
   00803    0.7275    -664.7524  0.3446 
   00804    0.7100    -657.1989  0.3451 
   00805    0.6925    -630.4416  0.2939 
   00806    0.7675    -656.8570  0.3099 
   00807    0.7025    -623.9625  0.3073 
   00808    0.7125    -629.5302  0.2797 
   00809    0.7325    -644.5284  0.3536 
   00810    0.7125    -622.4404  0.3362 
   00811    0.7325    -640.2420  0.3215 
   00812    0.7525    -668.1741  0.3407 
   00813    0.7300    -642.3831  0.3127 
   00814    0.7450    -642.9410  0.3304 
   00815    0.7200    -576.3348  0.2709 
   00816    0.8000    -602.3536  0.2658 
   00817    0.7700    -539.9203  0.3221 
   00818    0.7650    -597.2883  0.3055 
   00819    0.7075    -621.5329  0.2641 
   00820    0.7075    -604.3474  0.2937 
   00821    0.7575    -574.8537  0.3147 
   00822    0.7700    -596.8893  0.3258 
   00823    0.7125    -554.6014  0.3008 
   00824    0.7650    -585.4957  0.3319 
   00825    0.7275    -653.2673  0.2997 
   00826    0.6875    -651.3054  0.2938 
   00827    0.7375    -644.5022  0.3011 
   00828    0.7025    -675.3527  0.3182 
   00829    0.7400    -689.5097  0.3061 
   00830    0.7575    -645.9833  0.2933 
   00831    0.7000    -673.0387  0.3086 
   00832    0.7425    -646.9389  0.2946 
   00833    0.7500    -696.3103  0.3018 
   00834    0.7375    -618.5764  0.2834 
   00835    0.7775    -619.8152  0.3038 
   00836    0.7175    -636.8330  0.2977 
   00837    0.7525    -628.2834  0.3599 
   00838    0.6900    -676.7506  0.3551 
   00839    0.7450    -648.3997  0.3431 
   00840    0.6975    -619.3081  0.3376 
   00841    0.7125    -633.3099  0.3090 
   00842    0.7325    -635.9405  0.2763 
   00843    0.7525    -644.7633  0.3037 
   00844    0.7125    -620.1383  0.3336 
   00845    0.7000    -627.3881  0.3502 
   00846    0.7325    -653.5542  0.3559 
   00847    0.7025    -646.7889  0.3225 
   00848    0.7050    -620.4188  0.3296 
   00849    0.7300    -582.4604  0.3376 
   00850    0.7700    -627.6384  0.3257 
   00851    0.6750    -636.1507  0.3227 
   00852    0.6900    -636.2884  0.3304 
   00853    0.7325    -682.0257  0.3059 
   00854    0.6950    -640.2211  0.3277 
   00855    0.7050    -626.0687  0.3086 
   00856    0.6975    -662.2487  0.3005 
   00857    0.7200    -618.6233  0.3148 
   00858    0.7800    -643.7937  0.3324 
   00859    0.7300    -632.3575  0.3284 
   00860    0.7675    -609.8828  0.2826 
   00861    0.7300    -628.7837  0.2800 
   00862    0.7675    -590.5371  0.2756 
   00863    0.7700    -584.5426  0.3335 
   00864    0.7525    -579.2401  0.3654 
   00865    0.6875    -613.2531  0.3336 
   00866    0.6900    -632.7291  0.3091 
   00867    0.7000    -686.9381  0.3008 
   00868    0.7100    -661.5972  0.2753 
   00869    0.7000    -687.5134  0.3046 
   00870    0.6750    -639.4933  0.2937 
   00871    0.7250    -624.8359  0.2998 
   00872    0.7175    -685.7669  0.3313 
   00873    0.7775    -615.7719  0.2722 
   00874    0.7250    -640.2483  0.2618 
   00875    0.7275    -648.2504  0.2628 
   00876    0.7175    -608.0923  0.2911 
   00877    0.7225    -626.5575  0.3101 
   00878    0.7500    -620.1213  0.2892 
   00879    0.6975    -635.7235  0.2555 
   00880    0.7000    -654.6085  0.2645 
   00881    0.7075    -683.2561  0.2717 
   00882    0.7200    -597.3944  0.3048 
   00883    0.7725    -638.7490  0.2919 
   00884    0.6825    -637.0972  0.3295 
   00885    0.7325    -640.8194  0.3356 
   00886    0.6900    -677.5697  0.3016 
   00887    0.7000    -636.5175  0.3420 
   00888    0.7250    -671.2441  0.3330 
   00889    0.7275    -667.8333  0.3266 
   00890    0.7150    -689.5628  0.2965 
   00891    0.7275    -651.0639  0.2557 
   00892    0.7000    -653.6611  0.2818 
   00893    0.6975    -645.2712  0.2866 
   00894    0.7300    -643.0178  0.2677 
   00895    0.6400    -660.3132  0.2610 
   00896    0.7250    -678.4510  0.2778 
   00897    0.7400    -608.9698  0.2764 
   00898    0.7150    -579.0993  0.3121 
   00899    0.7300    -524.2059  0.2839 
   00900    0.7375    -616.6095  0.2629 
   00901    0.7650    -588.8938  0.2790 
   00902    0.7375    -631.8656  0.2757 
   00903    0.7425    -612.1408  0.2940 
   00904    0.6975    -631.0631  0.2762 
   00905    0.7550    -588.2836  0.3002 
   00906    0.7625    -586.8397  0.2949 
   00907    0.6800    -618.6100  0.3107 
   00908    0.7750    -620.5628  0.2902 
   00909    0.7550    -608.1164  0.3249 
   00910    0.7350    -622.1752  0.3009 
   00911    0.7650    -605.9609  0.3017 
   00912    0.7025    -634.7301  0.3327 
   00913    0.7325    -646.6096  0.2947 
   00914    0.7225    -584.4943  0.2823 
   00915    0.7200    -635.4430  0.2924 
   00916    0.7450    -611.9759  0.2989 
   00917    0.6775    -673.6009  0.2818 
   00918    0.7250    -582.8108  0.2960 
   00919    0.7325    -653.9611  0.2510 
   00920    0.7025    -658.3599  0.2788 
   00921    0.7100    -691.9618  0.2988 
   00922    0.7250    -650.4699  0.3153 
   00923    0.7300    -646.9065  0.2939 
   00924    0.7150    -640.7381  0.3364 
   00925    0.7025    -663.7450  0.2891 
   00926    0.6750    -702.2651  0.3132 
   00927    0.6775    -733.8192  0.3417 
   00928    0.6975    -683.1793  0.3591 
   00929    0.6700    -658.6725  0.3996 
   00930    0.7250    -644.9758  0.3970 
   00931    0.7300    -705.5141  0.3207 
   00932    0.7150    -659.1510  0.3086 
   00933    0.6875    -696.0482  0.3245 
   00934    0.7400    -689.4247  0.2759 
   00935    0.7250    -624.1835  0.2945 
   00936    0.7750    -615.2280  0.2971 
   00937    0.7550    -560.8108  0.3018 
   00938    0.7750    -613.3770  0.3365 
   00939    0.7650    -592.5730  0.3338 
   00940    0.7575    -622.6949  0.3213 
   00941    0.7575    -638.3978  0.2831 
   00942    0.7175    -621.0651  0.2924 
   00943    0.7525    -653.5411  0.2968 
   00944    0.7400    -603.7151  0.2846 
   00945    0.7350    -595.8996  0.2666 
   00946    0.7425    -616.1549  0.2930 
   00947    0.7550    -620.3190  0.3010 
   00948    0.7500    -659.1850  0.3039 
   00949    0.7400    -607.4317  0.2995 
   00950    0.7075    -621.1195  0.2658 
   00951    0.7350    -674.9166  0.2826 
   00952    0.6800    -664.5052  0.2680 
   00953    0.7150    -661.7527  0.2678 
   00954    0.7050    -657.7695  0.3023 
   00955    0.7375    -659.4513  0.2993 
   00956    0.7275    -637.7055  0.2722 
   00957    0.7025    -622.8611  0.2562 
   00958    0.7700    -630.4020  0.2871 
   00959    0.7200    -614.1849  0.2550 
   00960    0.7450    -597.0388  0.3068 
   00961    0.7625    -621.2331  0.3282 
   00962    0.6975    -668.9327  0.3086 
   00963    0.7325    -663.6623  0.3079 
   00964    0.7400    -679.2841  0.3884 
   00965    0.7200    -621.2478  0.3671 
   00966    0.7350    -655.8180  0.3497 
   00967    0.7125    -652.3826  0.3255 
   00968    0.7225    -643.3219  0.2784 
   00969    0.7200    -673.2299  0.2898 
   00970    0.7375    -614.2762  0.3006 
   00971    0.7125    -642.2979  0.2807 
   00972    0.6800    -671.3593  0.3311 
   00973    0.6950    -659.6937  0.3318 
   00974    0.7550    -664.4337  0.3065 
   00975    0.7525    -630.2933  0.2900 
   00976    0.7050    -696.5941  0.2811 
   00977    0.7050    -603.1462  0.3102 
   00978    0.7450    -638.9345  0.3152 
   00979    0.7075    -650.4748  0.3100 
   00980    0.6725    -637.0546  0.3252 
   00981    0.6950    -658.2269  0.3138 
   00982    0.7425    -628.1992  0.3034 
   00983    0.7450    -631.9866  0.2712 
   00984    0.7375    -657.6415  0.3026 
   00985    0.7250    -643.9774  0.2893 
   00986    0.6975    -703.3268  0.3593 
   00987    0.6825    -705.4481  0.3648 
   00988    0.7150    -641.3818  0.3342 
   00989    0.7775    -644.4466  0.3301 
   00990    0.7300    -645.0655  0.2973 
   00991    0.7300    -655.2433  0.3072 
   00992    0.7400    -602.7182  0.3443 
   00993    0.7100    -576.2153  0.3351 
   00994    0.7250    -591.5569  0.3105 
   00995    0.7350    -559.9911  0.2794 
   00996    0.7400    -578.7667  0.2922 
   00997    0.7150    -592.8384  0.3019 
   00998    0.7625    -609.3210  0.3102 
   00999    0.7325    -672.4077  0.2538 
   01000    0.7100    -683.5003  0.2888 
