#=====================================================
# File created:        Mon-06-Nov-2023-at-11-34-45AM
# Size of lattice:     80x80
# Number of MC steps:  1000
# Reduced temperature: 0.600
# Run time (s):        171.203356
#=====================================================
# MC step:  Ratio:     Energy:   Order:
#=====================================================
   00000    0.5000   -6289.6159  0.2543 
   00001    0.6800   -7254.7728  0.2584 
   00002    0.6412   -8043.2692  0.2553 
   00003    0.6375   -8760.3374  0.2564 
   00004    0.6188   -9425.6276  0.2587 
   00005    0.6281   -9907.6015  0.2574 
   00006    0.5875  -10459.7171  0.2560 
   00007    0.5756  -10878.7826  0.2531 
   00008    0.5763  -11294.6206  0.2521 
   00009    0.5700  -11760.9713  0.2519 
   00010    0.5487  -12175.6263  0.2548 
   00011    0.5481  -12473.8331  0.2524 
   00012    0.5600  -12786.5861  0.2550 
   00013    0.5250  -13110.6796  0.2603 
   00014    0.5331  -13360.8729  0.2631 
   00015    0.5169  -13623.3409  0.2638 
   00016    0.5050  -13828.7104  0.2647 
   00017    0.4925  -14124.5783  0.2673 
   00018    0.5088  -14370.0513  0.2678 
   00019    0.5038  -14569.9060  0.2648 
   00020    0.4931  -14742.1238  0.2662 
   00021    0.4894  -14915.9410  0.2704 
   00022    0.4963  -15021.9948  0.2716 
   00023    0.4831  -15188.4527  0.2757 
   00024    0.4806  -15359.0955  0.2786 
   00025    0.4863  -15517.9670  0.2806 
   00026    0.4625  -15616.1327  0.2844 
   00027    0.4725  -15763.6516  0.2850 
   00028    0.4706  -15905.4768  0.2852 
   00029    0.4788  -16027.6343  0.2826 
   00030    0.4800  -16120.0660  0.2809 
   00031    0.4731  -16238.5149  0.2845 
   00032    0.4512  -16323.0990  0.2869 
   00033    0.4587  -16427.6665  0.2840 
   00034    0.4519  -16500.0527  0.2842 
   00035    0.4669  -16605.6882  0.2836 
   00036    0.4412  -16656.6062  0.2850 
   00037    0.4537  -16748.0976  0.2880 
   00038    0.4338  -16851.4432  0.2902 
   00039    0.4763  -16932.4419  0.2906 
   00040    0.4738  -17009.8298  0.2947 
   00041    0.4462  -17132.3131  0.2933 
   00042    0.4313  -17133.1416  0.2940 
   00043    0.4300  -17171.2169  0.2933 
   00044    0.4475  -17206.6631  0.2920 
   00045    0.4462  -17282.1610  0.2924 
   00046    0.4594  -17320.9669  0.2930 
   00047    0.4506  -17415.5863  0.2962 
   00048    0.4500  -17508.3580  0.2953 
   00049    0.4437  -17588.1757  0.2937 
   00050    0.4281  -17621.1350  0.2931 
   00051    0.4356  -17662.1861  0.2939 
   00052    0.4213  -17686.0540  0.2954 
   00053    0.4600  -17672.6795  0.2959 
   00054    0.4569  -17762.5678  0.2961 
   00055    0.4406  -17792.0883  0.2946 
   00056    0.4431  -17822.6373  0.2981 
   00057    0.4506  -17834.6578  0.2993 
   00058    0.4619  -17879.2242  0.2948 
   00059    0.4506  -17947.6305  0.2942 
   00060    0.4263  -17996.1980  0.2972 
   00061    0.4306  -17999.4417  0.3000 
   00062    0.4444  -18030.0169  0.2999 
   00063    0.4175  -18020.3321  0.3022 
   00064    0.4156  -18006.8289  0.3059 
   00065    0.4300  -18017.0904  0.3052 
   00066    0.4269  -18044.4937  0.3064 
   00067    0.4288  -18071.9278  0.3082 
   00068    0.4075  -18092.4044  0.3075 
   00069    0.4081  -18187.7603  0.3082 
   00070    0.4238  -18181.5344  0.3110 
   00071    0.4425  -18235.4733  0.3133 
   00072    0.4100  -18259.5570  0.3164 
   00073    0.4344  -18317.9757  0.3194 
   00074    0.4263  -18363.4348  0.3207 
   00075    0.4231  -18413.4040  0.3202 
   00076    0.4181  -18464.5625  0.3204 
   00077    0.4119  -18504.3260  0.3194 
   00078    0.4219  -18551.9530  0.3189 
   00079    0.4469  -18520.7570  0.3214 
   00080    0.4188  -18574.1048  0.3225 
   00081    0.4356  -18596.5323  0.3227 
   00082    0.4306  -18676.6563  0.3237 
   00083    0.4263  -18699.8440  0.3219 
   00084    0.4313  -18668.6531  0.3233 
   00085    0.3950  -18725.4356  0.3237 
   00086    0.4125  -18720.1206  0.3238 
   00087    0.4200  -18715.4555  0.3221 
   00088    0.4300  -18739.4786  0.3199 
   00089    0.4131  -18720.7075  0.3216 
   00090    0.4231  -18721.5795  0.3210 
   00091    0.4019  -18712.0480  0.3186 
   00092    0.4225  -18724.0240  0.3198 
   00093    0.4206  -18748.6045  0.3159 
   00094    0.4125  -18778.2544  0.3160 
   00095    0.4238  -18897.7808  0.3167 
   00096    0.4381  -18906.6641  0.3159 
   00097    0.4131  -18982.4074  0.3173 
   00098    0.4125  -18979.1805  0.3183 
   00099    0.4075  -18970.2677  0.3213 
   00100    0.4219  -18942.9912  0.3219 
   00101    0.4250  -18945.3508  0.3235 
   00102    0.4156  -18949.5280  0.3257 
   00103    0.4006  -18979.3123  0.3235 
   00104    0.4131  -18987.8441  0.3242 
   00105    0.4100  -18981.3465  0.3260 
   00106    0.4081  -19028.4847  0.3244 
   00107    0.4394  -18982.5899  0.3257 
   00108    0.4381  -19011.4007  0.3241 
   00109    0.3944  -19052.4766  0.3231 
   00110    0.4050  -19104.9222  0.3256 
   00111    0.4044  -19114.0370  0.3250 
   00112    0.4075  -19104.7484  0.3268 
   00113    0.4219  -19077.9455  0.3258 
   00114    0.3950  -19094.6468  0.3249 
   00115    0.4188  -19133.7886  0.3232 
   00116    0.4194  -19109.2649  0.3212 
   00117    0.4250  -19150.1774  0.3217 
   00118    0.4250  -19151.7843  0.3213 
   00119    0.4056  -19236.1147  0.3208 
   00120    0.4000  -19257.3076  0.3224 
   00121    0.4000  -19271.5465  0.3215 
   00122    0.4088  -19255.9427  0.3224 
   00123    0.4275  -19231.8183  0.3224 
   00124    0.4238  -19268.2387  0.3242 
   00125    0.3925  -19300.5303  0.3239 
   00126    0.4050  -19346.8276  0.3263 
   00127    0.4181  -19372.1585  0.3279 
   00128    0.3875  -19414.1752  0.3293 
   00129    0.3825  -19443.0499  0.3304 
   00130    0.4069  -19468.0856  0.3281 
   00131    0.4062  -19468.1830  0.3290 
   00132    0.4331  -19465.5269  0.3288 
   00133    0.3912  -19478.0508  0.3270 
   00134    0.4269  -19472.9315  0.3293 
   00135    0.3987  -19464.0877  0.3283 
   00136    0.4131  -19518.9619  0.3280 
   00137    0.4100  -19532.9429  0.3276 
   00138    0.3956  -19485.4844  0.3277 
   00139    0.3994  -19475.5616  0.3286 
   00140    0.4031  -19532.4167  0.3324 
   00141    0.4269  -19488.5858  0.3314 
   00142    0.4075  -19477.5409  0.3325 
   00143    0.4181  -19455.4866  0.3310 
   00144    0.4006  -19454.6605  0.3304 
   00145    0.3894  -19458.3012  0.3322 
   00146    0.4150  -19445.5727  0.3325 
   00147    0.4025  -19469.3416  0.3336 
   00148    0.4006  -19458.7932  0.3332 
   00149    0.4144  -19428.9372  0.3340 
   00150    0.4138  -19432.1668  0.3305 
   00151    0.4275  -19475.4123  0.3311 
   00152    0.4113  -19489.4347  0.3341 
   00153    0.4081  -19482.8624  0.3337 
   00154    0.4050  -19477.8537  0.3333 
   00155    0.4206  -19459.9809  0.3344 
   00156    0.4256  -19488.8192  0.3318 
   00157    0.3869  -19466.1796  0.3319 
   00158    0.3819  -19504.3707  0.3311 
   00159    0.4163  -19505.0033  0.3311 
   00160    0.4188  -19515.7833  0.3338 
   00161    0.4088  -19506.6188  0.3356 
   00162    0.4062  -19493.2565  0.3372 
   00163    0.3937  -19517.4265  0.3360 
   00164    0.4156  -19502.0472  0.3375 
   00165    0.4400  -19503.1678  0.3387 
   00166    0.3931  -19526.8215  0.3385 
   00167    0.4050  -19520.6745  0.3398 
   00168    0.4119  -19572.0772  0.3383 
   00169    0.3975  -19624.8768  0.3407 
   00170    0.4144  -19621.1514  0.3412 
   00171    0.3969  -19565.6021  0.3410 
   00172    0.3762  -19564.6215  0.3411 
   00173    0.3819  -19550.5415  0.3385 
   00174    0.4106  -19646.7076  0.3386 
   00175    0.4100  -19620.0434  0.3353 
   00176    0.4044  -19623.6308  0.3357 
   00177    0.3831  -19600.4927  0.3353 
   00178    0.4088  -19653.3937  0.3356 
   00179    0.4238  -19647.5769  0.3372 
   00180    0.3969  -19679.6197  0.3382 
   00181    0.4037  -19706.9408  0.3379 
   00182    0.4050  -19749.5027  0.3396 
   00183    0.3781  -19762.2017  0.3367 
   00184    0.3919  -19753.2165  0.3375 
   00185    0.3944  -19783.6436  0.3391 
   00186    0.3844  -19783.3637  0.3413 
   00187    0.3800  -19795.2353  0.3398 
   00188    0.3912  -19745.7199  0.3398 
   00189    0.3919  -19798.2619  0.3414 
   00190    0.3862  -19785.2074  0.3411 
   00191    0.4050  -19806.0763  0.3411 
   00192    0.4037  -19843.0690  0.3402 
   00193    0.3987  -19878.3674  0.3392 
   00194    0.3825  -19891.7921  0.3398 
   00195    0.3956  -19843.8598  0.3397 
   00196    0.4119  -19921.0471  0.3393 
   00197    0.3794  -19900.9323  0.3400 
   00198    0.4056  -19895.2656  0.3406 
   00199    0.4181  -19964.1024  0.3416 
   00200    0.3912  -19937.3533  0.3411 
   00201    0.4138  -20010.9605  0.3424 
   00202    0.4106  -19984.1870  0.3411 
   00203    0.3819  -19969.2103  0.3437 
   00204    0.3862  -19966.5432  0.3445 
   00205    0.3756  -19973.3323  0.3470 
   00206    0.4131  -20016.5309  0.3454 
   00207    0.4100  -20024.9265  0.3486 
   00208    0.3750  -20025.8561  0.3493 
   00209    0.4025  -20036.1061  0.3474 
   00210    0.3744  -20025.0335  0.3471 
   00211    0.3931  -20037.3321  0.3482 
   00212    0.3862  -19992.9651  0.3452 
   00213    0.3856  -20005.8875  0.3449 
   00214    0.4044  -20031.5573  0.3450 
   00215    0.3912  -20064.1749  0.3451 
   00216    0.3894  -20045.6532  0.3455 
   00217    0.3981  -20017.8829  0.3457 
   00218    0.3850  -20016.5208  0.3466 
   00219    0.4062  -20020.5322  0.3494 
   00220    0.4213  -20039.9862  0.3491 
   00221    0.3937  -20020.0265  0.3481 
   00222    0.3819  -20029.3543  0.3480 
   00223    0.3994  -20022.8372  0.3495 
   00224    0.4000  -20066.1299  0.3492 
   00225    0.4100  -20045.6173  0.3507 
   00226    0.3987  -20090.6598  0.3493 
   00227    0.3738  -20084.5850  0.3520 
   00228    0.3875  -20074.5735  0.3507 
   00229    0.3912  -20097.0170  0.3508 
   00230    0.4031  -20077.2246  0.3513 
   00231    0.3825  -20083.0702  0.3497 
   00232    0.4000  -20083.5678  0.3512 
   00233    0.3819  -20056.8169  0.3532 
   00234    0.4037  -20050.6077  0.3519 
   00235    0.3981  -20116.9602  0.3517 
   00236    0.3894  -20092.0422  0.3506 
   00237    0.3994  -20151.8819  0.3531 
   00238    0.3950  -20160.2834  0.3543 
   00239    0.3931  -20154.9039  0.3545 
   00240    0.3862  -20130.9026  0.3556 
   00241    0.4000  -20118.2650  0.3560 
   00242    0.3950  -20173.2508  0.3566 
   00243    0.3937  -20192.8206  0.3567 
   00244    0.3862  -20211.4497  0.3581 
   00245    0.3837  -20195.1472  0.3579 
   00246    0.4000  -20187.4199  0.3591 
   00247    0.3994  -20168.7996  0.3614 
   00248    0.4131  -20183.1781  0.3606 
   00249    0.3800  -20169.4170  0.3602 
   00250    0.3812  -20171.9232  0.3616 
   00251    0.3906  -20211.0710  0.3620 
   00252    0.3987  -20210.5571  0.3627 
   00253    0.3931  -20252.6954  0.3629 
   00254    0.4088  -20258.0519  0.3642 
   00255    0.3881  -20182.8172  0.3651 
   00256    0.3837  -20162.7313  0.3650 
   00257    0.3962  -20144.2638  0.3648 
   00258    0.4100  -20104.3221  0.3664 
   00259    0.4113  -20077.1958  0.3648 
   00260    0.4062  -20054.0289  0.3669 
   00261    0.3794  -20067.7280  0.3708 
   00262    0.3881  -20100.8019  0.3708 
   00263    0.3900  -20052.1051  0.3699 
   00264    0.4231  -20020.7881  0.3664 
   00265    0.4113  -20044.1247  0.3661 
   00266    0.3994  -20063.8833  0.3666 
   00267    0.3925  -20048.4440  0.3651 
   00268    0.4094  -20036.3038  0.3665 
   00269    0.3931  -20036.1043  0.3680 
   00270    0.3894  -20042.4250  0.3675 
   00271    0.4025  -20054.7469  0.3674 
   00272    0.3981  -20007.7515  0.3683 
   00273    0.3900  -20008.5881  0.3676 
   00274    0.4044  -20038.6167  0.3691 
   00275    0.3944  -20079.5588  0.3715 
   00276    0.4163  -20093.5042  0.3688 
   00277    0.3744  -20065.0305  0.3690 
   00278    0.3869  -20042.2773  0.3704 
   00279    0.3925  -20053.8557  0.3693 
   00280    0.3844  -20077.1503  0.3688 
   00281    0.4062  -20107.2539  0.3675 
   00282    0.4094  -20090.4707  0.3677 
   00283    0.3912  -20111.4235  0.3675 
   00284    0.4012  -20094.5129  0.3664 
   00285    0.3912  -20128.8892  0.3663 
   00286    0.3906  -20105.0488  0.3674 
   00287    0.4150  -20120.0838  0.3678 
   00288    0.4025  -20154.5060  0.3665 
   00289    0.3956  -20145.0976  0.3645 
   00290    0.3956  -20109.9429  0.3639 
   00291    0.3937  -20067.8332  0.3616 
   00292    0.4088  -20068.9453  0.3634 
   00293    0.4156  -20054.2834  0.3642 
   00294    0.3944  -20064.6888  0.3653 
   00295    0.4044  -20119.2701  0.3707 
   00296    0.3906  -20099.2474  0.3679 
   00297    0.4012  -20111.0511  0.3667 
   00298    0.4100  -20165.8326  0.3667 
   00299    0.4056  -20134.0300  0.3659 
   00300    0.3856  -20179.8129  0.3642 
   00301    0.4037  -20187.9762  0.3657 
   00302    0.4156  -20212.0251  0.3666 
   00303    0.4062  -20202.3168  0.3672 
   00304    0.3844  -20187.1254  0.3640 
   00305    0.3994  -20198.5171  0.3655 
   00306    0.3956  -20215.4832  0.3670 
   00307    0.3931  -20188.8809  0.3652 
   00308    0.4006  -20200.7153  0.3667 
   00309    0.3919  -20214.8691  0.3639 
   00310    0.3975  -20214.6276  0.3651 
   00311    0.4138  -20245.3408  0.3653 
   00312    0.4031  -20306.0189  0.3634 
   00313    0.4131  -20291.6519  0.3635 
   00314    0.3981  -20304.9682  0.3625 
   00315    0.3850  -20299.7329  0.3597 
   00316    0.3994  -20327.6831  0.3591 
   00317    0.3713  -20314.3512  0.3587 
   00318    0.4081  -20330.3347  0.3594 
   00319    0.3800  -20333.0660  0.3588 
   00320    0.4000  -20295.5915  0.3595 
   00321    0.4056  -20282.5826  0.3582 
   00322    0.3975  -20245.7415  0.3578 
   00323    0.3944  -20250.8502  0.3575 
   00324    0.4075  -20246.7374  0.3589 
   00325    0.3919  -20253.7665  0.3600 
   00326    0.4000  -20223.9488  0.3607 
   00327    0.4050  -20246.3294  0.3606 
   00328    0.4012  -20285.5746  0.3603 
   00329    0.3738  -20306.1406  0.3639 
   00330    0.4106  -20268.8687  0.3645 
   00331    0.4056  -20274.0486  0.3665 
   00332    0.3912  -20297.3648  0.3672 
   00333    0.3950  -20311.5347  0.3690 
   00334    0.3975  -20296.2775  0.3701 
   00335    0.3781  -20308.1741  0.3716 
   00336    0.3925  -20340.4699  0.3692 
   00337    0.3837  -20283.4268  0.3700 
   00338    0.3944  -20257.7332  0.3703 
   00339    0.3869  -20307.1200  0.3733 
   00340    0.4006  -20336.7242  0.3745 
   00341    0.3656  -20358.1550  0.3749 
   00342    0.3944  -20342.0604  0.3739 
   00343    0.3894  -20364.2846  0.3743 
   00344    0.3969  -20434.3898  0.3758 
   00345    0.3881  -20448.6698  0.3743 
   00346    0.3856  -20433.0056  0.3748 
   00347    0.3862  -20427.5518  0.3735 
   00348    0.4100  -20404.8496  0.3737 
   00349    0.3762  -20429.5318  0.3753 
   00350    0.3956  -20395.0762  0.3757 
   00351    0.3931  -20427.8476  0.3743 
   00352    0.3669  -20443.6427  0.3757 
   00353    0.3844  -20516.8344  0.3763 
   00354    0.3937  -20545.2073  0.3757 
   00355    0.4012  -20448.0056  0.3736 
   00356    0.3819  -20492.4264  0.3750 
   00357    0.3931  -20512.4664  0.3783 
   00358    0.3831  -20500.9625  0.3770 
   00359    0.4037  -20516.0206  0.3783 
   00360    0.4044  -20501.2917  0.3809 
   00361    0.3769  -20476.9919  0.3817 
   00362    0.3919  -20467.5418  0.3811 
   00363    0.3975  -20469.5482  0.3806 
   00364    0.3931  -20501.0403  0.3790 
   00365    0.3869  -20551.1355  0.3766 
   00366    0.3663  -20506.4154  0.3752 
   00367    0.3975  -20542.7718  0.3746 
   00368    0.3994  -20535.8244  0.3758 
   00369    0.3794  -20517.6836  0.3766 
   00370    0.4075  -20567.0787  0.3760 
   00371    0.4006  -20513.2408  0.3745 
   00372    0.4019  -20529.4156  0.3762 
   00373    0.3819  -20505.5686  0.3741 
   00374    0.4175  -20484.5372  0.3746 
   00375    0.3906  -20503.3158  0.3747 
   00376    0.4075  -20489.1518  0.3770 
   00377    0.3644  -20499.7685  0.3798 
   00378    0.3762  -20541.2584  0.3804 
   00379    0.3950  -20548.6947  0.3763 
   00380    0.3806  -20560.8786  0.3758 
   00381    0.3931  -20564.6334  0.3760 
   00382    0.3819  -20584.5639  0.3772 
   00383    0.4006  -20552.7538  0.3783 
   00384    0.4050  -20568.7673  0.3786 
   00385    0.4119  -20566.0637  0.3781 
   00386    0.3931  -20519.8870  0.3773 
   00387    0.4000  -20509.4765  0.3769 
   00388    0.3875  -20512.4370  0.3765 
   00389    0.3956  -20546.4271  0.3751 
   00390    0.3962  -20528.8182  0.3757 
   00391    0.4088  -20521.6304  0.3749 
   00392    0.3925  -20563.2759  0.3745 
   00393    0.3869  -20591.2228  0.3756 
   00394    0.3944  -20543.1509  0.3745 
   00395    0.4081  -20531.5489  0.3752 
   00396    0.3975  -20560.6529  0.3769 
   00397    0.3713  -20563.0375  0.3791 
   00398    0.3850  -20525.9197  0.3794 
   00399    0.4025  -20523.6275  0.3808 
   00400    0.3762  -20485.8659  0.3796 
   00401    0.4037  -20450.0753  0.3783 
   00402    0.3906  -20459.4285  0.3781 
   00403    0.3869  -20426.8860  0.3757 
   00404    0.3856  -20411.4768  0.3748 
   00405    0.3850  -20409.1799  0.3753 
   00406    0.3781  -20394.6777  0.3768 
   00407    0.4144  -20461.5202  0.3757 
   00408    0.3794  -20450.4741  0.3764 
   00409    0.3731  -20412.0256  0.3769 
   00410    0.3931  -20389.9476  0.3764 
   00411    0.3894  -20371.4818  0.3775 
   00412    0.3987  -20382.4238  0.3784 
   00413    0.3850  -20396.1836  0.3764 
   00414    0.3825  -20434.7474  0.3760 
   00415    0.3744  -20411.1390  0.3767 
   00416    0.3744  -20420.9610  0.3754 
   00417    0.3894  -20427.1499  0.3759 
   00418    0.3937  -20397.6312  0.3754 
   00419    0.3931  -20430.1196  0.3755 
   00420    0.3762  -20405.0432  0.3757 
   00421    0.4088  -20481.8537  0.3768 
   00422    0.4150  -20483.5349  0.3771 
   00423    0.3887  -20464.1959  0.3768 
   00424    0.4069  -20526.3820  0.3793 
   00425    0.3919  -20527.8772  0.3778 
   00426    0.3750  -20547.7891  0.3779 
   00427    0.3931  -20573.3692  0.3788 
   00428    0.3962  -20554.9212  0.3792 
   00429    0.3775  -20560.9591  0.3794 
   00430    0.3731  -20536.4322  0.3796 
   00431    0.3844  -20538.0153  0.3815 
   00432    0.3769  -20518.5753  0.3806 
   00433    0.3856  -20534.4536  0.3797 
   00434    0.3844  -20526.2005  0.3797 
   00435    0.3906  -20457.0108  0.3793 
   00436    0.4219  -20460.3265  0.3825 
   00437    0.3894  -20459.7841  0.3797 
   00438    0.3781  -20417.6063  0.3810 
   00439    0.3706  -20379.6910  0.3811 
   00440    0.3819  -20366.2618  0.3823 
   00441    0.4044  -20378.2826  0.3812 
   00442    0.3969  -20437.2328  0.3834 
   00443    0.3856  -20440.7422  0.3846 
   00444    0.3950  -20425.0961  0.3845 
   00445    0.4037  -20426.1621  0.3819 
   00446    0.3856  -20411.2955  0.3817 
   00447    0.4156  -20413.5418  0.3823 
   00448    0.3919  -20400.3621  0.3842 
   00449    0.3837  -20362.6236  0.3817 
   00450    0.3762  -20375.7222  0.3810 
   00451    0.3875  -20396.9600  0.3807 
   00452    0.4044  -20346.4714  0.3800 
   00453    0.3919  -20410.1840  0.3818 
   00454    0.3944  -20375.1538  0.3802 
   00455    0.3956  -20398.7051  0.3783 
   00456    0.4062  -20414.1973  0.3750 
   00457    0.3844  -20413.6014  0.3745 
   00458    0.4056  -20351.0915  0.3752 
   00459    0.3719  -20363.4641  0.3774 
   00460    0.4094  -20403.1564  0.3758 
   00461    0.3862  -20416.2246  0.3739 
   00462    0.3962  -20460.9927  0.3741 
   00463    0.3969  -20452.1242  0.3741 
   00464    0.3937  -20467.4059  0.3729 
   00465    0.4050  -20382.8831  0.3713 
   00466    0.3806  -20382.1054  0.3700 
   00467    0.3894  -20413.8191  0.3721 
   00468    0.3812  -20419.7086  0.3704 
   00469    0.4006  -20422.2242  0.3702 
   00470    0.3919  -20433.5146  0.3708 
   00471    0.3681  -20429.7448  0.3701 
   00472    0.3731  -20437.1297  0.3695 
   00473    0.3919  -20453.0708  0.3705 
   00474    0.4025  -20487.3694  0.3703 
   00475    0.3969  -20492.6447  0.3710 
   00476    0.3831  -20503.1126  0.3678 
   00477    0.3744  -20500.0903  0.3671 
   00478    0.3812  -20515.6598  0.3694 
   00479    0.3750  -20551.7250  0.3710 
   00480    0.3862  -20592.0145  0.3715 
   00481    0.3912  -20560.7352  0.3710 
   00482    0.3881  -20580.0262  0.3694 
   00483    0.3831  -20590.0390  0.3676 
   00484    0.3931  -20617.9697  0.3689 
   00485    0.3962  -20594.1440  0.3660 
   00486    0.3819  -20583.7309  0.3664 
   00487    0.3787  -20555.8199  0.3660 
   00488    0.3706  -20555.3868  0.3642 
   00489    0.4044  -20554.0463  0.3639 
   00490    0.3994  -20518.1213  0.3626 
   00491    0.3944  -20491.6414  0.3624 
   00492    0.3906  -20523.8599  0.3596 
   00493    0.3944  -20474.0842  0.3602 
   00494    0.3831  -20464.1701  0.3598 
   00495    0.3594  -20447.1343  0.3607 
   00496    0.3969  -20439.3762  0.3620 
   00497    0.3744  -20459.9777  0.3619 
   00498    0.3887  -20464.6060  0.3629 
   00499    0.4056  -20505.2324  0.3659 
   00500    0.3831  -20457.5781  0.3644 
   00501    0.3925  -20473.0117  0.3653 
   00502    0.3887  -20481.5955  0.3655 
   00503    0.3937  -20502.5700  0.3677 
   00504    0.3844  -20479.4085  0.3684 
   00505    0.4069  -20515.0898  0.3691 
   00506    0.4069  -20562.3034  0.3686 
   00507    0.3975  -20559.4009  0.3688 
   00508    0.3806  -20557.6522  0.3701 
   00509    0.3912  -20603.3503  0.3709 
   00510    0.3725  -20591.0483  0.3686 
   00511    0.3862  -20599.8049  0.3693 
   00512    0.4031  -20587.4641  0.3659 
   00513    0.3787  -20582.8033  0.3686 
   00514    0.3787  -20559.1230  0.3686 
   00515    0.3981  -20565.4289  0.3683 
   00516    0.3825  -20535.0684  0.3698 
   00517    0.4044  -20555.8033  0.3707 
   00518    0.4025  -20544.0458  0.3709 
   00519    0.4000  -20512.1786  0.3721 
   00520    0.3675  -20475.7991  0.3702 
   00521    0.3706  -20459.2289  0.3703 
   00522    0.3962  -20459.7736  0.3706 
   00523    0.3950  -20474.4500  0.3697 
   00524    0.3900  -20430.2738  0.3677 
   00525    0.3894  -20408.1610  0.3688 
   00526    0.4000  -20433.6985  0.3705 
   00527    0.3875  -20438.6997  0.3695 
   00528    0.3837  -20435.1383  0.3709 
   00529    0.3875  -20404.7190  0.3711 
   00530    0.4037  -20399.8108  0.3730 
   00531    0.3831  -20418.5127  0.3725 
   00532    0.3831  -20395.6279  0.3717 
   00533    0.3981  -20364.3015  0.3724 
   00534    0.3962  -20319.6052  0.3725 
   00535    0.3837  -20350.3874  0.3712 
   00536    0.3812  -20339.0494  0.3712 
   00537    0.3962  -20340.1749  0.3684 
   00538    0.3762  -20293.1193  0.3672 
   00539    0.3862  -20341.3905  0.3677 
   00540    0.3812  -20418.5825  0.3712 
   00541    0.4062  -20375.6292  0.3692 
   00542    0.4088  -20373.3996  0.3701 
   00543    0.3900  -20393.4731  0.3707 
   00544    0.3944  -20436.5154  0.3712 
   00545    0.3875  -20393.0018  0.3721 
   00546    0.3950  -20425.4819  0.3728 
   00547    0.4019  -20423.0837  0.3707 
   00548    0.3756  -20413.7326  0.3713 
   00549    0.3987  -20430.2143  0.3735 
   00550    0.3931  -20406.7421  0.3747 
   00551    0.3688  -20407.6376  0.3762 
   00552    0.3900  -20380.6277  0.3765 
   00553    0.3819  -20461.7002  0.3768 
   00554    0.3919  -20453.6312  0.3751 
   00555    0.4037  -20503.3929  0.3756 
   00556    0.4006  -20503.3508  0.3758 
   00557    0.3862  -20481.2959  0.3771 
   00558    0.3950  -20457.0886  0.3779 
   00559    0.4025  -20481.8586  0.3788 
   00560    0.4025  -20514.2301  0.3812 
   00561    0.3850  -20513.7304  0.3812 
   00562    0.4125  -20541.0253  0.3822 
   00563    0.4044  -20563.7253  0.3843 
   00564    0.3800  -20597.0981  0.3838 
   00565    0.3925  -20628.6431  0.3850 
   00566    0.3881  -20637.4135  0.3842 
   00567    0.4019  -20600.0368  0.3812 
   00568    0.3775  -20604.9474  0.3825 
   00569    0.3875  -20591.0777  0.3831 
   00570    0.3713  -20616.9819  0.3826 
   00571    0.3819  -20643.2478  0.3857 
   00572    0.3650  -20607.8049  0.3859 
   00573    0.3787  -20585.1554  0.3884 
   00574    0.3738  -20552.9849  0.3874 
   00575    0.4012  -20489.8358  0.3874 
   00576    0.3744  -20480.9923  0.3842 
   00577    0.3625  -20489.1841  0.3820 
   00578    0.3819  -20556.0570  0.3836 
   00579    0.3944  -20559.7237  0.3841 
   00580    0.3706  -20578.5101  0.3826 
   00581    0.3887  -20575.0627  0.3832 
   00582    0.3744  -20596.9997  0.3823 
   00583    0.3962  -20637.1201  0.3813 
   00584    0.3769  -20652.2632  0.3822 
   00585    0.3812  -20648.0874  0.3822 
   00586    0.3862  -20635.5904  0.3817 
   00587    0.3569  -20619.1908  0.3812 
   00588    0.3800  -20631.6266  0.3802 
   00589    0.3837  -20589.0846  0.3803 
   00590    0.3738  -20582.4852  0.3822 
   00591    0.3856  -20607.3256  0.3828 
   00592    0.3950  -20633.7797  0.3815 
   00593    0.3750  -20683.2158  0.3845 
   00594    0.3900  -20669.0146  0.3866 
   00595    0.3869  -20675.0247  0.3896 
   00596    0.3937  -20674.9944  0.3883 
   00597    0.3887  -20613.6901  0.3888 
   00598    0.3887  -20616.2988  0.3883 
   00599    0.3800  -20599.3954  0.3893 
   00600    0.4019  -20570.1123  0.3888 
   00601    0.3875  -20624.9473  0.3863 
   00602    0.3856  -20621.7025  0.3863 
   00603    0.3656  -20660.8189  0.3827 
   00604    0.3875  -20634.4876  0.3833 
   00605    0.3981  -20621.7424  0.3835 
   00606    0.3937  -20642.2339  0.3852 
   00607    0.3944  -20606.7587  0.3871 
   00608    0.3669  -20642.1102  0.3861 
   00609    0.3663  -20631.0734  0.3860 
   00610    0.3694  -20671.6069  0.3875 
   00611    0.3944  -20651.2789  0.3866 
   00612    0.3944  -20672.3939  0.3875 
   00613    0.3769  -20719.5462  0.3877 
   00614    0.3944  -20730.5909  0.3866 
   00615    0.3962  -20724.2449  0.3846 
   00616    0.3894  -20741.1545  0.3849 
   00617    0.3950  -20758.9843  0.3833 
   00618    0.4100  -20723.1642  0.3827 
   00619    0.3962  -20745.3268  0.3842 
   00620    0.3869  -20725.2215  0.3845 
   00621    0.3781  -20688.6303  0.3852 
   00622    0.3769  -20709.8139  0.3842 
   00623    0.3894  -20714.0769  0.3873 
   00624    0.3919  -20708.8695  0.3880 
   00625    0.3875  -20668.7597  0.3877 
   00626    0.3900  -20645.7744  0.3878 
   00627    0.3837  -20665.8696  0.3879 
   00628    0.3819  -20613.4483  0.3883 
   00629    0.3706  -20629.2328  0.3891 
   00630    0.4025  -20609.8986  0.3913 
   00631    0.4131  -20606.5182  0.3899 
   00632    0.3912  -20609.0687  0.3906 
   00633    0.3775  -20585.7675  0.3897 
   00634    0.3819  -20645.2445  0.3895 
   00635    0.4075  -20608.0981  0.3886 
   00636    0.3725  -20595.1503  0.3898 
   00637    0.3781  -20640.5840  0.3915 
   00638    0.4000  -20629.6634  0.3911 
   00639    0.3806  -20645.1298  0.3886 
   00640    0.3819  -20656.9862  0.3904 
   00641    0.3675  -20673.5229  0.3900 
   00642    0.3769  -20623.4817  0.3928 
   00643    0.3769  -20614.0925  0.3929 
   00644    0.3881  -20609.2174  0.3925 
   00645    0.3775  -20663.4550  0.3913 
   00646    0.3831  -20645.2675  0.3918 
   00647    0.3850  -20612.2596  0.3905 
   00648    0.3669  -20606.4806  0.3905 
   00649    0.3975  -20626.1665  0.3897 
   00650    0.3606  -20645.4484  0.3894 
   00651    0.3844  -20695.4188  0.3911 
   00652    0.3887  -20669.2162  0.3914 
   00653    0.3756  -20682.8574  0.3931 
   00654    0.3825  -20664.0078  0.3944 
   00655    0.3731  -20625.2862  0.3971 
   00656    0.3969  -20643.4833  0.3948 
   00657    0.3812  -20628.8344  0.3955 
   00658    0.3950  -20672.9456  0.3978 
   00659    0.3631  -20664.4014  0.3978 
   00660    0.3850  -20652.5176  0.3957 
   00661    0.4019  -20684.7825  0.3966 
   00662    0.3831  -20721.3407  0.3964 
   00663    0.3775  -20709.1986  0.3961 
   00664    0.3906  -20694.7411  0.3979 
   00665    0.3787  -20688.6387  0.4006 
   00666    0.3862  -20678.2354  0.4011 
   00667    0.3781  -20674.6029  0.4009 
   00668    0.4106  -20701.0901  0.4016 
   00669    0.3744  -20632.4425  0.4021 
   00670    0.3912  -20619.9677  0.4026 
   00671    0.3794  -20618.5852  0.4036 
   00672    0.4056  -20667.0464  0.4037 
   00673    0.3663  -20647.5384  0.4054 
   00674    0.3750  -20638.3360  0.4040 
   00675    0.3931  -20630.0986  0.4052 
   00676    0.3975  -20625.1755  0.4059 
   00677    0.3987  -20618.5013  0.4050 
   00678    0.3900  -20595.0882  0.4032 
   00679    0.3869  -20554.8373  0.4029 
   00680    0.3681  -20558.2289  0.4033 
   00681    0.3769  -20574.5736  0.4028 
   00682    0.4081  -20592.7123  0.4024 
   00683    0.3681  -20594.5008  0.4024 
   00684    0.3887  -20611.0988  0.4010 
   00685    0.3975  -20610.5712  0.4018 
   00686    0.3844  -20564.6954  0.3976 
   00687    0.3819  -20580.6150  0.3965 
   00688    0.3862  -20560.9927  0.3976 
   00689    0.4006  -20527.8323  0.3982 
   00690    0.3894  -20518.0622  0.3989 
   00691    0.4044  -20517.2230  0.3997 
   00692    0.3762  -20506.7636  0.3981 
   00693    0.3881  -20464.8415  0.3964 
   00694    0.4094  -20471.8082  0.3962 
   00695    0.3931  -20469.4997  0.3949 
   00696    0.3969  -20456.7601  0.3949 
   00697    0.4075  -20489.9036  0.3968 
   00698    0.3925  -20507.2937  0.3973 
   00699    0.3744  -20474.8541  0.3962 
   00700    0.4012  -20491.5477  0.3962 
   00701    0.4019  -20515.7954  0.3961 
   00702    0.3725  -20558.7088  0.3978 
   00703    0.3894  -20566.5558  0.3965 
   00704    0.3969  -20588.6403  0.3962 
   00705    0.3956  -20615.4096  0.3982 
   00706    0.3962  -20586.6141  0.3964 
   00707    0.3925  -20595.0684  0.3958 
   00708    0.3619  -20618.1544  0.3950 
   00709    0.3944  -20642.7201  0.3959 
   00710    0.3894  -20681.6910  0.3962 
   00711    0.3694  -20718.0761  0.3950 
   00712    0.3875  -20731.5618  0.3956 
   00713    0.3806  -20781.3583  0.3930 
   00714    0.3694  -20805.5606  0.3937 
   00715    0.3656  -20804.8001  0.3947 
   00716    0.3869  -20768.5640  0.3926 
   00717    0.3987  -20745.6761  0.3940 
   00718    0.3769  -20745.6988  0.3911 
   00719    0.3769  -20711.7636  0.3921 
   00720    0.3944  -20721.8462  0.3939 
   00721    0.3962  -20690.7842  0.3960 
   00722    0.3675  -20667.4358  0.3960 
   00723    0.3806  -20649.8846  0.3956 
   00724    0.3856  -20659.2725  0.3954 
   00725    0.3794  -20679.9260  0.3955 
   00726    0.3912  -20693.8803  0.3973 
   00727    0.3638  -20722.3450  0.3975 
   00728    0.3931  -20663.8365  0.3993 
   00729    0.3875  -20677.2667  0.3953 
   00730    0.3775  -20622.1886  0.3925 
   00731    0.3762  -20593.4465  0.3922 
   00732    0.3925  -20607.6310  0.3914 
   00733    0.3744  -20619.9007  0.3920 
   00734    0.3869  -20616.4712  0.3926 
   00735    0.3962  -20590.8271  0.3939 
   00736    0.3800  -20586.2726  0.3930 
   00737    0.3956  -20609.5206  0.3923 
   00738    0.3875  -20624.0893  0.3924 
   00739    0.3794  -20632.6280  0.3957 
   00740    0.4044  -20649.1504  0.3938 
   00741    0.3931  -20632.9450  0.3924 
   00742    0.3819  -20597.2014  0.3930 
   00743    0.3744  -20587.0620  0.3928 
   00744    0.3925  -20592.0117  0.3948 
   00745    0.3600  -20654.3928  0.3979 
   00746    0.3456  -20699.3014  0.3981 
   00747    0.3787  -20698.1747  0.3993 
   00748    0.3762  -20724.8506  0.4016 
   00749    0.3875  -20733.2382  0.4032 
   00750    0.3850  -20724.2557  0.4045 
   00751    0.3856  -20729.9146  0.4042 
   00752    0.3762  -20724.4298  0.4042 
   00753    0.4012  -20707.0886  0.4041 
   00754    0.3744  -20723.9555  0.4041 
   00755    0.3881  -20721.3220  0.4057 
   00756    0.3638  -20722.3686  0.4076 
   00757    0.3925  -20767.8603  0.4083 
   00758    0.3844  -20756.6529  0.4067 
   00759    0.3844  -20767.3109  0.4057 
   00760    0.3931  -20737.7505  0.4076 
   00761    0.3787  -20748.7976  0.4083 
   00762    0.3781  -20751.0437  0.4087 
   00763    0.3962  -20733.9454  0.4083 
   00764    0.3794  -20768.3617  0.4074 
   00765    0.4031  -20799.8264  0.4049 
   00766    0.3881  -20778.0222  0.4044 
   00767    0.4000  -20734.5530  0.4040 
   00768    0.3781  -20725.6251  0.4070 
   00769    0.3831  -20723.8632  0.4059 
   00770    0.3787  -20665.5942  0.4066 
   00771    0.4000  -20622.1973  0.4079 
   00772    0.3862  -20586.3241  0.4072 
   00773    0.4206  -20628.5104  0.4085 
   00774    0.3806  -20627.4640  0.4103 
   00775    0.3806  -20662.3608  0.4075 
   00776    0.3919  -20700.4253  0.4086 
   00777    0.3969  -20658.9340  0.4052 
   00778    0.3775  -20709.4211  0.4054 
   00779    0.3812  -20693.9689  0.4040 
   00780    0.4150  -20685.9017  0.4038 
   00781    0.3875  -20686.7526  0.4028 
   00782    0.3912  -20714.1089  0.4029 
   00783    0.3806  -20666.6205  0.4012 
   00784    0.3731  -20654.4387  0.4017 
   00785    0.3887  -20657.0065  0.4005 
   00786    0.3887  -20624.6536  0.4013 
   00787    0.3931  -20606.6179  0.3994 
   00788    0.3812  -20600.9931  0.4004 
   00789    0.3881  -20533.3669  0.4001 
   00790    0.3900  -20523.1027  0.3990 
   00791    0.3900  -20514.3132  0.3979 
   00792    0.3831  -20536.2390  0.3981 
   00793    0.3962  -20487.6433  0.3973 
   00794    0.3906  -20460.2636  0.3975 
   00795    0.3887  -20512.5045  0.3986 
   00796    0.3912  -20517.1695  0.3995 
   00797    0.3962  -20507.2949  0.3991 
   00798    0.3769  -20543.0737  0.3993 
   00799    0.3987  -20539.2175  0.4002 
   00800    0.3881  -20530.2437  0.3996 
   00801    0.3856  -20529.5815  0.4003 
   00802    0.3725  -20544.1340  0.3985 
   00803    0.3869  -20518.7934  0.3974 
   00804    0.3931  -20479.1309  0.3964 
   00805    0.3794  -20488.4483  0.3947 
   00806    0.3837  -20506.8556  0.3956 
   00807    0.3919  -20548.3550  0.3948 
   00808    0.3781  -20568.9436  0.3949 
   00809    0.3925  -20544.1725  0.3940 
   00810    0.3837  -20564.4081  0.3938 
   00811    0.4100  -20599.3984  0.3915 
   00812    0.3962  -20604.4343  0.3915 
   00813    0.3663  -20613.3119  0.3921 
   00814    0.3650  -20583.8353  0.3921 
   00815    0.3787  -20586.1766  0.3909 
   00816    0.3962  -20597.5671  0.3911 
   00817    0.3850  -20598.4410  0.3914 
   00818    0.3881  -20655.7877  0.3935 
   00819    0.3762  -20625.2235  0.3932 
   00820    0.3931  -20634.0806  0.3921 
   00821    0.4094  -20617.3259  0.3910 
   00822    0.3775  -20615.0638  0.3883 
   00823    0.3881  -20580.3372  0.3892 
   00824    0.3663  -20569.1294  0.3896 
   00825    0.3762  -20555.9971  0.3892 
   00826    0.3825  -20625.4339  0.3924 
   00827    0.3956  -20631.0982  0.3929 
   00828    0.3844  -20615.6428  0.3944 
   00829    0.3950  -20591.3653  0.3945 
   00830    0.4156  -20606.4594  0.3953 
   00831    0.3881  -20545.5869  0.3961 
   00832    0.3856  -20514.6866  0.3938 
   00833    0.4037  -20516.4074  0.3947 
   00834    0.3956  -20549.0964  0.3948 
   00835    0.3881  -20577.3121  0.3951 
   00836    0.3769  -20598.4450  0.3963 
   00837    0.3819  -20632.4800  0.3956 
   00838    0.3981  -20654.6302  0.3967 
   00839    0.3944  -20637.7304  0.3992 
   00840    0.3912  -20615.0119  0.3989 
   00841    0.4138  -20629.2226  0.3976 
   00842    0.3750  -20633.9789  0.3983 
   00843    0.4081  -20668.5011  0.3971 
   00844    0.4056  -20646.9468  0.3965 
   00845    0.3931  -20619.3096  0.3962 
   00846    0.3831  -20569.9635  0.3923 
   00847    0.3775  -20553.5022  0.3906 
   00848    0.3900  -20556.8852  0.3903 
   00849    0.3919  -20543.5043  0.3921 
   00850    0.3781  -20554.3084  0.3910 
   00851    0.3994  -20581.5007  0.3929 
   00852    0.3944  -20590.8248  0.3926 
   00853    0.3812  -20574.8957  0.3925 
   00854    0.3725  -20585.1585  0.3942 
   00855    0.3881  -20589.8003  0.3938 
   00856    0.3912  -20578.3896  0.3934 
   00857    0.3831  -20571.0024  0.3959 
   00858    0.4106  -20576.1412  0.3950 
   00859    0.3887  -20614.7101  0.3940 
   00860    0.3787  -20580.6460  0.3926 
   00861    0.3956  -20589.5664  0.3929 
   00862    0.3738  -20592.0373  0.3948 
   00863    0.3625  -20613.2499  0.3953 
   00864    0.3912  -20578.8843  0.3951 
   00865    0.3919  -20560.6738  0.3976 
   00866    0.3613  -20585.9378  0.3983 
   00867    0.3912  -20588.5333  0.3989 
   00868    0.3825  -20602.3709  0.4033 
   00869    0.3644  -20606.5670  0.4044 
   00870    0.3825  -20694.7734  0.4039 
   00871    0.3844  -20698.4196  0.4068 
   00872    0.3925  -20674.4422  0.4062 
   00873    0.3919  -20643.5920  0.4077 
   00874    0.3912  -20646.8865  0.4090 
   00875    0.4106  -20612.5544  0.4090 
   00876    0.3794  -20574.3832  0.4085 
   00877    0.3775  -20580.2552  0.4112 
   00878    0.3937  -20585.4416  0.4127 
   00879    0.3825  -20555.1676  0.4109 
   00880    0.3794  -20576.2305  0.4091 
   00881    0.4031  -20620.1490  0.4114 
   00882    0.3856  -20628.4208  0.4131 
   00883    0.4194  -20662.4917  0.4109 
   00884    0.3975  -20670.7579  0.4120 
   00885    0.3762  -20702.9006  0.4110 
   00886    0.3881  -20725.1918  0.4114 
   00887    0.3837  -20702.1952  0.4138 
   00888    0.3856  -20706.9417  0.4137 
   00889    0.3756  -20738.2408  0.4111 
   00890    0.3787  -20735.8871  0.4101 
   00891    0.3713  -20779.6577  0.4097 
   00892    0.3981  -20722.9676  0.4084 
   00893    0.3644  -20677.7142  0.4090 
   00894    0.3731  -20697.0469  0.4106 
   00895    0.3706  -20717.7942  0.4142 
   00896    0.3944  -20683.9847  0.4140 
   00897    0.3862  -20674.8787  0.4167 
   00898    0.3937  -20682.9711  0.4178 
   00899    0.3894  -20658.4085  0.4171 
   00900    0.4044  -20656.9538  0.4176 
   00901    0.3894  -20599.8108  0.4178 
   00902    0.3875  -20606.4897  0.4193 
   00903    0.3869  -20574.4917  0.4167 
   00904    0.3831  -20529.3353  0.4159 
   00905    0.3875  -20472.7105  0.4156 
   00906    0.3925  -20518.4548  0.4170 
   00907    0.3856  -20539.1338  0.4136 
   00908    0.3950  -20539.8806  0.4128 
   00909    0.3787  -20524.8428  0.4142 
   00910    0.3644  -20531.6453  0.4160 
   00911    0.3837  -20535.0273  0.4153 
   00912    0.3844  -20553.0904  0.4144 
   00913    0.3869  -20548.1626  0.4156 
   00914    0.3762  -20502.6615  0.4147 
   00915    0.3994  -20501.3404  0.4140 
   00916    0.3894  -20523.8206  0.4111 
   00917    0.4050  -20540.6382  0.4116 
   00918    0.3731  -20581.2921  0.4135 
   00919    0.3937  -20553.1837  0.4129 
   00920    0.3900  -20569.5334  0.4143 
   00921    0.3944  -20544.3068  0.4141 
   00922    0.3800  -20518.0334  0.4142 
   00923    0.4012  -20565.1873  0.4126 
   00924    0.4019  -20623.1218  0.4109 
   00925    0.3931  -20650.9832  0.4116 
   00926    0.3956  -20675.3029  0.4126 
   00927    0.3794  -20684.6139  0.4132 
   00928    0.3919  -20719.6202  0.4152 
   00929    0.3850  -20747.2664  0.4178 
   00930    0.3794  -20719.0395  0.4162 
   00931    0.3825  -20736.7286  0.4171 
   00932    0.3956  -20745.3274  0.4187 
   00933    0.3762  -20718.1427  0.4199 
   00934    0.3919  -20681.7208  0.4209 
   00935    0.3981  -20676.9286  0.4195 
   00936    0.3887  -20719.4682  0.4197 
   00937    0.3831  -20698.9143  0.4182 
   00938    0.3744  -20708.3231  0.4175 
   00939    0.3875  -20697.1765  0.4176 
   00940    0.3975  -20721.0924  0.4185 
   00941    0.3925  -20728.7638  0.4182 
   00942    0.3631  -20716.5245  0.4168 
   00943    0.3887  -20721.8419  0.4169 
   00944    0.3787  -20702.0151  0.4167 
   00945    0.3887  -20679.3560  0.4192 
   00946    0.3837  -20642.5072  0.4182 
   00947    0.4037  -20656.0690  0.4163 
   00948    0.4125  -20630.0045  0.4171 
   00949    0.3800  -20637.2562  0.4169 
   00950    0.3806  -20664.4254  0.4170 
   00951    0.3994  -20692.0218  0.4170 
   00952    0.3750  -20670.1048  0.4153 
   00953    0.3844  -20701.5319  0.4170 
   00954    0.3937  -20706.1184  0.4183 
   00955    0.3875  -20732.1363  0.4180 
   00956    0.3781  -20736.2140  0.4161 
   00957    0.3700  -20740.6959  0.4154 
   00958    0.3800  -20703.7999  0.4175 
   00959    0.4012  -20663.8700  0.4175 
   00960    0.3856  -20673.2216  0.4159 
   00961    0.3962  -20644.3784  0.4131 
   00962    0.3944  -20642.2807  0.4129 
   00963    0.3756  -20658.3185  0.4139 
   00964    0.3706  -20657.1049  0.4123 
   00965    0.3787  -20689.2332  0.4093 
   00966    0.3887  -20697.4778  0.4073 
   00967    0.3875  -20713.9447  0.4058 
   00968    0.3713  -20714.9741  0.4066 
   00969    0.3769  -20710.6910  0.4077 
   00970    0.3887  -20672.8898  0.4069 
   00971    0.3887  -20670.0277  0.4072 
   00972    0.3987  -20682.0086  0.4082 
   00973    0.4119  -20676.7379  0.4092 
   00974    0.3794  -20693.8826  0.4108 
   00975    0.3769  -20679.7686  0.4112 
   00976    0.3900  -20686.2255  0.4117 
   00977    0.4056  -20677.7367  0.4097 
   00978    0.4050  -20655.6432  0.4103 
   00979    0.3700  -20596.7370  0.4114 
   00980    0.3912  -20608.6169  0.4119 
   00981    0.3912  -20585.3673  0.4126 
   00982    0.3856  -20632.0943  0.4128 
   00983    0.3825  -20592.2070  0.4139 
   00984    0.3981  -20621.7610  0.4136 
   00985    0.4069  -20633.6115  0.4153 
   00986    0.3837  -20608.3144  0.4174 
   00987    0.4131  -20597.7346  0.4170 
   00988    0.4012  -20593.0948  0.4159 
   00989    0.3731  -20569.3038  0.4141 
   00990    0.3869  -20515.6389  0.4153 
   00991    0.3806  -20508.0556  0.4141 
   00992    0.3806  -20534.0553  0.4164 
   00993    0.3912  -20516.9695  0.4149 
   00994    0.3937  -20531.2426  0.4153 
   00995    0.4037  -20547.3063  0.4144 
   00996    0.3875  -20575.8275  0.4146 
   00997    0.3756  -20585.5543  0.4159 
   00998    0.3812  -20565.8605  0.4173 
   00999    0.3800  -20567.2756  0.4152 
   01000    0.3906  -20560.9190  0.4170 
