#=====================================================
# File created:        Mon-06-Nov-2023-at-02-21-24PM
# Size of lattice:     20x20
# Number of MC steps:  1000
# Reduced temperature: 0.600
# Run time (s):        8.912188
#=====================================================
# MC step:  Ratio:     Energy:   Order:
#=====================================================
   00000    0.5000    -378.1019  0.2909 
   00001    0.7075    -640.4288  0.3183 
   00002    0.6050    -739.9508  0.3125 
   00003    0.5875    -811.0135  0.3271 
   00004    0.4950    -895.5203  0.3036 
   00005    0.5500    -969.4808  0.2687 
   00006    0.4800    -999.5153  0.2818 
   00007    0.4575   -1044.7665  0.2942 
   00008    0.5100   -1062.6776  0.2919 
   00009    0.4775   -1092.4297  0.2858 
   00010    0.4750   -1099.4660  0.2763 
   00011    0.4875   -1084.7033  0.2767 
   00012    0.4300   -1091.9480  0.2698 
   00013    0.4475   -1116.2279  0.2763 
   00014    0.4225   -1144.4032  0.2632 
   00015    0.4250   -1148.1342  0.2546 
   00016    0.4350   -1150.2611  0.2761 
   00017    0.4425   -1133.8870  0.2795 
   00018    0.4225   -1127.6450  0.2950 
   00019    0.4275   -1119.7525  0.3122 
   00020    0.4400   -1132.0932  0.3172 
   00021    0.4450   -1126.1479  0.3282 
   00022    0.4875   -1125.7270  0.3570 
   00023    0.5075   -1139.1217  0.3798 
   00024    0.4950   -1135.2300  0.3607 
   00025    0.4425   -1145.5953  0.4084 
   00026    0.4225   -1174.4840  0.4111 
   00027    0.4525   -1170.4765  0.4287 
   00028    0.4275   -1171.3430  0.4348 
   00029    0.4650   -1196.3481  0.4606 
   00030    0.4125   -1185.8572  0.4553 
   00031    0.4450   -1188.5253  0.4313 
   00032    0.4300   -1189.4521  0.4327 
   00033    0.4400   -1198.2714  0.4271 
   00034    0.4525   -1220.3865  0.4487 
   00035    0.4375   -1248.0680  0.4462 
   00036    0.4150   -1243.9905  0.4468 
   00037    0.3725   -1256.1111  0.4280 
   00038    0.4200   -1241.3288  0.4113 
   00039    0.4475   -1214.8096  0.4100 
   00040    0.4425   -1235.6502  0.4261 
   00041    0.3900   -1221.6590  0.4500 
   00042    0.4350   -1231.8688  0.4416 
   00043    0.4300   -1238.3957  0.4424 
   00044    0.3925   -1257.4205  0.4478 
   00045    0.4450   -1252.3700  0.4649 
   00046    0.4000   -1243.9935  0.4484 
   00047    0.4250   -1250.3029  0.4472 
   00048    0.4625   -1255.5816  0.4298 
   00049    0.4050   -1250.2802  0.4362 
   00050    0.4250   -1245.6128  0.4277 
   00051    0.4475   -1243.5420  0.4419 
   00052    0.4200   -1247.1537  0.4583 
   00053    0.4125   -1226.5336  0.4524 
   00054    0.4050   -1230.3808  0.4520 
   00055    0.4375   -1259.0295  0.4535 
   00056    0.4275   -1233.5053  0.4437 
   00057    0.3925   -1262.4378  0.4588 
   00058    0.4025   -1285.9111  0.4694 
   00059    0.4075   -1270.3404  0.4627 
   00060    0.3800   -1253.6087  0.4675 
   00061    0.4300   -1247.9666  0.4696 
   00062    0.4000   -1209.9038  0.4592 
   00063    0.4400   -1214.9960  0.4240 
   00064    0.4400   -1239.2238  0.4423 
   00065    0.4200   -1241.1040  0.4325 
   00066    0.4350   -1215.6096  0.4066 
   00067    0.4025   -1191.6387  0.3972 
   00068    0.4250   -1191.5201  0.4095 
   00069    0.4050   -1215.0478  0.4016 
   00070    0.4250   -1237.2269  0.4172 
   00071    0.4125   -1250.5585  0.4039 
   00072    0.3500   -1251.0291  0.4002 
   00073    0.4300   -1269.7102  0.4027 
   00074    0.3725   -1288.8705  0.3929 
   00075    0.4300   -1273.8542  0.3904 
   00076    0.4250   -1258.4172  0.3805 
   00077    0.3900   -1247.5261  0.3871 
   00078    0.4775   -1243.2577  0.3875 
   00079    0.4300   -1245.4321  0.3987 
   00080    0.4400   -1222.9129  0.4056 
   00081    0.4075   -1218.1412  0.3731 
   00082    0.3975   -1234.1186  0.3748 
   00083    0.4400   -1239.4281  0.4128 
   00084    0.4425   -1231.8475  0.3936 
   00085    0.4350   -1245.7816  0.4006 
   00086    0.4525   -1224.1432  0.3983 
   00087    0.3975   -1208.7565  0.3823 
   00088    0.3550   -1214.5403  0.3833 
   00089    0.4200   -1257.7683  0.3791 
   00090    0.4175   -1247.6302  0.3560 
   00091    0.4175   -1254.0767  0.3722 
   00092    0.4500   -1254.6229  0.3883 
   00093    0.3800   -1256.0573  0.3815 
   00094    0.4450   -1267.1744  0.3958 
   00095    0.4275   -1257.2425  0.3908 
   00096    0.4100   -1272.6424  0.4106 
   00097    0.4100   -1262.5054  0.3977 
   00098    0.4125   -1259.6298  0.3943 
   00099    0.3600   -1247.5736  0.3983 
   00100    0.3650   -1263.5782  0.3886 
   00101    0.4275   -1287.6131  0.3900 
   00102    0.3825   -1300.0823  0.3824 
   00103    0.3975   -1290.5467  0.4017 
   00104    0.3675   -1286.3387  0.4014 
   00105    0.4250   -1301.3012  0.4179 
   00106    0.4475   -1271.4735  0.4005 
   00107    0.3625   -1276.3465  0.4180 
   00108    0.4150   -1272.8838  0.4089 
   00109    0.4100   -1256.6260  0.4313 
   00110    0.3850   -1262.4646  0.4423 
   00111    0.3875   -1262.2463  0.4317 
   00112    0.4650   -1245.1822  0.4181 
   00113    0.4700   -1245.5138  0.4450 
   00114    0.4050   -1231.9524  0.4153 
   00115    0.4075   -1215.0586  0.4129 
   00116    0.4350   -1224.2847  0.4035 
   00117    0.3975   -1228.5349  0.4076 
   00118    0.4125   -1239.5973  0.4177 
   00119    0.4500   -1223.9529  0.4052 
   00120    0.4325   -1242.1257  0.4118 
   00121    0.4125   -1261.2710  0.4196 
   00122    0.4650   -1265.6623  0.4395 
   00123    0.3800   -1260.6933  0.4329 
   00124    0.3975   -1261.0168  0.4345 
   00125    0.4450   -1278.6453  0.4190 
   00126    0.3950   -1291.2249  0.4034 
   00127    0.4050   -1275.8710  0.4105 
   00128    0.4200   -1285.9432  0.3997 
   00129    0.4125   -1282.9086  0.4088 
   00130    0.4300   -1266.5819  0.4142 
   00131    0.4350   -1289.2381  0.4028 
   00132    0.4250   -1290.2669  0.3921 
   00133    0.4050   -1284.7863  0.4027 
   00134    0.4375   -1285.1734  0.4211 
   00135    0.4225   -1257.0362  0.4104 
   00136    0.4675   -1249.1022  0.4130 
   00137    0.3775   -1273.5462  0.4307 
   00138    0.3775   -1257.0777  0.4339 
   00139    0.4000   -1257.9828  0.4399 
   00140    0.3725   -1277.0173  0.4414 
   00141    0.4125   -1278.2484  0.4493 
   00142    0.4150   -1285.3658  0.4570 
   00143    0.3975   -1278.3668  0.4569 
   00144    0.4125   -1246.9451  0.4571 
   00145    0.4225   -1258.4727  0.4494 
   00146    0.4100   -1263.6536  0.4519 
   00147    0.4500   -1266.8417  0.4641 
   00148    0.4225   -1281.6733  0.4282 
   00149    0.3950   -1269.4842  0.4195 
   00150    0.4000   -1258.2538  0.4188 
   00151    0.4025   -1253.8688  0.4287 
   00152    0.3450   -1265.0877  0.4388 
   00153    0.4950   -1251.1073  0.4309 
   00154    0.4050   -1265.3477  0.4279 
   00155    0.4150   -1258.4611  0.4225 
   00156    0.4175   -1268.9371  0.4406 
   00157    0.4550   -1259.6154  0.4492 
   00158    0.3825   -1258.3703  0.4571 
   00159    0.4450   -1263.8857  0.4715 
   00160    0.4150   -1262.1314  0.4809 
   00161    0.3825   -1271.7700  0.4745 
   00162    0.4425   -1292.8951  0.4714 
   00163    0.3950   -1290.3397  0.4711 
   00164    0.4175   -1304.5362  0.4797 
   00165    0.4275   -1292.6365  0.4608 
   00166    0.4100   -1286.7439  0.4571 
   00167    0.4400   -1294.3120  0.4714 
   00168    0.4425   -1284.4181  0.4667 
   00169    0.4175   -1267.9582  0.4719 
   00170    0.4100   -1270.1034  0.4490 
   00171    0.4200   -1288.2748  0.4492 
   00172    0.4075   -1295.2749  0.4447 
   00173    0.4225   -1274.2193  0.4332 
   00174    0.3850   -1275.2760  0.4123 
   00175    0.4025   -1295.0500  0.4131 
   00176    0.4325   -1258.7752  0.4215 
   00177    0.4300   -1297.1286  0.4252 
   00178    0.4000   -1315.8067  0.4267 
   00179    0.4425   -1308.0330  0.4300 
   00180    0.4350   -1294.4047  0.4146 
   00181    0.4025   -1297.8942  0.4078 
   00182    0.4300   -1309.9791  0.4124 
   00183    0.3800   -1301.5694  0.4295 
   00184    0.4025   -1295.3939  0.4502 
   00185    0.4000   -1300.5048  0.4553 
   00186    0.3800   -1296.9832  0.4508 
   00187    0.4275   -1289.1775  0.4792 
   00188    0.4100   -1301.8144  0.4789 
   00189    0.3800   -1275.7941  0.4833 
   00190    0.4400   -1271.1674  0.4753 
   00191    0.3975   -1266.0308  0.4822 
   00192    0.3800   -1287.4158  0.4817 
   00193    0.4200   -1306.2436  0.4795 
   00194    0.3650   -1313.8919  0.4946 
   00195    0.4275   -1301.9684  0.4816 
   00196    0.4225   -1282.7129  0.4786 
   00197    0.4225   -1284.8732  0.4720 
   00198    0.3725   -1284.2184  0.4795 
   00199    0.4500   -1289.8059  0.4760 
   00200    0.4175   -1293.8944  0.4801 
   00201    0.3900   -1274.7457  0.5089 
   00202    0.4600   -1289.0121  0.5087 
   00203    0.3800   -1311.8780  0.5188 
   00204    0.4125   -1293.4271  0.5115 
   00205    0.4050   -1300.0101  0.5142 
   00206    0.3750   -1296.8574  0.5130 
   00207    0.3825   -1310.5791  0.5172 
   00208    0.4000   -1290.0862  0.5011 
   00209    0.3975   -1293.7750  0.5120 
   00210    0.4250   -1286.2533  0.5213 
   00211    0.4150   -1271.7185  0.5137 
   00212    0.4375   -1289.6423  0.5048 
   00213    0.4100   -1277.1495  0.5009 
   00214    0.4325   -1282.7404  0.5059 
   00215    0.3800   -1282.9055  0.4980 
   00216    0.4100   -1279.1615  0.5081 
   00217    0.4475   -1283.2233  0.5263 
   00218    0.4400   -1274.5689  0.5166 
   00219    0.3900   -1258.4508  0.5086 
   00220    0.3950   -1244.1975  0.5134 
   00221    0.3900   -1257.9457  0.5043 
   00222    0.4125   -1254.3645  0.4982 
   00223    0.4400   -1246.0488  0.4819 
   00224    0.4025   -1271.0516  0.4990 
   00225    0.4475   -1280.5564  0.5051 
   00226    0.3775   -1290.4635  0.5132 
   00227    0.4475   -1299.3031  0.5070 
   00228    0.3925   -1298.0458  0.5129 
   00229    0.4125   -1288.4887  0.4943 
   00230    0.4625   -1271.3202  0.4712 
   00231    0.4225   -1273.4288  0.4602 
   00232    0.3975   -1294.7534  0.4561 
   00233    0.4200   -1298.6737  0.4622 
   00234    0.3650   -1273.0885  0.4599 
   00235    0.3800   -1288.0477  0.4797 
   00236    0.4150   -1300.6954  0.4720 
   00237    0.4500   -1287.9191  0.4506 
   00238    0.4275   -1257.7217  0.4340 
   00239    0.4850   -1271.7370  0.4372 
   00240    0.3875   -1282.0600  0.4374 
   00241    0.4050   -1264.4432  0.4353 
   00242    0.3975   -1252.0082  0.4523 
   00243    0.4275   -1243.5150  0.4551 
   00244    0.3950   -1235.6114  0.4562 
   00245    0.4275   -1248.1522  0.4683 
   00246    0.4600   -1233.3218  0.4585 
   00247    0.4125   -1224.2349  0.4543 
   00248    0.4150   -1224.1920  0.4497 
   00249    0.4300   -1233.9690  0.4566 
   00250    0.4000   -1242.8331  0.4596 
   00251    0.4375   -1239.2282  0.4437 
   00252    0.4225   -1232.0784  0.4424 
   00253    0.4225   -1259.8321  0.4220 
   00254    0.3800   -1261.8989  0.4373 
   00255    0.4200   -1295.2032  0.4469 
   00256    0.4125   -1283.4213  0.4465 
   00257    0.4025   -1285.4021  0.4513 
   00258    0.3950   -1278.8777  0.4810 
   00259    0.3625   -1291.6548  0.4914 
   00260    0.4200   -1293.0327  0.4863 
   00261    0.3800   -1273.9129  0.4858 
   00262    0.4475   -1268.5054  0.4692 
   00263    0.4425   -1253.3001  0.4672 
   00264    0.4275   -1232.9033  0.4894 
   00265    0.4350   -1282.1064  0.4956 
   00266    0.4100   -1293.2618  0.4985 
   00267    0.4250   -1286.7790  0.4999 
   00268    0.3750   -1275.4353  0.5035 
   00269    0.4425   -1284.1670  0.5049 
   00270    0.4100   -1241.6975  0.4976 
   00271    0.4325   -1247.1974  0.4983 
   00272    0.3950   -1263.0185  0.4939 
   00273    0.4200   -1239.1986  0.4808 
   00274    0.4375   -1258.8150  0.4697 
   00275    0.4225   -1234.9402  0.4795 
   00276    0.4175   -1229.9970  0.4641 
   00277    0.3700   -1245.5225  0.4850 
   00278    0.3925   -1265.6876  0.4735 
   00279    0.3950   -1272.2029  0.4806 
   00280    0.4050   -1267.6597  0.4887 
   00281    0.3950   -1264.1172  0.4891 
   00282    0.4325   -1238.7126  0.4937 
   00283    0.4200   -1249.1407  0.4880 
   00284    0.4400   -1259.3863  0.4794 
   00285    0.4225   -1249.5695  0.4790 
   00286    0.4375   -1266.6856  0.4948 
   00287    0.4275   -1277.7388  0.4996 
   00288    0.4100   -1275.0139  0.5132 
   00289    0.4200   -1284.8890  0.5250 
   00290    0.4025   -1293.2567  0.5183 
   00291    0.4100   -1292.9795  0.5232 
   00292    0.3850   -1284.9599  0.5334 
   00293    0.3975   -1292.7718  0.5414 
   00294    0.4300   -1285.1192  0.5168 
   00295    0.3775   -1275.3140  0.5204 
   00296    0.4500   -1271.1129  0.5270 
   00297    0.4025   -1279.2509  0.5394 
   00298    0.3650   -1280.8750  0.5265 
   00299    0.4300   -1273.9776  0.5220 
   00300    0.3875   -1263.1769  0.5110 
   00301    0.4025   -1247.3443  0.5042 
   00302    0.4075   -1259.4492  0.5022 
   00303    0.3900   -1290.6804  0.5145 
   00304    0.4175   -1283.1814  0.5101 
   00305    0.4200   -1260.5955  0.5048 
   00306    0.3950   -1265.5615  0.5121 
   00307    0.4275   -1259.1300  0.5082 
   00308    0.3925   -1259.0962  0.5050 
   00309    0.3950   -1260.8425  0.5023 
   00310    0.4325   -1276.9308  0.5067 
   00311    0.4050   -1267.3148  0.4888 
   00312    0.3925   -1273.1162  0.4876 
   00313    0.4125   -1281.9984  0.4910 
   00314    0.3750   -1294.0038  0.4862 
   00315    0.4175   -1301.5495  0.4814 
   00316    0.3975   -1284.9150  0.4723 
   00317    0.3750   -1284.7439  0.4645 
   00318    0.4625   -1275.1455  0.4700 
   00319    0.4625   -1274.9793  0.4778 
   00320    0.4350   -1269.0877  0.4618 
   00321    0.3850   -1277.6790  0.4784 
   00322    0.3975   -1276.2115  0.4693 
   00323    0.4075   -1290.7200  0.4736 
   00324    0.3750   -1299.1917  0.4661 
   00325    0.4050   -1274.2852  0.4876 
   00326    0.4200   -1258.8963  0.5068 
   00327    0.3900   -1235.2633  0.4937 
   00328    0.4300   -1237.3004  0.4847 
   00329    0.4025   -1253.9616  0.4870 
   00330    0.3925   -1243.4202  0.4850 
   00331    0.4675   -1224.9765  0.4835 
   00332    0.4475   -1227.9824  0.4639 
   00333    0.4200   -1244.6935  0.4564 
   00334    0.3850   -1248.6939  0.4719 
   00335    0.4600   -1250.2466  0.4688 
   00336    0.4500   -1221.2864  0.4586 
   00337    0.4100   -1259.0458  0.4461 
   00338    0.3575   -1246.3853  0.4486 
   00339    0.4075   -1232.1757  0.4565 
   00340    0.3675   -1247.3186  0.4874 
   00341    0.4225   -1246.8161  0.4853 
   00342    0.4150   -1251.3834  0.5080 
   00343    0.4275   -1254.1716  0.5017 
   00344    0.4250   -1258.0457  0.5022 
   00345    0.4525   -1265.4950  0.4767 
   00346    0.4225   -1265.5027  0.4585 
   00347    0.3850   -1287.1621  0.4771 
   00348    0.4450   -1290.3217  0.4740 
   00349    0.4250   -1283.6585  0.4731 
   00350    0.4375   -1270.3880  0.4706 
   00351    0.3825   -1267.8040  0.4743 
   00352    0.4150   -1264.1528  0.4667 
   00353    0.4225   -1269.3973  0.4603 
   00354    0.4125   -1255.1946  0.4581 
   00355    0.4375   -1236.0084  0.4463 
   00356    0.4075   -1240.4011  0.4457 
   00357    0.4575   -1255.0721  0.4372 
   00358    0.4350   -1260.0633  0.4362 
   00359    0.3850   -1266.7050  0.4647 
   00360    0.4050   -1264.2787  0.4484 
   00361    0.4025   -1239.8728  0.4409 
   00362    0.4300   -1252.6420  0.4488 
   00363    0.4375   -1275.2627  0.4601 
   00364    0.4100   -1276.6618  0.4522 
   00365    0.3625   -1278.7735  0.4527 
   00366    0.4225   -1254.0269  0.4553 
   00367    0.4150   -1241.8547  0.4502 
   00368    0.4025   -1285.6201  0.4533 
   00369    0.4025   -1243.1823  0.4395 
   00370    0.4025   -1229.7778  0.4488 
   00371    0.4375   -1252.5067  0.4594 
   00372    0.4275   -1247.8872  0.4604 
   00373    0.4125   -1245.8411  0.4610 
   00374    0.3850   -1258.6987  0.4743 
   00375    0.4400   -1275.4751  0.4901 
   00376    0.4375   -1269.3094  0.5029 
   00377    0.4325   -1281.0362  0.5124 
   00378    0.4525   -1288.6214  0.5217 
   00379    0.4350   -1270.4728  0.5198 
   00380    0.3675   -1292.3576  0.5232 
   00381    0.3775   -1290.0870  0.5246 
   00382    0.4325   -1285.9791  0.5364 
   00383    0.4250   -1292.4189  0.5330 
   00384    0.3800   -1254.1086  0.5373 
   00385    0.4300   -1291.0865  0.5461 
   00386    0.4300   -1291.2212  0.5448 
   00387    0.4275   -1274.7574  0.5400 
   00388    0.4100   -1274.0349  0.5380 
   00389    0.4150   -1265.4054  0.5478 
   00390    0.4350   -1266.0399  0.5746 
   00391    0.3850   -1277.5092  0.5877 
   00392    0.4050   -1264.0662  0.5895 
   00393    0.4000   -1265.1228  0.6031 
   00394    0.4225   -1274.5892  0.6115 
   00395    0.3825   -1266.6356  0.6071 
   00396    0.3900   -1255.2907  0.6096 
   00397    0.4175   -1278.4298  0.6192 
   00398    0.4425   -1279.1542  0.6211 
   00399    0.3800   -1266.5858  0.6238 
   00400    0.3400   -1286.1668  0.6235 
   00401    0.3700   -1267.6463  0.6282 
   00402    0.4200   -1295.0388  0.6451 
   00403    0.4100   -1303.7147  0.6521 
   00404    0.3650   -1291.0719  0.6342 
   00405    0.4350   -1295.9083  0.6328 
   00406    0.4025   -1286.8396  0.6334 
   00407    0.3800   -1271.6100  0.6359 
   00408    0.3875   -1279.1217  0.6547 
   00409    0.3725   -1281.8491  0.6432 
   00410    0.4150   -1294.8421  0.6511 
   00411    0.4050   -1300.8072  0.6525 
   00412    0.3750   -1291.8833  0.6433 
   00413    0.4100   -1302.4769  0.6363 
   00414    0.3925   -1271.1731  0.6273 
   00415    0.4125   -1268.8035  0.6328 
   00416    0.4400   -1270.4413  0.6401 
   00417    0.3825   -1279.3553  0.6597 
   00418    0.3650   -1269.8133  0.6639 
   00419    0.3900   -1275.0882  0.6797 
   00420    0.3975   -1279.1516  0.6899 
   00421    0.3675   -1274.0086  0.6848 
   00422    0.3975   -1280.1255  0.6757 
   00423    0.4600   -1275.3660  0.6771 
   00424    0.3975   -1279.8374  0.6719 
   00425    0.4275   -1268.2131  0.6523 
   00426    0.4425   -1276.0059  0.6419 
   00427    0.4150   -1274.9039  0.6383 
   00428    0.4100   -1269.4069  0.6437 
   00429    0.4225   -1282.0210  0.6426 
   00430    0.4275   -1276.0190  0.6203 
   00431    0.4375   -1263.0333  0.6223 
   00432    0.3800   -1260.9666  0.6421 
   00433    0.3725   -1276.8203  0.6329 
   00434    0.3925   -1276.2262  0.6464 
   00435    0.3675   -1278.9492  0.6646 
   00436    0.3975   -1253.5183  0.6576 
   00437    0.3800   -1274.4571  0.6613 
   00438    0.3925   -1300.4365  0.6636 
   00439    0.4150   -1318.0254  0.6825 
   00440    0.3975   -1307.8629  0.6906 
   00441    0.4225   -1308.0687  0.6978 
   00442    0.3800   -1315.2688  0.6924 
   00443    0.3725   -1317.8601  0.6898 
   00444    0.4275   -1302.9357  0.6925 
   00445    0.4200   -1284.4144  0.6899 
   00446    0.4400   -1283.4586  0.6968 
   00447    0.4375   -1278.9444  0.6948 
   00448    0.4150   -1280.4240  0.7014 
   00449    0.4100   -1305.0463  0.7098 
   00450    0.3850   -1282.9449  0.6870 
   00451    0.4425   -1302.8139  0.7073 
   00452    0.3825   -1297.0826  0.6985 
   00453    0.3950   -1312.7759  0.6793 
   00454    0.4200   -1335.2614  0.6989 
   00455    0.3825   -1329.2483  0.6976 
   00456    0.4075   -1311.1485  0.6933 
   00457    0.4450   -1302.1415  0.6986 
   00458    0.3800   -1319.4130  0.6960 
   00459    0.3775   -1314.2904  0.6978 
   00460    0.3975   -1324.6368  0.6895 
   00461    0.3925   -1328.6523  0.6928 
   00462    0.3775   -1329.3177  0.6932 
   00463    0.4150   -1324.4017  0.6997 
   00464    0.3900   -1321.0153  0.6942 
   00465    0.4075   -1315.7310  0.6960 
   00466    0.3950   -1303.2522  0.6859 
   00467    0.3925   -1290.8493  0.6748 
   00468    0.4600   -1286.0745  0.6676 
   00469    0.4575   -1263.4792  0.6555 
   00470    0.4250   -1248.7077  0.6501 
   00471    0.4725   -1241.0955  0.6520 
   00472    0.4025   -1241.8605  0.6658 
   00473    0.4425   -1251.7415  0.6758 
   00474    0.4000   -1252.1855  0.6925 
   00475    0.4275   -1265.5390  0.6917 
   00476    0.4075   -1259.4828  0.6998 
   00477    0.4600   -1253.4494  0.7123 
   00478    0.4075   -1255.9406  0.7197 
   00479    0.4050   -1267.0771  0.7357 
   00480    0.4200   -1268.7307  0.7431 
   00481    0.4500   -1275.7156  0.7314 
   00482    0.4200   -1275.0220  0.7253 
   00483    0.4075   -1282.1151  0.7127 
   00484    0.4050   -1273.5538  0.7230 
   00485    0.4225   -1275.7871  0.7150 
   00486    0.3950   -1281.3309  0.7256 
   00487    0.4725   -1288.8253  0.7266 
   00488    0.3875   -1288.7417  0.7271 
   00489    0.3775   -1278.8478  0.7335 
   00490    0.3675   -1251.1130  0.7433 
   00491    0.3725   -1241.7341  0.7474 
   00492    0.3975   -1242.7670  0.7470 
   00493    0.4025   -1269.3845  0.7616 
   00494    0.4275   -1286.8751  0.7661 
   00495    0.4250   -1299.4641  0.7883 
   00496    0.4275   -1309.4119  0.7988 
   00497    0.4350   -1315.0674  0.8040 
   00498    0.3450   -1332.2902  0.8152 
   00499    0.3825   -1325.7992  0.8128 
   00500    0.3800   -1315.9079  0.8083 
   00501    0.4325   -1312.1618  0.8044 
   00502    0.4050   -1325.0668  0.8135 
   00503    0.4075   -1353.2471  0.8353 
   00504    0.4250   -1357.5795  0.8331 
   00505    0.3775   -1362.9303  0.8398 
   00506    0.4075   -1340.8239  0.8233 
   00507    0.4425   -1350.9253  0.8279 
   00508    0.4200   -1334.4947  0.8150 
   00509    0.4075   -1346.0101  0.8159 
   00510    0.4075   -1346.0240  0.8099 
   00511    0.3750   -1332.8411  0.8127 
   00512    0.3850   -1335.0355  0.8060 
   00513    0.3925   -1357.7405  0.8120 
   00514    0.4100   -1342.5188  0.7985 
   00515    0.3775   -1337.9882  0.7919 
   00516    0.4075   -1313.8299  0.7861 
   00517    0.4325   -1307.5915  0.7887 
   00518    0.4175   -1287.7043  0.7880 
   00519    0.3750   -1299.3364  0.7862 
   00520    0.3800   -1309.2371  0.7814 
   00521    0.3975   -1300.1315  0.7782 
   00522    0.4150   -1289.4886  0.7695 
   00523    0.4050   -1322.4832  0.7809 
   00524    0.4000   -1309.0529  0.7813 
   00525    0.3500   -1304.9066  0.7877 
   00526    0.4100   -1305.7889  0.7871 
   00527    0.4025   -1312.7606  0.8009 
   00528    0.4175   -1311.0355  0.7880 
   00529    0.3675   -1331.3227  0.8020 
   00530    0.3875   -1305.9452  0.7857 
   00531    0.3900   -1331.2647  0.7906 
   00532    0.3825   -1320.8798  0.7760 
   00533    0.3950   -1298.0807  0.7699 
   00534    0.3575   -1298.8834  0.7679 
   00535    0.3800   -1324.6568  0.7909 
   00536    0.4175   -1320.2461  0.7826 
   00537    0.4000   -1318.2258  0.7911 
   00538    0.3850   -1312.8663  0.7922 
   00539    0.4100   -1319.4555  0.8009 
   00540    0.4150   -1329.9275  0.8096 
   00541    0.3950   -1358.3735  0.8171 
   00542    0.3725   -1345.9951  0.8144 
   00543    0.3700   -1351.3943  0.8232 
   00544    0.3975   -1346.9890  0.8153 
   00545    0.4250   -1359.8455  0.8242 
   00546    0.4125   -1345.7994  0.8131 
   00547    0.3575   -1320.7008  0.8090 
   00548    0.3900   -1333.8801  0.8102 
   00549    0.3900   -1311.8220  0.8013 
   00550    0.3425   -1318.8004  0.8069 
   00551    0.3950   -1331.0726  0.8215 
   00552    0.4200   -1331.2401  0.8176 
   00553    0.3600   -1336.0633  0.8130 
   00554    0.4150   -1304.3378  0.8067 
   00555    0.3725   -1303.3679  0.8037 
   00556    0.3875   -1322.4348  0.8131 
   00557    0.3900   -1304.5647  0.8055 
   00558    0.4375   -1292.5150  0.8048 
   00559    0.4050   -1287.5762  0.7952 
   00560    0.4200   -1303.0969  0.8069 
   00561    0.4475   -1306.5987  0.8122 
   00562    0.3800   -1301.3341  0.8094 
   00563    0.3875   -1281.1249  0.7997 
   00564    0.4225   -1254.1579  0.7869 
   00565    0.4100   -1263.7317  0.7933 
   00566    0.4000   -1296.4709  0.8033 
   00567    0.4150   -1302.9172  0.8159 
   00568    0.4475   -1316.4149  0.8250 
   00569    0.4150   -1332.3125  0.8351 
   00570    0.3900   -1329.9296  0.8417 
   00571    0.4275   -1317.5307  0.8397 
   00572    0.3600   -1321.2279  0.8415 
   00573    0.4025   -1330.7015  0.8399 
   00574    0.3850   -1320.8618  0.8347 
   00575    0.3850   -1319.5870  0.8325 
   00576    0.3775   -1332.8793  0.8330 
   00577    0.4000   -1333.5825  0.8251 
   00578    0.4150   -1320.5711  0.8166 
   00579    0.3925   -1319.5759  0.8132 
   00580    0.3725   -1323.6552  0.8138 
   00581    0.4000   -1323.0765  0.8138 
   00582    0.3875   -1312.0583  0.8206 
   00583    0.4100   -1302.7024  0.8118 
   00584    0.3900   -1304.0460  0.8132 
   00585    0.3875   -1332.5927  0.8217 
   00586    0.4150   -1328.4751  0.8216 
   00587    0.4050   -1304.3779  0.8096 
   00588    0.4250   -1293.0871  0.8062 
   00589    0.3975   -1303.2975  0.8124 
   00590    0.4200   -1295.7849  0.8078 
   00591    0.3825   -1288.3486  0.8013 
   00592    0.3850   -1305.7665  0.8009 
   00593    0.3800   -1290.1033  0.7973 
   00594    0.4300   -1305.6510  0.8052 
   00595    0.4075   -1307.2369  0.8182 
   00596    0.4100   -1289.1589  0.8072 
   00597    0.4425   -1301.1640  0.8155 
   00598    0.4075   -1315.5551  0.8099 
   00599    0.4100   -1316.9220  0.8241 
   00600    0.4300   -1287.3354  0.7900 
   00601    0.4375   -1281.3880  0.8035 
   00602    0.3775   -1315.4149  0.8151 
   00603    0.3525   -1329.3574  0.8239 
   00604    0.3975   -1331.4455  0.8316 
   00605    0.4200   -1341.0734  0.8228 
   00606    0.4150   -1336.3023  0.8152 
   00607    0.4125   -1338.4391  0.8107 
   00608    0.4300   -1335.8493  0.8043 
   00609    0.4200   -1323.5823  0.8000 
   00610    0.3575   -1306.9206  0.7905 
   00611    0.3975   -1328.9000  0.8004 
   00612    0.3875   -1346.2492  0.7976 
   00613    0.3425   -1328.0416  0.7861 
   00614    0.4125   -1324.8294  0.7840 
   00615    0.4300   -1324.4073  0.7872 
   00616    0.4075   -1327.6637  0.7817 
   00617    0.3875   -1315.0902  0.7814 
   00618    0.4175   -1293.5778  0.7705 
   00619    0.3775   -1294.9429  0.7506 
   00620    0.4000   -1295.7724  0.7489 
   00621    0.4150   -1314.8814  0.7641 
   00622    0.4175   -1313.3334  0.7563 
   00623    0.4025   -1316.1468  0.7781 
   00624    0.4150   -1304.2269  0.7688 
   00625    0.4100   -1324.2761  0.7866 
   00626    0.3475   -1331.7013  0.7946 
   00627    0.3725   -1340.6829  0.7882 
   00628    0.4100   -1308.6307  0.7705 
   00629    0.4100   -1310.6342  0.7702 
   00630    0.4450   -1315.6401  0.7602 
   00631    0.4350   -1317.1588  0.7550 
   00632    0.4125   -1303.6239  0.7496 
   00633    0.4150   -1297.4541  0.7315 
   00634    0.3900   -1276.0859  0.7339 
   00635    0.3675   -1291.3666  0.7380 
   00636    0.3900   -1288.0507  0.7342 
   00637    0.3800   -1284.1181  0.7553 
   00638    0.4000   -1291.0191  0.7727 
   00639    0.4425   -1301.5125  0.7769 
   00640    0.3850   -1295.1295  0.7650 
   00641    0.3675   -1297.8009  0.7617 
   00642    0.4300   -1295.0187  0.7657 
   00643    0.4075   -1298.1550  0.7695 
   00644    0.3900   -1294.1797  0.7621 
   00645    0.3925   -1291.3185  0.7574 
   00646    0.3825   -1305.5555  0.7616 
   00647    0.4575   -1307.8992  0.7506 
   00648    0.4100   -1294.1843  0.7525 
   00649    0.3875   -1303.7403  0.7715 
   00650    0.3975   -1291.1689  0.7686 
   00651    0.4300   -1297.5097  0.7526 
   00652    0.4375   -1279.8194  0.7580 
   00653    0.4225   -1307.3690  0.7661 
   00654    0.3700   -1309.7114  0.7577 
   00655    0.4125   -1315.4328  0.7493 
   00656    0.4175   -1325.8776  0.7544 
   00657    0.3650   -1325.0704  0.7766 
   00658    0.3800   -1339.3215  0.7835 
   00659    0.4350   -1336.1529  0.7930 
   00660    0.3875   -1326.3476  0.7887 
   00661    0.3825   -1313.0299  0.7900 
   00662    0.4050   -1313.9691  0.7993 
   00663    0.3900   -1334.4162  0.8145 
   00664    0.4175   -1343.0650  0.8159 
   00665    0.3800   -1355.9257  0.8224 
   00666    0.4325   -1346.1988  0.8130 
   00667    0.4250   -1348.3807  0.8191 
   00668    0.3750   -1359.2160  0.8283 
   00669    0.3975   -1356.1464  0.8222 
   00670    0.4325   -1337.8947  0.8135 
   00671    0.4100   -1336.5856  0.8191 
   00672    0.4275   -1347.1338  0.8092 
   00673    0.3900   -1352.3564  0.8164 
   00674    0.4150   -1343.0043  0.8207 
   00675    0.3900   -1358.1432  0.8160 
   00676    0.3400   -1341.9916  0.8072 
   00677    0.3425   -1331.4907  0.8062 
   00678    0.4000   -1329.2309  0.8028 
   00679    0.3550   -1349.8492  0.8004 
   00680    0.3875   -1336.0773  0.8121 
   00681    0.4050   -1343.1121  0.8189 
   00682    0.3700   -1337.5522  0.8170 
   00683    0.4000   -1342.2787  0.8232 
   00684    0.3650   -1345.1740  0.8309 
   00685    0.3975   -1339.5627  0.8268 
   00686    0.3950   -1347.7580  0.8217 
   00687    0.4225   -1322.8119  0.8064 
   00688    0.4075   -1311.9199  0.7997 
   00689    0.4000   -1321.1757  0.8028 
   00690    0.3975   -1341.0560  0.8175 
   00691    0.4000   -1339.8492  0.8213 
   00692    0.4225   -1352.8436  0.8263 
   00693    0.3600   -1347.1485  0.8208 
   00694    0.3825   -1348.5749  0.8203 
   00695    0.3875   -1326.7793  0.8148 
   00696    0.4025   -1333.6883  0.8111 
   00697    0.3925   -1342.3762  0.8227 
   00698    0.4600   -1322.1954  0.8183 
   00699    0.4325   -1314.5137  0.8045 
   00700    0.4100   -1317.0270  0.8067 
   00701    0.3975   -1350.6122  0.8172 
   00702    0.3925   -1339.0662  0.8063 
   00703    0.3850   -1328.8495  0.8056 
   00704    0.3875   -1335.4855  0.8184 
   00705    0.4075   -1343.7453  0.8231 
   00706    0.3625   -1340.1117  0.8123 
   00707    0.4425   -1349.1380  0.8159 
   00708    0.3925   -1349.4549  0.8244 
   00709    0.3775   -1335.5253  0.8282 
   00710    0.4150   -1333.5014  0.8265 
   00711    0.4075   -1330.3933  0.8171 
   00712    0.4175   -1316.4915  0.8094 
   00713    0.4025   -1337.5570  0.8082 
   00714    0.4100   -1343.8479  0.8101 
   00715    0.3850   -1334.5763  0.8129 
   00716    0.3875   -1329.2452  0.8072 
   00717    0.3800   -1325.7475  0.8155 
   00718    0.4100   -1323.7693  0.8202 
   00719    0.3925   -1315.1785  0.8218 
   00720    0.4075   -1345.7598  0.8319 
   00721    0.4050   -1329.2431  0.8276 
   00722    0.4225   -1336.7375  0.8239 
   00723    0.4550   -1339.1847  0.8235 
   00724    0.3950   -1346.6531  0.8298 
   00725    0.4175   -1322.3787  0.8163 
   00726    0.4050   -1311.2320  0.8105 
   00727    0.4000   -1325.9359  0.8286 
   00728    0.4250   -1335.3629  0.8249 
   00729    0.4025   -1350.7148  0.8255 
   00730    0.4625   -1323.5569  0.8114 
   00731    0.4125   -1335.5337  0.8120 
   00732    0.4150   -1319.9783  0.8023 
   00733    0.3750   -1322.9949  0.8084 
   00734    0.4475   -1325.5216  0.7991 
   00735    0.3975   -1322.9655  0.7949 
   00736    0.4275   -1320.1285  0.8024 
   00737    0.3725   -1327.5362  0.8140 
   00738    0.3950   -1322.7504  0.8105 
   00739    0.4000   -1303.9433  0.8136 
   00740    0.3650   -1311.6012  0.8133 
   00741    0.4300   -1321.7864  0.8150 
   00742    0.4100   -1324.3522  0.8232 
   00743    0.3575   -1322.3604  0.8140 
   00744    0.3975   -1337.0417  0.8212 
   00745    0.4175   -1338.6260  0.8173 
   00746    0.4200   -1315.7235  0.7981 
   00747    0.4150   -1282.9571  0.7990 
   00748    0.4025   -1315.6194  0.8048 
   00749    0.3975   -1306.3186  0.7980 
   00750    0.4050   -1297.1861  0.8041 
   00751    0.3900   -1322.5488  0.8120 
   00752    0.4325   -1345.6105  0.8286 
   00753    0.3525   -1331.1083  0.8165 
   00754    0.4200   -1297.9586  0.8072 
   00755    0.3850   -1318.3850  0.8074 
   00756    0.4075   -1322.8517  0.8050 
   00757    0.3825   -1320.0727  0.7903 
   00758    0.4000   -1318.1796  0.7971 
   00759    0.3925   -1340.2690  0.8035 
   00760    0.4325   -1339.7697  0.8066 
   00761    0.3825   -1336.7163  0.8046 
   00762    0.3700   -1340.0443  0.8039 
   00763    0.4000   -1344.9320  0.8124 
   00764    0.4000   -1342.3568  0.8087 
   00765    0.4275   -1337.3765  0.8138 
   00766    0.4350   -1345.8455  0.8054 
   00767    0.3925   -1345.7097  0.7889 
   00768    0.3675   -1327.7976  0.7809 
   00769    0.3725   -1321.5190  0.7801 
   00770    0.4200   -1307.8290  0.7837 
   00771    0.3875   -1334.3436  0.7885 
   00772    0.4250   -1308.3405  0.7895 
   00773    0.3850   -1325.2610  0.7988 
   00774    0.3650   -1342.4070  0.8111 
   00775    0.3975   -1326.9357  0.8101 
   00776    0.3925   -1309.1329  0.8042 
   00777    0.4050   -1304.3455  0.7899 
   00778    0.4200   -1303.2841  0.7833 
   00779    0.4175   -1316.4268  0.7855 
   00780    0.3975   -1327.0840  0.7900 
   00781    0.4225   -1325.9696  0.7960 
   00782    0.3550   -1298.8136  0.7902 
   00783    0.3900   -1289.1208  0.7917 
   00784    0.4000   -1290.5183  0.7908 
   00785    0.4300   -1268.3952  0.7882 
   00786    0.4050   -1276.8013  0.7922 
   00787    0.3625   -1296.6362  0.8107 
   00788    0.3925   -1294.2132  0.8030 
   00789    0.3800   -1283.3629  0.8046 
   00790    0.3875   -1265.0098  0.7849 
   00791    0.4125   -1252.9378  0.7764 
   00792    0.3850   -1268.8787  0.7799 
   00793    0.4300   -1285.0166  0.7751 
   00794    0.4375   -1304.8974  0.7728 
   00795    0.4125   -1312.6668  0.7713 
   00796    0.4050   -1298.9189  0.7730 
   00797    0.4000   -1274.7013  0.7622 
   00798    0.3725   -1289.6184  0.7734 
   00799    0.4575   -1269.4887  0.7516 
   00800    0.3700   -1277.1451  0.7540 
   00801    0.4300   -1295.2009  0.7799 
   00802    0.3875   -1302.4818  0.7719 
   00803    0.3700   -1308.3539  0.7716 
   00804    0.4225   -1302.8393  0.7644 
   00805    0.4000   -1281.1804  0.7464 
   00806    0.3950   -1280.6403  0.7520 
   00807    0.3850   -1284.4882  0.7596 
   00808    0.4100   -1270.9103  0.7492 
   00809    0.4400   -1270.3478  0.7547 
   00810    0.4275   -1265.3179  0.7670 
   00811    0.4150   -1244.8569  0.7488 
   00812    0.4225   -1273.9134  0.7546 
   00813    0.4050   -1290.0030  0.7611 
   00814    0.4050   -1275.2211  0.7592 
   00815    0.3750   -1306.2206  0.7730 
   00816    0.3875   -1296.8114  0.7798 
   00817    0.3800   -1290.2895  0.7780 
   00818    0.4100   -1288.9745  0.7668 
   00819    0.3825   -1294.7523  0.7576 
   00820    0.4000   -1266.3226  0.7505 
   00821    0.3875   -1261.1050  0.7557 
   00822    0.4125   -1302.3530  0.7768 
   00823    0.4200   -1301.2798  0.7656 
   00824    0.3875   -1280.8001  0.7573 
   00825    0.4325   -1302.2057  0.7796 
   00826    0.3950   -1287.5165  0.7813 
   00827    0.3850   -1299.9025  0.7813 
   00828    0.3950   -1300.0412  0.7672 
   00829    0.3750   -1305.1812  0.7674 
   00830    0.3900   -1316.9179  0.7711 
   00831    0.3925   -1313.5933  0.7705 
   00832    0.4050   -1295.8617  0.7659 
   00833    0.3750   -1294.2040  0.7574 
   00834    0.3800   -1291.7689  0.7505 
   00835    0.4075   -1309.4871  0.7611 
   00836    0.3950   -1320.4990  0.7698 
   00837    0.4400   -1317.1295  0.7795 
   00838    0.3575   -1332.0585  0.7786 
   00839    0.3925   -1309.7315  0.7622 
   00840    0.3775   -1305.5530  0.7730 
   00841    0.3850   -1290.4209  0.7659 
   00842    0.3725   -1311.3097  0.7748 
   00843    0.4550   -1310.1773  0.7773 
   00844    0.4175   -1306.3757  0.7809 
   00845    0.3625   -1284.2679  0.7761 
   00846    0.4425   -1284.0512  0.7702 
   00847    0.4300   -1282.3116  0.7725 
   00848    0.4250   -1264.2574  0.7675 
   00849    0.3925   -1256.3951  0.7702 
   00850    0.3900   -1265.7950  0.7657 
   00851    0.4050   -1256.8572  0.7628 
   00852    0.4800   -1269.3021  0.7587 
   00853    0.3975   -1283.7545  0.7756 
   00854    0.3750   -1286.7885  0.7717 
   00855    0.4875   -1283.2271  0.7725 
   00856    0.4425   -1297.5926  0.7724 
   00857    0.3725   -1314.6317  0.7904 
   00858    0.4250   -1316.9264  0.7884 
   00859    0.3650   -1328.0178  0.7988 
   00860    0.3850   -1316.9529  0.7922 
   00861    0.3725   -1330.6747  0.8026 
   00862    0.4100   -1321.5400  0.7925 
   00863    0.4300   -1328.4976  0.7934 
   00864    0.3675   -1303.4142  0.7917 
   00865    0.4150   -1310.6964  0.7866 
   00866    0.4125   -1302.6637  0.7821 
   00867    0.4175   -1302.9392  0.7874 
   00868    0.4350   -1283.9153  0.7809 
   00869    0.4200   -1296.9608  0.7923 
   00870    0.4075   -1319.9724  0.8061 
   00871    0.3925   -1308.0909  0.7996 
   00872    0.3850   -1293.7709  0.8057 
   00873    0.4025   -1284.9974  0.7896 
   00874    0.3750   -1295.6557  0.7887 
   00875    0.4275   -1280.5180  0.7815 
   00876    0.3825   -1304.7854  0.7943 
   00877    0.4275   -1330.4460  0.8093 
   00878    0.4150   -1338.1230  0.8249 
   00879    0.3925   -1319.7954  0.8161 
   00880    0.4375   -1325.0159  0.8049 
   00881    0.3850   -1312.7476  0.8033 
   00882    0.4325   -1298.4137  0.8085 
   00883    0.3750   -1279.9929  0.8016 
   00884    0.4125   -1300.5880  0.8065 
   00885    0.3775   -1312.1996  0.8097 
   00886    0.3725   -1327.9589  0.8153 
   00887    0.3975   -1310.1632  0.8052 
   00888    0.3875   -1315.2992  0.7945 
   00889    0.4250   -1301.9587  0.8127 
   00890    0.4250   -1303.9213  0.8262 
   00891    0.4375   -1313.9700  0.8218 
   00892    0.4200   -1296.2017  0.8119 
   00893    0.3925   -1285.3304  0.8075 
   00894    0.3950   -1300.9445  0.8080 
   00895    0.3725   -1320.2546  0.8006 
   00896    0.3950   -1287.0644  0.7946 
   00897    0.4350   -1276.5182  0.7860 
   00898    0.3650   -1284.7487  0.7862 
   00899    0.3750   -1280.8340  0.7865 
   00900    0.4000   -1270.1987  0.7889 
   00901    0.4550   -1293.7516  0.7916 
   00902    0.3775   -1325.2665  0.8061 
   00903    0.3850   -1310.3311  0.8067 
   00904    0.4125   -1322.3249  0.8195 
   00905    0.3775   -1306.6754  0.8216 
   00906    0.4450   -1289.8275  0.8007 
   00907    0.4100   -1309.0095  0.8091 
   00908    0.3775   -1308.4887  0.8082 
   00909    0.3650   -1296.9188  0.8060 
   00910    0.3750   -1285.9414  0.7989 
   00911    0.4175   -1268.1383  0.8088 
   00912    0.3950   -1276.2266  0.8022 
   00913    0.4325   -1300.8472  0.8110 
   00914    0.4075   -1292.3673  0.8155 
   00915    0.4225   -1307.5753  0.8224 
   00916    0.4050   -1324.9628  0.8356 
   00917    0.3825   -1329.8793  0.8271 
   00918    0.3400   -1330.8759  0.8354 
   00919    0.4075   -1323.1002  0.8360 
   00920    0.4075   -1307.1549  0.8265 
   00921    0.4000   -1307.4696  0.8293 
   00922    0.3925   -1304.9278  0.8205 
   00923    0.3850   -1317.4010  0.8211 
   00924    0.4250   -1349.5555  0.8327 
   00925    0.3700   -1348.8123  0.8340 
   00926    0.3950   -1332.7464  0.8271 
   00927    0.3650   -1332.2458  0.8352 
   00928    0.4550   -1320.6384  0.8354 
   00929    0.4500   -1321.5928  0.8381 
   00930    0.4100   -1314.1131  0.8334 
   00931    0.4375   -1327.4151  0.8508 
   00932    0.3600   -1328.5891  0.8419 
   00933    0.4050   -1318.8862  0.8477 
   00934    0.3700   -1329.3221  0.8561 
   00935    0.3875   -1345.0209  0.8680 
   00936    0.4100   -1348.5425  0.8510 
   00937    0.4000   -1346.5452  0.8502 
   00938    0.3850   -1349.3419  0.8450 
   00939    0.3950   -1315.2939  0.8325 
   00940    0.3825   -1304.4447  0.8328 
   00941    0.3525   -1309.1016  0.8467 
   00942    0.3950   -1314.2234  0.8501 
   00943    0.3575   -1323.8662  0.8467 
   00944    0.3600   -1322.0264  0.8473 
   00945    0.4050   -1330.1461  0.8409 
   00946    0.3825   -1337.6842  0.8436 
   00947    0.4100   -1348.5325  0.8451 
   00948    0.3900   -1320.9354  0.8377 
   00949    0.3725   -1318.0114  0.8427 
   00950    0.3900   -1342.4521  0.8396 
   00951    0.3975   -1320.2185  0.8346 
   00952    0.4200   -1332.0887  0.8318 
   00953    0.4075   -1333.8858  0.8233 
   00954    0.4025   -1335.2604  0.8220 
   00955    0.4100   -1321.4796  0.8155 
   00956    0.4125   -1323.6814  0.8232 
   00957    0.4125   -1334.6537  0.8347 
   00958    0.3575   -1338.2616  0.8338 
   00959    0.4300   -1329.2485  0.8362 
   00960    0.3875   -1339.0399  0.8375 
   00961    0.4075   -1331.1967  0.8328 
   00962    0.3700   -1330.1839  0.8304 
   00963    0.4225   -1327.8677  0.8378 
   00964    0.4100   -1335.3537  0.8522 
   00965    0.4075   -1319.8418  0.8498 
   00966    0.4325   -1325.4182  0.8406 
   00967    0.3850   -1327.2405  0.8358 
   00968    0.3950   -1304.6264  0.8279 
   00969    0.3975   -1319.5169  0.8369 
   00970    0.3700   -1343.0338  0.8526 
   00971    0.3875   -1348.7689  0.8390 
   00972    0.3875   -1347.1782  0.8456 
   00973    0.3950   -1330.7770  0.8426 
   00974    0.4325   -1330.3283  0.8409 
   00975    0.3800   -1334.9283  0.8431 
   00976    0.3525   -1316.3626  0.8402 
   00977    0.4250   -1323.3235  0.8423 
   00978    0.3825   -1337.1154  0.8421 
   00979    0.3725   -1341.1460  0.8413 
   00980    0.4200   -1318.6697  0.8440 
   00981    0.4500   -1283.8703  0.8139 
   00982    0.4025   -1303.3630  0.8124 
   00983    0.4175   -1311.8585  0.8090 
   00984    0.3825   -1293.7486  0.7952 
   00985    0.4000   -1292.6807  0.7936 
   00986    0.3925   -1284.2891  0.7878 
   00987    0.4200   -1284.8179  0.7947 
   00988    0.4200   -1306.0775  0.7978 
   00989    0.4300   -1304.3531  0.7992 
   00990    0.4025   -1317.1932  0.8050 
   00991    0.4525   -1328.4490  0.8197 
   00992    0.3900   -1312.7856  0.8024 
   00993    0.3925   -1315.8799  0.8033 
   00994    0.3800   -1287.3195  0.8013 
   00995    0.4475   -1293.6899  0.8038 
   00996    0.3800   -1299.1320  0.8035 
   00997    0.4225   -1301.3234  0.8089 
   00998    0.4025   -1311.6255  0.8268 
   00999    0.4000   -1325.1126  0.8474 
   01000    0.3850   -1313.5813  0.8405 
