#=====================================================
# File created:        Mon-06-Nov-2023-at-02-42-52PM
# Size of lattice:     60x60
# Number of MC steps:  1000
# Reduced temperature: 1.400
# Run time (s):        65.349277
#=====================================================
# MC step:  Ratio:     Energy:   Order:
#=====================================================
   00000    0.5000   -3691.7816  0.2675 
   00001    0.7436   -5182.9477  0.2778 
   00002    0.6736   -5807.4043  0.2761 
   00003    0.6697   -6136.8584  0.2773 
   00004    0.6458   -6351.9301  0.2789 
   00005    0.6308   -6459.7385  0.2751 
   00006    0.6214   -6614.9802  0.2820 
   00007    0.6231   -6636.1981  0.2926 
   00008    0.6397   -6663.3295  0.2875 
   00009    0.6336   -6721.6249  0.2771 
   00010    0.6244   -6860.6096  0.2684 
   00011    0.6133   -6836.0741  0.2577 
   00012    0.6061   -6841.5530  0.2557 
   00013    0.6278   -6587.8345  0.2516 
   00014    0.6200   -6666.4766  0.2611 
   00015    0.6150   -6663.0152  0.2639 
   00016    0.6228   -6739.5232  0.2714 
   00017    0.6089   -6802.3370  0.2886 
   00018    0.6139   -6775.2976  0.2972 
   00019    0.6314   -6772.4407  0.3120 
   00020    0.6000   -6858.5783  0.3297 
   00021    0.6197   -6981.8211  0.3199 
   00022    0.6022   -6823.0849  0.3134 
   00023    0.6058   -6796.3087  0.3049 
   00024    0.6261   -6762.0728  0.3027 
   00025    0.6242   -6735.5911  0.2955 
   00026    0.6133   -6852.2574  0.2934 
   00027    0.6214   -6787.1400  0.2925 
   00028    0.6122   -6709.0032  0.2826 
   00029    0.6158   -6704.4390  0.3033 
   00030    0.6317   -6582.1145  0.2936 
   00031    0.6278   -6721.3056  0.3009 
   00032    0.6108   -6823.0144  0.3023 
   00033    0.6233   -6790.6242  0.2966 
   00034    0.6319   -6704.3740  0.2831 
   00035    0.6111   -6806.0939  0.2755 
   00036    0.6289   -6705.3953  0.2659 
   00037    0.6306   -6697.4105  0.2626 
   00038    0.6236   -6866.2481  0.2609 
   00039    0.6000   -6833.8658  0.2637 
   00040    0.6178   -6919.1962  0.2618 
   00041    0.6089   -6811.2071  0.2722 
   00042    0.6128   -6757.7841  0.2919 
   00043    0.6189   -6747.7687  0.2918 
   00044    0.6217   -6877.9685  0.2968 
   00045    0.5997   -6762.9676  0.2703 
   00046    0.6264   -6627.6721  0.2619 
   00047    0.6311   -6576.4533  0.2546 
   00048    0.6122   -6790.8400  0.2602 
   00049    0.6000   -6743.7200  0.2630 
   00050    0.6128   -6711.0932  0.2626 
   00051    0.6364   -6770.9025  0.2530 
   00052    0.6011   -6902.2262  0.2547 
   00053    0.6211   -6963.6533  0.2594 
   00054    0.6000   -6923.3013  0.2661 
   00055    0.6144   -6971.4007  0.2573 
   00056    0.5958   -6811.8001  0.2522 
   00057    0.6053   -6920.5852  0.2647 
   00058    0.6017   -6728.8363  0.2650 
   00059    0.6058   -6724.1072  0.2576 
   00060    0.6153   -6754.6767  0.2753 
   00061    0.6186   -6793.9207  0.2804 
   00062    0.6200   -6796.3324  0.2947 
   00063    0.5961   -6958.0625  0.2988 
   00064    0.5975   -6975.3960  0.2998 
   00065    0.6242   -6981.7877  0.3055 
   00066    0.6106   -6855.4036  0.3035 
   00067    0.6178   -6814.0695  0.2946 
   00068    0.6033   -6875.2706  0.2786 
   00069    0.6153   -6829.5318  0.2815 
   00070    0.6192   -6623.9507  0.2769 
   00071    0.6147   -6622.6845  0.2691 
   00072    0.6228   -6721.3428  0.2881 
   00073    0.6033   -6789.0706  0.2820 
   00074    0.6033   -6762.6381  0.2892 
   00075    0.6017   -6791.8771  0.2941 
   00076    0.6158   -6698.0264  0.2991 
   00077    0.6217   -6839.7816  0.3042 
   00078    0.6286   -6809.8098  0.3087 
   00079    0.6164   -6774.3596  0.2955 
   00080    0.6175   -6803.6838  0.2974 
   00081    0.6114   -6809.0000  0.2830 
   00082    0.6247   -6856.7730  0.2676 
   00083    0.5864   -6631.1812  0.2695 
   00084    0.6158   -6665.9270  0.2659 
   00085    0.6256   -6677.4051  0.2584 
   00086    0.6203   -6661.8083  0.2535 
   00087    0.6322   -6703.6131  0.2551 
   00088    0.6219   -6839.0502  0.2560 
   00089    0.6100   -6822.3486  0.2598 
   00090    0.6181   -6694.9495  0.2625 
   00091    0.6097   -6845.7789  0.2619 
   00092    0.6122   -6683.0817  0.2709 
   00093    0.6147   -6747.3033  0.2730 
   00094    0.6131   -6843.6705  0.2743 
   00095    0.6028   -6815.3222  0.2808 
   00096    0.6064   -6847.2588  0.2847 
   00097    0.6075   -6937.1838  0.2772 
   00098    0.6178   -6948.9591  0.2692 
   00099    0.6106   -6831.2797  0.2645 
   00100    0.6042   -6863.4589  0.2728 
   00101    0.5939   -6925.3965  0.2745 
   00102    0.6153   -6794.6020  0.2721 
   00103    0.6008   -6916.7090  0.2716 
   00104    0.6281   -6849.7241  0.2738 
   00105    0.6236   -6850.9692  0.2533 
   00106    0.6019   -6828.6343  0.2540 
   00107    0.6147   -6807.7876  0.2680 
   00108    0.6061   -6793.3384  0.2649 
   00109    0.5925   -6836.6786  0.2653 
   00110    0.6158   -6697.0905  0.2739 
   00111    0.6064   -6762.8586  0.2619 
   00112    0.6194   -6778.0380  0.2707 
   00113    0.6150   -6761.4367  0.2762 
   00114    0.6125   -6730.5404  0.2770 
   00115    0.6067   -6697.0092  0.2707 
   00116    0.6147   -6720.8619  0.2746 
   00117    0.6111   -6824.3698  0.2736 
   00118    0.6161   -6741.4796  0.2664 
   00119    0.6033   -6839.7212  0.2592 
   00120    0.6122   -6751.4101  0.2730 
   00121    0.6117   -6760.7240  0.2787 
   00122    0.5944   -6800.5113  0.2820 
   00123    0.6186   -6712.9131  0.2965 
   00124    0.6244   -6655.5700  0.2764 
   00125    0.6233   -6727.1985  0.2669 
   00126    0.6367   -6732.0074  0.2674 
   00127    0.6197   -6833.4368  0.2629 
   00128    0.6089   -6723.3242  0.2555 
   00129    0.6317   -6695.6895  0.2556 
   00130    0.6031   -6751.3613  0.2584 
   00131    0.6136   -6749.1780  0.2704 
   00132    0.6250   -6653.5970  0.2714 
   00133    0.6222   -6768.0376  0.2752 
   00134    0.6147   -6656.4773  0.2604 
   00135    0.6200   -6742.0381  0.2620 
   00136    0.6086   -6838.4394  0.2715 
   00137    0.6164   -6832.5666  0.2852 
   00138    0.6172   -6909.9606  0.3024 
   00139    0.6094   -6891.4941  0.2999 
   00140    0.6172   -6864.1146  0.3008 
   00141    0.6133   -6975.1614  0.2996 
   00142    0.6094   -6767.9601  0.2975 
   00143    0.6142   -6897.9521  0.2944 
   00144    0.6103   -6859.7792  0.2926 
   00145    0.5997   -6896.9870  0.2868 
   00146    0.6086   -6890.6161  0.2812 
   00147    0.5961   -6944.9453  0.2884 
   00148    0.6144   -6941.0629  0.2935 
   00149    0.6083   -6891.8455  0.3019 
   00150    0.6189   -6915.1651  0.3099 
   00151    0.6117   -6765.9116  0.2948 
   00152    0.6047   -6799.1538  0.2786 
   00153    0.6067   -6714.7134  0.2630 
   00154    0.6086   -6783.5319  0.2645 
   00155    0.6078   -6791.0056  0.2750 
   00156    0.6092   -6838.6884  0.2647 
   00157    0.6025   -6737.9931  0.2570 
   00158    0.6244   -6526.3473  0.2545 
   00159    0.6322   -6527.0598  0.2636 
   00160    0.6186   -6663.3004  0.2639 
   00161    0.6278   -6719.2331  0.2643 
   00162    0.6028   -6690.2704  0.2659 
   00163    0.6147   -6698.9184  0.2764 
   00164    0.6069   -6803.0335  0.2674 
   00165    0.6175   -6706.1414  0.2636 
   00166    0.6231   -6719.0014  0.2697 
   00167    0.6283   -6823.7481  0.2809 
   00168    0.6092   -6844.7504  0.2770 
   00169    0.6167   -6781.2896  0.2626 
   00170    0.6264   -6749.2898  0.2533 
   00171    0.6200   -6608.1229  0.2609 
   00172    0.6053   -6687.6858  0.2654 
   00173    0.6303   -6834.5853  0.2607 
   00174    0.6236   -6853.9820  0.2800 
   00175    0.6072   -6942.3575  0.2804 
   00176    0.6156   -6824.6095  0.2847 
   00177    0.5975   -6971.2728  0.2650 
   00178    0.5858   -6846.3118  0.2716 
   00179    0.6036   -6924.5226  0.2759 
   00180    0.6047   -6883.9830  0.2755 
   00181    0.6175   -6714.9117  0.2871 
   00182    0.6236   -6608.6803  0.2817 
   00183    0.6114   -6631.1153  0.2788 
   00184    0.6219   -6615.8034  0.2726 
   00185    0.6203   -6828.5118  0.2794 
   00186    0.6289   -6777.5550  0.2723 
   00187    0.6008   -6817.3152  0.2596 
   00188    0.6147   -6715.1273  0.2571 
   00189    0.6219   -6850.7928  0.2507 
   00190    0.6117   -6809.7980  0.2544 
   00191    0.6147   -6717.5867  0.2655 
   00192    0.6183   -6718.1008  0.2720 
   00193    0.6028   -6873.8535  0.2782 
   00194    0.6142   -6715.1943  0.2805 
   00195    0.6072   -6948.5191  0.2744 
   00196    0.6006   -6822.2479  0.2840 
   00197    0.6114   -6743.7451  0.2919 
   00198    0.6067   -6782.8468  0.2958 
   00199    0.6172   -6717.8528  0.2960 
   00200    0.6200   -6740.5211  0.2889 
   00201    0.6133   -6737.7253  0.2972 
   00202    0.6317   -6801.5499  0.3101 
   00203    0.6119   -6739.6624  0.3032 
   00204    0.6214   -6815.1906  0.2960 
   00205    0.6192   -6770.8990  0.2937 
   00206    0.6281   -6785.6604  0.2976 
   00207    0.5972   -6795.3244  0.3029 
   00208    0.6161   -6716.2371  0.2959 
   00209    0.6325   -6727.8929  0.3034 
   00210    0.6119   -6888.6924  0.3058 
   00211    0.6078   -6937.5374  0.3030 
   00212    0.6194   -6910.5228  0.3167 
   00213    0.6031   -6978.9276  0.3103 
   00214    0.6028   -6884.1688  0.3063 
   00215    0.6358   -6802.3625  0.3030 
   00216    0.6028   -6854.4314  0.2867 
   00217    0.6017   -6994.1207  0.2698 
   00218    0.5983   -7025.1648  0.2814 
   00219    0.6056   -6889.1154  0.2841 
   00220    0.6047   -6652.7231  0.2811 
   00221    0.6114   -6723.7411  0.2872 
   00222    0.6117   -6858.1505  0.2912 
   00223    0.6114   -6931.7708  0.2982 
   00224    0.6061   -6887.5776  0.3137 
   00225    0.5978   -6947.6191  0.3024 
   00226    0.6028   -6876.8889  0.2921 
   00227    0.6003   -6879.2339  0.2707 
   00228    0.6317   -6731.9369  0.2683 
   00229    0.6142   -6705.5614  0.2694 
   00230    0.6236   -6796.7656  0.2507 
   00231    0.6044   -6841.4596  0.2570 
   00232    0.6161   -6915.2228  0.2645 
   00233    0.6039   -6787.9938  0.2698 
   00234    0.6092   -6883.0556  0.2614 
   00235    0.6133   -6814.0437  0.2586 
   00236    0.6128   -6822.2979  0.2549 
   00237    0.6011   -6917.9238  0.2622 
   00238    0.6169   -6939.1557  0.2640 
   00239    0.6078   -6905.1594  0.2659 
   00240    0.6194   -6828.5588  0.2761 
   00241    0.6228   -6796.5963  0.2757 
   00242    0.6044   -6859.5699  0.2695 
   00243    0.6158   -6752.4079  0.2673 
   00244    0.6061   -6712.0474  0.2685 
   00245    0.6144   -6805.8263  0.2633 
   00246    0.6103   -6896.0147  0.2758 
   00247    0.6111   -6850.3327  0.2813 
   00248    0.6028   -6938.0446  0.2680 
   00249    0.6169   -6971.3445  0.2666 
   00250    0.6031   -6954.3922  0.2822 
   00251    0.6119   -6830.7406  0.2813 
   00252    0.6047   -6783.1624  0.2727 
   00253    0.6164   -6818.6362  0.2582 
   00254    0.6206   -6868.7873  0.2538 
   00255    0.6106   -6785.3677  0.2582 
   00256    0.6042   -6842.8090  0.2611 
   00257    0.6142   -6803.6239  0.2695 
   00258    0.6211   -6692.7664  0.2560 
   00259    0.6075   -6747.6032  0.2575 
   00260    0.6150   -6876.5106  0.2608 
   00261    0.6150   -6846.3736  0.2627 
   00262    0.6103   -6791.5062  0.2734 
   00263    0.6211   -6774.8541  0.2693 
   00264    0.6181   -6830.9096  0.2707 
   00265    0.6158   -6809.0647  0.2629 
   00266    0.6158   -6798.1177  0.2633 
   00267    0.6081   -6813.8241  0.2568 
   00268    0.6139   -6811.6822  0.2702 
   00269    0.6103   -6850.6806  0.2568 
   00270    0.6186   -6800.9908  0.2553 
   00271    0.6022   -6914.5611  0.2636 
   00272    0.6150   -6998.0199  0.2563 
   00273    0.6089   -6931.6958  0.2757 
   00274    0.5992   -6969.0754  0.2666 
   00275    0.6092   -7003.3127  0.2567 
   00276    0.6081   -6808.6185  0.2541 
   00277    0.6136   -6736.7968  0.2639 
   00278    0.6069   -6745.5388  0.2587 
   00279    0.6103   -6710.4985  0.2615 
   00280    0.6181   -6860.2539  0.2648 
   00281    0.6144   -6899.8360  0.2678 
   00282    0.5975   -6861.0672  0.2592 
   00283    0.6025   -6823.3759  0.2539 
   00284    0.5939   -6888.9288  0.2549 
   00285    0.6117   -6833.7694  0.2559 
   00286    0.6108   -6863.7644  0.2633 
   00287    0.6117   -6664.5717  0.2681 
   00288    0.6194   -6741.6303  0.2781 
   00289    0.6314   -6740.3327  0.2789 
   00290    0.6156   -6807.0783  0.2762 
   00291    0.6128   -6825.2611  0.2696 
   00292    0.6050   -6906.4576  0.2822 
   00293    0.6206   -7029.3982  0.2708 
   00294    0.6053   -6935.9850  0.2726 
   00295    0.5978   -7019.7837  0.2734 
   00296    0.5908   -6815.7729  0.2845 
   00297    0.6319   -6661.9616  0.2863 
   00298    0.6244   -6635.1648  0.2944 
   00299    0.6164   -6661.6006  0.2866 
   00300    0.6269   -6709.1972  0.2792 
   00301    0.6122   -6595.6253  0.2719 
   00302    0.6325   -6654.5525  0.2598 
   00303    0.6281   -6703.4909  0.2720 
   00304    0.6175   -6777.5116  0.2786 
   00305    0.6206   -6694.3033  0.2744 
   00306    0.6269   -6628.4484  0.2701 
   00307    0.6297   -6765.1531  0.2686 
   00308    0.6047   -6854.2478  0.2744 
   00309    0.6206   -6767.2870  0.2663 
   00310    0.6144   -6701.6903  0.2725 
   00311    0.6264   -6695.5328  0.2647 
   00312    0.6247   -6703.5347  0.2649 
   00313    0.6147   -6773.1382  0.2652 
   00314    0.6133   -6679.2892  0.2622 
   00315    0.6056   -6708.8484  0.2546 
   00316    0.6194   -6671.5621  0.2628 
   00317    0.6081   -6743.2971  0.2689 
   00318    0.6136   -6761.4556  0.2867 
   00319    0.6289   -6668.7669  0.2799 
   00320    0.6094   -6708.5311  0.2861 
   00321    0.6081   -6727.5444  0.2830 
   00322    0.6117   -6709.3499  0.2790 
   00323    0.6117   -6838.2315  0.2808 
   00324    0.6106   -6863.3555  0.2895 
   00325    0.6183   -6699.4661  0.2795 
   00326    0.6125   -6685.1718  0.2832 
   00327    0.6319   -6782.5871  0.2833 
   00328    0.6078   -6795.0682  0.2830 
   00329    0.6239   -6767.0331  0.2768 
   00330    0.6164   -6817.3553  0.2673 
   00331    0.6083   -6875.8269  0.2794 
   00332    0.6153   -6857.4651  0.2651 
   00333    0.6125   -6701.0458  0.2681 
   00334    0.6169   -6740.7158  0.2607 
   00335    0.6153   -6812.5222  0.2587 
   00336    0.6244   -6749.4625  0.2602 
   00337    0.6225   -6750.0841  0.2705 
   00338    0.6225   -6778.6448  0.2638 
   00339    0.6111   -6691.3708  0.2748 
   00340    0.6244   -6722.3424  0.2682 
   00341    0.6133   -6628.1928  0.2584 
   00342    0.6158   -6746.7901  0.2587 
   00343    0.6200   -6771.1740  0.2568 
   00344    0.6117   -6744.0936  0.2683 
   00345    0.6264   -6895.5560  0.2768 
   00346    0.6053   -6947.8678  0.2830 
   00347    0.5978   -6802.6789  0.2869 
   00348    0.6114   -7007.0731  0.2767 
   00349    0.6061   -6994.8317  0.2722 
   00350    0.6083   -7016.4139  0.2595 
   00351    0.6011   -6983.9360  0.2567 
   00352    0.6150   -6854.2175  0.2621 
   00353    0.6131   -6701.8923  0.2580 
   00354    0.6081   -6724.0132  0.2730 
   00355    0.6044   -6682.2202  0.2788 
   00356    0.6292   -6708.5803  0.2812 
   00357    0.6233   -6631.2213  0.2769 
   00358    0.6219   -6781.6690  0.2748 
   00359    0.6344   -6729.9896  0.2519 
   00360    0.6131   -6737.7369  0.2580 
   00361    0.6089   -6742.4040  0.2561 
   00362    0.6078   -6797.2750  0.2576 
   00363    0.6050   -6850.8445  0.2608 
   00364    0.6175   -6950.2400  0.2690 
   00365    0.6111   -6961.5813  0.2669 
   00366    0.6131   -6838.2795  0.2787 
   00367    0.6111   -6924.4306  0.2857 
   00368    0.6150   -6925.8515  0.2681 
   00369    0.6119   -6751.2036  0.2655 
   00370    0.6167   -6752.1613  0.2696 
   00371    0.6156   -6656.1512  0.2795 
   00372    0.6239   -6770.9643  0.2864 
   00373    0.6122   -6732.4457  0.2870 
   00374    0.6250   -6748.1596  0.2749 
   00375    0.6233   -6828.7017  0.2827 
   00376    0.6028   -6760.5390  0.2835 
   00377    0.6031   -6797.9441  0.2727 
   00378    0.6025   -6841.6799  0.2880 
   00379    0.6006   -6776.9875  0.2711 
   00380    0.6192   -6790.3242  0.2779 
   00381    0.6006   -6756.5573  0.2672 
   00382    0.6206   -6787.4099  0.2757 
   00383    0.6044   -6918.7695  0.2735 
   00384    0.5931   -6856.6306  0.2826 
   00385    0.6231   -6840.6887  0.2892 
   00386    0.6228   -6740.5868  0.2924 
   00387    0.6047   -6768.1599  0.2983 
   00388    0.6125   -6891.1693  0.2902 
   00389    0.6069   -6746.6281  0.2884 
   00390    0.6078   -6700.1764  0.2868 
   00391    0.6153   -6811.4575  0.2846 
   00392    0.6025   -6847.3940  0.2799 
   00393    0.6233   -6861.0613  0.2790 
   00394    0.5958   -6829.8839  0.2791 
   00395    0.6353   -6770.7907  0.2765 
   00396    0.6156   -6717.4082  0.2656 
   00397    0.6272   -6665.4022  0.2561 
   00398    0.6172   -6642.1182  0.2681 
   00399    0.6003   -6717.5262  0.2725 
   00400    0.6225   -6635.8554  0.2586 
   00401    0.6189   -6780.3250  0.2587 
   00402    0.6150   -6861.6080  0.2624 
   00403    0.6033   -6867.2112  0.2605 
   00404    0.5964   -6767.4199  0.2664 
   00405    0.6225   -6733.6716  0.2621 
   00406    0.6239   -6762.0675  0.2670 
   00407    0.6203   -6799.6155  0.2639 
   00408    0.6031   -6771.7592  0.2724 
   00409    0.6128   -6758.2506  0.2792 
   00410    0.6261   -6715.4008  0.2827 
   00411    0.6247   -6662.9738  0.2808 
   00412    0.6183   -6647.3638  0.2759 
   00413    0.6206   -6827.4739  0.2884 
   00414    0.6186   -6902.0908  0.2813 
   00415    0.5972   -6944.0573  0.2844 
   00416    0.5947   -7022.3540  0.2918 
   00417    0.6181   -6779.3506  0.2961 
   00418    0.6044   -6927.5240  0.3043 
   00419    0.6067   -6890.3116  0.3001 
   00420    0.6100   -6824.1137  0.2846 
   00421    0.6356   -6748.1184  0.2744 
   00422    0.6019   -6758.1874  0.2704 
   00423    0.6239   -6739.1191  0.2653 
   00424    0.6103   -6824.4295  0.2705 
   00425    0.6061   -6862.2379  0.2666 
   00426    0.6175   -6696.0516  0.2686 
   00427    0.6044   -6811.5330  0.2561 
   00428    0.6197   -6807.6297  0.2561 
   00429    0.6289   -6752.6939  0.2595 
   00430    0.6272   -6877.1033  0.2654 
   00431    0.5967   -6910.2816  0.2687 
   00432    0.6292   -6827.3402  0.2646 
   00433    0.6231   -6605.7452  0.2634 
   00434    0.6206   -6824.5769  0.2536 
   00435    0.6214   -6910.9983  0.2537 
   00436    0.6167   -6959.9117  0.2579 
   00437    0.5986   -7004.3642  0.2553 
   00438    0.6017   -7090.3463  0.2597 
   00439    0.6047   -7025.4799  0.2539 
   00440    0.6022   -6969.2855  0.2743 
   00441    0.6025   -6859.6854  0.2867 
   00442    0.5981   -6988.8327  0.2848 
   00443    0.6081   -6887.8826  0.2801 
   00444    0.6089   -6908.1612  0.2866 
   00445    0.6181   -6872.3821  0.2815 
   00446    0.6100   -6760.5691  0.2869 
   00447    0.6108   -6660.2535  0.2706 
   00448    0.6158   -6719.0694  0.2676 
   00449    0.6283   -6708.9628  0.2681 
   00450    0.6067   -6767.2941  0.2566 
   00451    0.6181   -6801.7341  0.2683 
   00452    0.6150   -6868.1225  0.2723 
   00453    0.6114   -6985.7407  0.2740 
   00454    0.6056   -6801.1093  0.2669 
   00455    0.6150   -6860.0866  0.2736 
   00456    0.6078   -6856.6561  0.2707 
   00457    0.6106   -6900.4261  0.2850 
   00458    0.6192   -6829.9781  0.2970 
   00459    0.6033   -6759.4868  0.3071 
   00460    0.6058   -6728.4707  0.2864 
   00461    0.6283   -6953.7935  0.2854 
   00462    0.5992   -6858.8259  0.2876 
   00463    0.6217   -6730.5908  0.2736 
   00464    0.6253   -6823.6625  0.2734 
   00465    0.6050   -6862.4700  0.2769 
   00466    0.6011   -6910.6402  0.2849 
   00467    0.6139   -6920.1145  0.2976 
   00468    0.6144   -6923.4199  0.2995 
   00469    0.6061   -6802.7184  0.3005 
   00470    0.6111   -6773.2346  0.2986 
   00471    0.6064   -6840.2776  0.3049 
   00472    0.6236   -6773.9468  0.2924 
   00473    0.6172   -6816.1846  0.2773 
   00474    0.6206   -6679.8957  0.2709 
   00475    0.6033   -6849.9297  0.2718 
   00476    0.6244   -6806.6301  0.2612 
   00477    0.6075   -6893.1803  0.2586 
   00478    0.6144   -6780.9634  0.2667 
   00479    0.6214   -6723.8909  0.2592 
   00480    0.6172   -6761.3475  0.2535 
   00481    0.6206   -6607.1424  0.2534 
   00482    0.6197   -6627.3471  0.2691 
   00483    0.6069   -6760.4633  0.2652 
   00484    0.6272   -6894.0268  0.2515 
   00485    0.6153   -6888.3952  0.2636 
   00486    0.6239   -6909.9557  0.2777 
   00487    0.6242   -6830.8650  0.2749 
   00488    0.6197   -6825.6839  0.2708 
   00489    0.6181   -6775.0810  0.2700 
   00490    0.6350   -6744.7679  0.2858 
   00491    0.6033   -6786.4756  0.2962 
   00492    0.6000   -6849.3490  0.2951 
   00493    0.5992   -6902.6482  0.2949 
   00494    0.6111   -6889.6015  0.2798 
   00495    0.6161   -6900.2650  0.2683 
   00496    0.6128   -6816.1124  0.2704 
   00497    0.6269   -6842.9184  0.2586 
   00498    0.6236   -6769.1694  0.2633 
   00499    0.6019   -6759.5950  0.2624 
   00500    0.6289   -6934.3180  0.2607 
   00501    0.6128   -6806.6532  0.2689 
   00502    0.6194   -6942.5008  0.2715 
   00503    0.6069   -6873.7537  0.2745 
   00504    0.6119   -6676.1443  0.2620 
   00505    0.6117   -6669.1335  0.2551 
   00506    0.6097   -6668.0390  0.2543 
   00507    0.6272   -6896.8308  0.2649 
   00508    0.6108   -6890.7971  0.2726 
   00509    0.6108   -6790.9580  0.2579 
   00510    0.6292   -6785.4995  0.2572 
   00511    0.6228   -6762.9133  0.2561 
   00512    0.6128   -6792.7047  0.2583 
   00513    0.6256   -6768.2180  0.2548 
   00514    0.6211   -6581.0802  0.2524 
   00515    0.6178   -6855.4773  0.2738 
   00516    0.6167   -6771.2226  0.2844 
   00517    0.6250   -6731.0431  0.2825 
   00518    0.6239   -6825.4517  0.2849 
   00519    0.6200   -6734.0975  0.2778 
   00520    0.6283   -6679.4390  0.2913 
   00521    0.6094   -6805.5435  0.2988 
   00522    0.6119   -6789.2911  0.2987 
   00523    0.6139   -6712.0527  0.2855 
   00524    0.6172   -6750.5233  0.2908 
   00525    0.6056   -6874.5190  0.2867 
   00526    0.6189   -6852.3869  0.2859 
   00527    0.6131   -6963.3447  0.2840 
   00528    0.6025   -6820.3708  0.2883 
   00529    0.6086   -6755.0477  0.2740 
   00530    0.6089   -6768.6592  0.2651 
   00531    0.6150   -6738.0193  0.2681 
   00532    0.6072   -6851.1443  0.2803 
   00533    0.6178   -6780.5842  0.2740 
   00534    0.6194   -6688.9004  0.2775 
   00535    0.6244   -6767.8650  0.2829 
   00536    0.6103   -6751.8497  0.2788 
   00537    0.6256   -6747.2517  0.2896 
   00538    0.6144   -6742.5719  0.2928 
   00539    0.6256   -6733.7593  0.2884 
   00540    0.6197   -6893.4481  0.2979 
   00541    0.6197   -6839.1522  0.2887 
   00542    0.6178   -6823.3274  0.2975 
   00543    0.6222   -6810.3153  0.2961 
   00544    0.6144   -6800.9624  0.2891 
   00545    0.6264   -6758.6451  0.2880 
   00546    0.6078   -6850.9530  0.2818 
   00547    0.6128   -6726.9518  0.2933 
   00548    0.6256   -6792.2275  0.2771 
   00549    0.6133   -6828.3289  0.2841 
   00550    0.6114   -7005.8909  0.2859 
   00551    0.5986   -6823.7303  0.2900 
   00552    0.6075   -6961.2655  0.2846 
   00553    0.6014   -6991.1059  0.2752 
   00554    0.6086   -7039.6483  0.2743 
   00555    0.5944   -6928.8659  0.2811 
   00556    0.6092   -7039.0116  0.2894 
   00557    0.5936   -6930.7813  0.2831 
   00558    0.6125   -6975.6796  0.2985 
   00559    0.6089   -6761.4554  0.2886 
   00560    0.6017   -6601.0800  0.2752 
   00561    0.6278   -6770.2649  0.2686 
   00562    0.6222   -6731.3508  0.2731 
   00563    0.6228   -6796.5723  0.2636 
   00564    0.6122   -6937.7718  0.2559 
   00565    0.6203   -6796.7758  0.2555 
   00566    0.6225   -6830.2198  0.2584 
   00567    0.6164   -6791.0980  0.2633 
   00568    0.6208   -6632.5020  0.2605 
   00569    0.6189   -6568.1645  0.2595 
   00570    0.6100   -6814.3089  0.2707 
   00571    0.6369   -6686.5647  0.2644 
   00572    0.6239   -6750.0477  0.2586 
   00573    0.6142   -6834.9985  0.2545 
   00574    0.6228   -6706.6729  0.2594 
   00575    0.6144   -6622.2569  0.2591 
   00576    0.6272   -6671.0143  0.2686 
   00577    0.6117   -6679.6389  0.2775 
   00578    0.6203   -6816.7066  0.2694 
   00579    0.6078   -6738.5311  0.2584 
   00580    0.5944   -6784.9213  0.2578 
   00581    0.6036   -6900.2646  0.2534 
   00582    0.6131   -6808.3595  0.2603 
   00583    0.6039   -6875.0090  0.2559 
   00584    0.6217   -6746.2668  0.2612 
   00585    0.6128   -6524.5442  0.2588 
   00586    0.6228   -6645.4563  0.2592 
   00587    0.6092   -6692.2207  0.2764 
   00588    0.6236   -6660.8608  0.2747 
   00589    0.6233   -6821.4830  0.2723 
   00590    0.6158   -6889.3880  0.2610 
   00591    0.6022   -6793.1507  0.2678 
   00592    0.6117   -6787.9788  0.2529 
   00593    0.6250   -6844.9341  0.2678 
   00594    0.6297   -6799.5607  0.2706 
   00595    0.6244   -6804.2234  0.2770 
   00596    0.6067   -6829.6523  0.2812 
   00597    0.6156   -6775.4251  0.2650 
   00598    0.6064   -6709.9474  0.2760 
   00599    0.6225   -6738.8585  0.2788 
   00600    0.6089   -6695.2867  0.2740 
   00601    0.6156   -6779.1527  0.2635 
   00602    0.6144   -6700.4014  0.2726 
   00603    0.6344   -6761.6774  0.2737 
   00604    0.6250   -6779.9055  0.2800 
   00605    0.6092   -6791.6456  0.2801 
   00606    0.6244   -6797.6009  0.2741 
   00607    0.6214   -6887.3978  0.2709 
   00608    0.6125   -6819.9818  0.2724 
   00609    0.6136   -6806.1806  0.2604 
   00610    0.6161   -6801.1606  0.2736 
   00611    0.6025   -6709.7129  0.2652 
   00612    0.6267   -6628.3279  0.2668 
   00613    0.6300   -6565.4462  0.2700 
   00614    0.6278   -6664.0612  0.2683 
   00615    0.6203   -6676.7117  0.2691 
   00616    0.6142   -6679.8022  0.2690 
   00617    0.6086   -6749.9941  0.2720 
   00618    0.6167   -6816.5736  0.2709 
   00619    0.6133   -6964.4603  0.2714 
   00620    0.5989   -6918.0737  0.2763 
   00621    0.6058   -6926.2171  0.2743 
   00622    0.5925   -6994.8750  0.2604 
   00623    0.6069   -6884.5090  0.2634 
   00624    0.6206   -6763.6686  0.2736 
   00625    0.5992   -6600.1756  0.2742 
   00626    0.6269   -6747.8666  0.2808 
   00627    0.6297   -6763.7928  0.2714 
   00628    0.6111   -6828.2429  0.2677 
   00629    0.6178   -6718.6630  0.2740 
   00630    0.6097   -6737.8298  0.2843 
   00631    0.6194   -6745.2651  0.2790 
   00632    0.6319   -6713.3483  0.2697 
   00633    0.5994   -6873.7991  0.2719 
   00634    0.6111   -6932.6124  0.2739 
   00635    0.6056   -6986.8879  0.2870 
   00636    0.6186   -6971.7703  0.2798 
   00637    0.6094   -7036.5695  0.2977 
   00638    0.5992   -6974.3084  0.2945 
   00639    0.5975   -6849.2874  0.2839 
   00640    0.6017   -6805.6807  0.2827 
   00641    0.6019   -6893.0487  0.2913 
   00642    0.6147   -6910.1402  0.2852 
   00643    0.6222   -6759.7323  0.2713 
   00644    0.6253   -6721.3128  0.2604 
   00645    0.6114   -6713.9465  0.2605 
   00646    0.6039   -6778.6367  0.2589 
   00647    0.6175   -6597.5377  0.2552 
   00648    0.6172   -6800.9971  0.2511 
   00649    0.6250   -6769.5090  0.2538 
   00650    0.6253   -6847.9937  0.2705 
   00651    0.6156   -6779.6091  0.2743 
   00652    0.6072   -6700.3632  0.2631 
   00653    0.6219   -6732.5957  0.2746 
   00654    0.6292   -6778.4612  0.2749 
   00655    0.6164   -6796.9115  0.2661 
   00656    0.6178   -6813.0780  0.2793 
   00657    0.6006   -6733.3014  0.2645 
   00658    0.5933   -6664.3834  0.2729 
   00659    0.6306   -6746.7108  0.2794 
   00660    0.6269   -6734.0647  0.2910 
   00661    0.6144   -6734.4965  0.2862 
   00662    0.6169   -6632.8016  0.2787 
   00663    0.6119   -6695.6762  0.2813 
   00664    0.6025   -6785.2295  0.2800 
   00665    0.6261   -6833.9897  0.2654 
   00666    0.6267   -6834.8927  0.2608 
   00667    0.6231   -6857.2131  0.2561 
   00668    0.6008   -6946.4703  0.2615 
   00669    0.6075   -6976.0021  0.2606 
   00670    0.5875   -6981.1588  0.2656 
   00671    0.6067   -6954.3264  0.2644 
   00672    0.6142   -6792.3264  0.2756 
   00673    0.6264   -6719.1817  0.2725 
   00674    0.6347   -6763.8791  0.2772 
   00675    0.6386   -6894.2808  0.2722 
   00676    0.6094   -6807.7176  0.2659 
   00677    0.6253   -6697.9102  0.2663 
   00678    0.6161   -6625.0621  0.2831 
   00679    0.6281   -6756.8021  0.2776 
   00680    0.6300   -6742.3522  0.2950 
   00681    0.6131   -6729.5366  0.2833 
   00682    0.6269   -6854.9745  0.2674 
   00683    0.6147   -6959.7271  0.2695 
   00684    0.6039   -6864.4182  0.2677 
   00685    0.6156   -7015.1666  0.2718 
   00686    0.5969   -6859.8553  0.2718 
   00687    0.6183   -6857.3074  0.2601 
   00688    0.6194   -6850.1405  0.2683 
   00689    0.6097   -6780.8713  0.2649 
   00690    0.6214   -6787.5296  0.2737 
   00691    0.6281   -6731.2679  0.2606 
   00692    0.5967   -6750.1535  0.2535 
   00693    0.6097   -6916.0349  0.2596 
   00694    0.5956   -6883.4378  0.2672 
   00695    0.5981   -6949.6248  0.2754 
   00696    0.6153   -6923.3254  0.2735 
   00697    0.6061   -6773.4043  0.2742 
   00698    0.6111   -6786.9563  0.2782 
   00699    0.6142   -6750.1293  0.2736 
   00700    0.6258   -6841.6479  0.2677 
   00701    0.6333   -6730.7361  0.2685 
   00702    0.6267   -6748.7574  0.2754 
   00703    0.6122   -6668.7930  0.2642 
   00704    0.6200   -6609.6877  0.2598 
   00705    0.6244   -6624.6910  0.2609 
   00706    0.6100   -6548.6085  0.2580 
   00707    0.6358   -6619.7317  0.2628 
   00708    0.6233   -6774.8005  0.2648 
   00709    0.6150   -6789.5815  0.2820 
   00710    0.6133   -6718.9171  0.2684 
   00711    0.6297   -6535.7158  0.2618 
   00712    0.6231   -6872.7363  0.2629 
   00713    0.6133   -6910.1905  0.2618 
   00714    0.6219   -6795.1852  0.2584 
   00715    0.6100   -6813.3141  0.2637 
   00716    0.6150   -6594.6833  0.2668 
   00717    0.6228   -6781.2176  0.2557 
   00718    0.6064   -6813.8244  0.2533 
   00719    0.6156   -6965.9697  0.2639 
   00720    0.6047   -6954.5338  0.2601 
   00721    0.6086   -6886.9482  0.2631 
   00722    0.6125   -6845.9644  0.2662 
   00723    0.6019   -6866.9802  0.2730 
   00724    0.6094   -6715.6182  0.2826 
   00725    0.6131   -6883.1930  0.2649 
   00726    0.6203   -6953.1346  0.2565 
   00727    0.6081   -7004.1311  0.2561 
   00728    0.6242   -6947.1544  0.2728 
   00729    0.6200   -6752.5103  0.2643 
   00730    0.6144   -6944.7661  0.2570 
   00731    0.6172   -6819.1848  0.2606 
   00732    0.6150   -6774.7452  0.2799 
   00733    0.6086   -6956.2186  0.2909 
   00734    0.6017   -6713.1010  0.2884 
   00735    0.6150   -6704.7518  0.2722 
   00736    0.6094   -6771.3450  0.2782 
   00737    0.6189   -6982.2992  0.2777 
   00738    0.6097   -6754.9744  0.2671 
   00739    0.6206   -6797.7236  0.2732 
   00740    0.5894   -6698.9771  0.2742 
   00741    0.6247   -6622.3807  0.2613 
   00742    0.6172   -6712.7356  0.2622 
   00743    0.6283   -6614.8348  0.2679 
   00744    0.6131   -6792.9571  0.2710 
   00745    0.6183   -6725.3293  0.2630 
   00746    0.6156   -6662.9192  0.2702 
   00747    0.6242   -6768.6976  0.2735 
   00748    0.6247   -6637.1664  0.2833 
   00749    0.6131   -6709.9370  0.2904 
   00750    0.6200   -6821.3857  0.2867 
   00751    0.6044   -6873.6402  0.2879 
   00752    0.6081   -6826.1936  0.2889 
   00753    0.6233   -6701.8942  0.2899 
   00754    0.6178   -6742.3353  0.2786 
   00755    0.6269   -6716.1343  0.2843 
   00756    0.6139   -6809.9903  0.2884 
   00757    0.5978   -6758.7097  0.2929 
   00758    0.6089   -6746.1329  0.2813 
   00759    0.6267   -6844.1767  0.2845 
   00760    0.6092   -6926.9862  0.2872 
   00761    0.6194   -6780.1431  0.2735 
   00762    0.6183   -6769.3194  0.2653 
   00763    0.6214   -6888.4665  0.2725 
   00764    0.6172   -6830.9983  0.2721 
   00765    0.6214   -6739.1513  0.2585 
   00766    0.6133   -6758.5763  0.2615 
   00767    0.6003   -6754.5636  0.2552 
   00768    0.6169   -6719.7884  0.2614 
   00769    0.6267   -6724.9930  0.2645 
   00770    0.6211   -6707.0894  0.2561 
   00771    0.6150   -6784.7493  0.2693 
   00772    0.6094   -6881.9892  0.2677 
   00773    0.6114   -6917.2390  0.2761 
   00774    0.5892   -6978.7313  0.2784 
   00775    0.6075   -6896.6022  0.2839 
   00776    0.6136   -6958.0699  0.2866 
   00777    0.6097   -7067.2705  0.2680 
   00778    0.5914   -7033.3796  0.2696 
   00779    0.6169   -6976.8143  0.2743 
   00780    0.5956   -6866.6712  0.2665 
   00781    0.6053   -6908.5984  0.2612 
   00782    0.6214   -6812.6885  0.2663 
   00783    0.6339   -6734.1057  0.2720 
   00784    0.6217   -6652.3279  0.2710 
   00785    0.6211   -6551.8114  0.2721 
   00786    0.6206   -6614.9507  0.2802 
   00787    0.6289   -6883.9093  0.2771 
   00788    0.6103   -6689.1137  0.2799 
   00789    0.6211   -6639.3889  0.2832 
   00790    0.6344   -6570.9294  0.2774 
   00791    0.6272   -6688.5585  0.2770 
   00792    0.6175   -6643.0571  0.2756 
   00793    0.6314   -6715.0566  0.2841 
   00794    0.6131   -6772.2052  0.2805 
   00795    0.6103   -6776.9836  0.2746 
   00796    0.6075   -6782.2075  0.2834 
   00797    0.6158   -6724.5991  0.2794 
   00798    0.6167   -6753.4847  0.2729 
   00799    0.6167   -6811.7400  0.2760 
   00800    0.6211   -6862.0296  0.2864 
   00801    0.6122   -6816.0926  0.2741 
   00802    0.6261   -6916.3333  0.2794 
   00803    0.6231   -6856.4576  0.2716 
   00804    0.6217   -6910.6638  0.2676 
   00805    0.6108   -6800.5961  0.2688 
   00806    0.6064   -6830.2626  0.2697 
   00807    0.6158   -6903.6286  0.2775 
   00808    0.6053   -6955.5510  0.2731 
   00809    0.5986   -7096.8952  0.2725 
   00810    0.5894   -6995.1674  0.2666 
   00811    0.6100   -6871.0783  0.2521 
   00812    0.6236   -6946.1115  0.2629 
   00813    0.6092   -6804.6119  0.2772 
   00814    0.6072   -6692.1747  0.2646 
   00815    0.6261   -6649.6519  0.2648 
   00816    0.6083   -6860.9821  0.2541 
   00817    0.6058   -6890.4934  0.2557 
   00818    0.6042   -6830.2755  0.2531 
   00819    0.6064   -6861.2261  0.2622 
   00820    0.5986   -6815.6680  0.2536 
   00821    0.6069   -6883.0421  0.2576 
   00822    0.6022   -6868.3090  0.2671 
   00823    0.6150   -6770.6609  0.2621 
   00824    0.6189   -6801.3799  0.2660 
   00825    0.6106   -6671.8398  0.2685 
   00826    0.6106   -6742.3384  0.2676 
   00827    0.6186   -6761.7825  0.2548 
   00828    0.6264   -6779.1179  0.2707 
   00829    0.6086   -6765.8028  0.2683 
   00830    0.6228   -6718.2889  0.2708 
   00831    0.6108   -6844.7349  0.2750 
   00832    0.6192   -6848.5650  0.2582 
   00833    0.6097   -6720.9536  0.2585 
   00834    0.6194   -6694.6575  0.2570 
   00835    0.6175   -6747.9870  0.2729 
   00836    0.6269   -6618.8913  0.2669 
   00837    0.6236   -6587.0880  0.2560 
   00838    0.6219   -6650.5016  0.2554 
   00839    0.6122   -6708.2760  0.2541 
   00840    0.6167   -6783.8542  0.2580 
   00841    0.6211   -6739.7614  0.2722 
   00842    0.6214   -6780.1238  0.2761 
   00843    0.6097   -6745.3438  0.2736 
   00844    0.6244   -6769.0018  0.2850 
   00845    0.6136   -6785.8072  0.2747 
   00846    0.6139   -6837.5170  0.2776 
   00847    0.6072   -6914.6940  0.2820 
   00848    0.6017   -6945.7621  0.2800 
   00849    0.6172   -6777.7766  0.2943 
   00850    0.6225   -6731.1275  0.3032 
   00851    0.6264   -6595.8844  0.3010 
   00852    0.5981   -6732.9209  0.3037 
   00853    0.6139   -6734.3166  0.2930 
   00854    0.6106   -6740.3114  0.2933 
   00855    0.6278   -6801.0360  0.2841 
   00856    0.6169   -6861.1463  0.2810 
   00857    0.6017   -6690.8146  0.2824 
   00858    0.6117   -6813.3137  0.2834 
   00859    0.6247   -6834.5450  0.2842 
   00860    0.6117   -6665.5564  0.2881 
   00861    0.6336   -6674.2465  0.2881 
   00862    0.6119   -6749.8234  0.2835 
   00863    0.6228   -6776.2793  0.2755 
   00864    0.6178   -6700.6925  0.2711 
   00865    0.6192   -6885.3250  0.2689 
   00866    0.5983   -6999.3622  0.2725 
   00867    0.5936   -6912.8248  0.2694 
   00868    0.5894   -6931.7668  0.2682 
   00869    0.6181   -6828.6160  0.2725 
   00870    0.6036   -6748.7687  0.2680 
   00871    0.6183   -6787.6360  0.2634 
   00872    0.6125   -6637.5729  0.2639 
   00873    0.6242   -6682.2483  0.2738 
   00874    0.6125   -6673.8360  0.2774 
   00875    0.6289   -6768.9713  0.2740 
   00876    0.6053   -6758.9232  0.2714 
   00877    0.6178   -6730.1699  0.2676 
   00878    0.6206   -6817.5399  0.2689 
   00879    0.6133   -6868.7056  0.2820 
   00880    0.6097   -6857.9955  0.2720 
   00881    0.6081   -6917.0156  0.2784 
   00882    0.6164   -6855.2566  0.2768 
   00883    0.6161   -6845.7585  0.2691 
   00884    0.6156   -6900.6325  0.2683 
   00885    0.6086   -6885.9600  0.2721 
   00886    0.6283   -6811.4023  0.2835 
   00887    0.6106   -6791.4430  0.2936 
   00888    0.6147   -6771.0561  0.2950 
   00889    0.6233   -6750.6564  0.2973 
   00890    0.6261   -6737.9674  0.2958 
   00891    0.6194   -6705.8824  0.2902 
   00892    0.6144   -6758.0082  0.2782 
   00893    0.6281   -6706.3240  0.2753 
   00894    0.6256   -6816.9510  0.2750 
   00895    0.6100   -6898.9594  0.2699 
   00896    0.6114   -6978.9291  0.2667 
   00897    0.6094   -6916.8228  0.2627 
   00898    0.6131   -6793.8284  0.2563 
   00899    0.6067   -6857.1387  0.2595 
   00900    0.5889   -6936.5398  0.2629 
   00901    0.5975   -6874.2668  0.2559 
   00902    0.5967   -7005.8582  0.2560 
   00903    0.6164   -6801.4383  0.2697 
   00904    0.6233   -6815.9003  0.2782 
   00905    0.6206   -6782.3754  0.2845 
   00906    0.6061   -6802.7607  0.2735 
   00907    0.6097   -6787.7618  0.2613 
   00908    0.6108   -6899.7788  0.2668 
   00909    0.6017   -6791.7882  0.2660 
   00910    0.6086   -6761.8213  0.2686 
   00911    0.6089   -6798.1157  0.2666 
   00912    0.6042   -6798.4348  0.2557 
   00913    0.6125   -6724.4422  0.2610 
   00914    0.6219   -6626.6965  0.2789 
   00915    0.6094   -6901.1052  0.2756 
   00916    0.6219   -6854.1498  0.2705 
   00917    0.6200   -6655.7252  0.2650 
   00918    0.6219   -6674.3830  0.2581 
   00919    0.6125   -6758.4841  0.2655 
   00920    0.6058   -6969.8514  0.2672 
   00921    0.5989   -6953.8285  0.2686 
   00922    0.6014   -6926.6207  0.2615 
   00923    0.6097   -6772.6025  0.2656 
   00924    0.6086   -6719.7965  0.2580 
   00925    0.6300   -6714.9789  0.2701 
   00926    0.6211   -6672.1747  0.2714 
   00927    0.6131   -6793.4437  0.2596 
   00928    0.6122   -6813.9238  0.2643 
   00929    0.6214   -6827.5135  0.2663 
   00930    0.6128   -6819.9118  0.2691 
   00931    0.6250   -6760.5320  0.2712 
   00932    0.6278   -6791.1782  0.2562 
   00933    0.6261   -6784.9095  0.2527 
   00934    0.6178   -6741.7245  0.2519 
   00935    0.6247   -6655.5422  0.2618 
   00936    0.6203   -6721.4836  0.2696 
   00937    0.6233   -6838.9745  0.2829 
   00938    0.6086   -6836.9804  0.2777 
   00939    0.6164   -6915.7313  0.2640 
   00940    0.6250   -6928.3681  0.2655 
   00941    0.6139   -6895.4650  0.2684 
   00942    0.6036   -6893.3277  0.2671 
   00943    0.6044   -6885.0454  0.2666 
   00944    0.5958   -6989.5284  0.2740 
   00945    0.6075   -6946.5957  0.2873 
   00946    0.6164   -6907.8368  0.2853 
   00947    0.6069   -6999.0946  0.2770 
   00948    0.6100   -6755.3090  0.2710 
   00949    0.6239   -6981.5524  0.2788 
   00950    0.6144   -6907.9494  0.2832 
   00951    0.6078   -6802.2550  0.2876 
   00952    0.6139   -6841.2125  0.2971 
   00953    0.6119   -6957.4104  0.2944 
   00954    0.6114   -6947.8244  0.3053 
   00955    0.6131   -6905.0615  0.2959 
   00956    0.5975   -6971.9270  0.3048 
   00957    0.6114   -6934.4162  0.3094 
   00958    0.6061   -6927.3226  0.3225 
   00959    0.6025   -7054.7658  0.3178 
   00960    0.5978   -6966.5775  0.3103 
   00961    0.6033   -7014.4745  0.3118 
   00962    0.6086   -6860.9178  0.2981 
   00963    0.6161   -6857.9664  0.2866 
   00964    0.6056   -6854.3590  0.3084 
   00965    0.6228   -6761.3376  0.3157 
   00966    0.6131   -6894.9782  0.3183 
   00967    0.6128   -6901.0385  0.2959 
   00968    0.6042   -6839.7775  0.2917 
   00969    0.6300   -6912.7387  0.2880 
   00970    0.5983   -7023.2900  0.2777 
   00971    0.6000   -7087.7912  0.2894 
   00972    0.6028   -7008.1580  0.2906 
   00973    0.6036   -6864.1680  0.2980 
   00974    0.6108   -6897.4616  0.2876 
   00975    0.6053   -6885.9184  0.2859 
   00976    0.6128   -6898.8828  0.2877 
   00977    0.6050   -7008.6379  0.2736 
   00978    0.6003   -6858.9207  0.2756 
   00979    0.6192   -6720.2678  0.2774 
   00980    0.6131   -6843.1847  0.2878 
   00981    0.6122   -6923.7163  0.2960 
   00982    0.6025   -6825.1273  0.3030 
   00983    0.6258   -6823.1864  0.3043 
   00984    0.6281   -6778.8184  0.2923 
   00985    0.6222   -6754.3288  0.2895 
   00986    0.6086   -6728.8099  0.2961 
   00987    0.6261   -6865.6824  0.2911 
   00988    0.6061   -6767.4935  0.2917 
   00989    0.6233   -6660.6697  0.2836 
   00990    0.6369   -6787.9628  0.2809 
   00991    0.6231   -6822.8647  0.2722 
   00992    0.6178   -6789.5784  0.2813 
   00993    0.6156   -6781.9740  0.2794 
   00994    0.6128   -6866.1486  0.2800 
   00995    0.6025   -6759.8979  0.2749 
   00996    0.6247   -6781.8075  0.2892 
   00997    0.6200   -6648.6265  0.2814 
   00998    0.6175   -6560.8090  0.2788 
   00999    0.6300   -6552.6275  0.2792 
   01000    0.6286   -6630.0103  0.2736 
