#=====================================================
# File created:        Mon-06-Nov-2023-at-03-14-56PM
# Size of lattice:     40x40
# Number of MC steps:  1000
# Reduced temperature: 1.200
# Run time (s):        6.856823
#=====================================================
# MC step:  Ratio:     Energy:   Order:
#=====================================================
   00000    0.5000   -1582.3097  0.2627 
   00001    0.6937   -2422.5649  0.2582 
   00002    0.6569   -2866.1054  0.2755 
   00003    0.6194   -2928.6709  0.2642 
   00004    0.6144   -3015.4336  0.2572 
   00005    0.5856   -3107.2537  0.2609 
   00006    0.5944   -3183.2565  0.2745 
   00007    0.5881   -3166.1915  0.2817 
   00008    0.5919   -3238.8835  0.2713 
   00009    0.5669   -3212.6894  0.2699 
   00010    0.5769   -3177.0487  0.2785 
   00011    0.5731   -3257.6897  0.2922 
   00012    0.5687   -3187.3788  0.2800 
   00013    0.5713   -3325.3730  0.2846 
   00014    0.5787   -3359.2972  0.2818 
   00015    0.5413   -3357.1119  0.2782 
   00016    0.5575   -3346.5210  0.2659 
   00017    0.5644   -3256.5939  0.2527 
   00018    0.5694   -3352.7448  0.2770 
   00019    0.5481   -3355.4903  0.2954 
   00020    0.5569   -3393.4669  0.2791 
   00021    0.5500   -3337.9094  0.2634 
   00022    0.5663   -3330.6805  0.2632 
   00023    0.5413   -3355.1822  0.2749 
   00024    0.5631   -3405.1487  0.2838 
   00025    0.5713   -3331.5342  0.2867 
   00026    0.5369   -3379.0606  0.2974 
   00027    0.5469   -3376.8742  0.3140 
   00028    0.5513   -3425.5441  0.3068 
   00029    0.5494   -3398.9082  0.3022 
   00030    0.5494   -3346.7279  0.3083 
   00031    0.5469   -3368.1147  0.3011 
   00032    0.5569   -3292.1795  0.3122 
   00033    0.5569   -3220.0222  0.2811 
   00034    0.5637   -3263.4334  0.2895 
   00035    0.5787   -3218.0365  0.2909 
   00036    0.5725   -3220.3016  0.2875 
   00037    0.5706   -3203.8298  0.2747 
   00038    0.5713   -3207.7586  0.2808 
   00039    0.5700   -3199.1701  0.2551 
   00040    0.5650   -3324.3375  0.2563 
   00041    0.5631   -3291.6279  0.2699 
   00042    0.5613   -3179.5570  0.2698 
   00043    0.5669   -3217.9595  0.2812 
   00044    0.5431   -3343.7208  0.2948 
   00045    0.5563   -3316.1706  0.3234 
   00046    0.5475   -3210.5054  0.3388 
   00047    0.5563   -3241.2285  0.3190 
   00048    0.5563   -3275.1513  0.3050 
   00049    0.5569   -3320.2804  0.3219 
   00050    0.5456   -3368.0456  0.3454 
   00051    0.5437   -3392.4890  0.3386 
   00052    0.5563   -3311.0999  0.3361 
   00053    0.5387   -3395.4453  0.3429 
   00054    0.5744   -3353.1388  0.3466 
   00055    0.5469   -3345.5597  0.3595 
   00056    0.5387   -3365.6958  0.3695 
   00057    0.5469   -3419.6032  0.3610 
   00058    0.5487   -3317.3340  0.3628 
   00059    0.5775   -3335.1053  0.3708 
   00060    0.5481   -3319.9802  0.3575 
   00061    0.5769   -3319.8927  0.3777 
   00062    0.5300   -3424.7218  0.3959 
   00063    0.5363   -3385.0073  0.3849 
   00064    0.5713   -3292.0210  0.3746 
   00065    0.5425   -3274.8957  0.3841 
   00066    0.5606   -3377.8244  0.3868 
   00067    0.5613   -3374.6376  0.3782 
   00068    0.5706   -3384.6408  0.3715 
   00069    0.5644   -3436.1403  0.3584 
   00070    0.5369   -3383.8877  0.3460 
   00071    0.5519   -3364.1690  0.3349 
   00072    0.5550   -3383.8761  0.3375 
   00073    0.5694   -3336.8508  0.3333 
   00074    0.5381   -3439.9380  0.3228 
   00075    0.5569   -3413.8159  0.3079 
   00076    0.5544   -3434.8647  0.3021 
   00077    0.5819   -3333.6035  0.3143 
   00078    0.5281   -3326.0807  0.3029 
   00079    0.5594   -3318.5672  0.2835 
   00080    0.5675   -3329.6150  0.2831 
   00081    0.5487   -3301.3142  0.2715 
   00082    0.5537   -3286.3985  0.2652 
   00083    0.5619   -3362.8305  0.2766 
   00084    0.5294   -3406.0139  0.2782 
   00085    0.5613   -3357.8858  0.2562 
   00086    0.5481   -3349.0686  0.2546 
   00087    0.5731   -3370.4201  0.2570 
   00088    0.5569   -3413.9376  0.2725 
   00089    0.5613   -3364.2436  0.2859 
   00090    0.5600   -3429.3323  0.2930 
   00091    0.5619   -3345.8746  0.2817 
   00092    0.5575   -3231.4390  0.2758 
   00093    0.5587   -3286.8132  0.2736 
   00094    0.5756   -3318.5006  0.2776 
   00095    0.5587   -3313.8630  0.2846 
   00096    0.5506   -3342.7684  0.2999 
   00097    0.5431   -3301.7812  0.2978 
   00098    0.5719   -3259.5826  0.3037 
   00099    0.5581   -3353.6746  0.2853 
   00100    0.5306   -3412.4383  0.2922 
   00101    0.5469   -3369.0005  0.2895 
   00102    0.5475   -3331.7252  0.2819 
   00103    0.5675   -3343.2275  0.2760 
   00104    0.5769   -3247.1890  0.2593 
   00105    0.5750   -3234.2522  0.2723 
   00106    0.5363   -3336.8102  0.2787 
   00107    0.5637   -3406.6586  0.3025 
   00108    0.5506   -3316.1437  0.3071 
   00109    0.5775   -3224.5233  0.3001 
   00110    0.5794   -3308.4530  0.2854 
   00111    0.5631   -3336.4348  0.2861 
   00112    0.5613   -3323.0794  0.2789 
   00113    0.5794   -3310.7207  0.2872 
   00114    0.5350   -3372.1391  0.2957 
   00115    0.5563   -3344.9082  0.2968 
   00116    0.5600   -3362.3484  0.2844 
   00117    0.5581   -3370.2833  0.2960 
   00118    0.5444   -3430.6069  0.2838 
   00119    0.5769   -3466.7826  0.2907 
   00120    0.5406   -3406.2234  0.2852 
   00121    0.5563   -3428.3008  0.2711 
   00122    0.5600   -3446.6348  0.2674 
   00123    0.5381   -3372.8187  0.2689 
   00124    0.5594   -3400.9145  0.2791 
   00125    0.5519   -3438.5378  0.2926 
   00126    0.5475   -3374.0722  0.2853 
   00127    0.5306   -3510.4103  0.3014 
   00128    0.5463   -3468.0615  0.3053 
   00129    0.5413   -3427.6145  0.2825 
   00130    0.5687   -3393.8642  0.2778 
   00131    0.5600   -3363.3093  0.2861 
   00132    0.5256   -3336.0675  0.2982 
   00133    0.5431   -3457.6990  0.3039 
   00134    0.5513   -3457.0584  0.2932 
   00135    0.5631   -3401.9754  0.2988 
   00136    0.5381   -3322.4764  0.3056 
   00137    0.5669   -3376.8651  0.2675 
   00138    0.5400   -3281.5321  0.2736 
   00139    0.5619   -3269.3158  0.2631 
   00140    0.5537   -3202.5881  0.2794 
   00141    0.5725   -3227.7980  0.2829 
   00142    0.5750   -3151.4948  0.2987 
   00143    0.5919   -3208.4605  0.2662 
   00144    0.5525   -3229.1732  0.2622 
   00145    0.5544   -3247.7978  0.2561 
   00146    0.5594   -3246.2227  0.2600 
   00147    0.5575   -3252.7101  0.2676 
   00148    0.5519   -3307.8364  0.2788 
   00149    0.5363   -3258.4239  0.2798 
   00150    0.5700   -3275.1722  0.2798 
   00151    0.5681   -3286.1761  0.2966 
   00152    0.5400   -3316.8053  0.2987 
   00153    0.5475   -3360.5114  0.2899 
   00154    0.5481   -3298.5128  0.2861 
   00155    0.5650   -3248.3826  0.2818 
   00156    0.5569   -3257.8664  0.2746 
   00157    0.5631   -3262.6008  0.2979 
   00158    0.5375   -3310.7900  0.2847 
   00159    0.5706   -3302.0192  0.2810 
   00160    0.5481   -3246.2312  0.2922 
   00161    0.5744   -3201.4127  0.2803 
   00162    0.5556   -3287.0196  0.2835 
   00163    0.5519   -3297.9052  0.2806 
   00164    0.5694   -3330.0131  0.2820 
   00165    0.5356   -3420.7885  0.2932 
   00166    0.5694   -3418.8749  0.3187 
   00167    0.5744   -3322.2260  0.3095 
   00168    0.5456   -3320.6805  0.3172 
   00169    0.5581   -3211.3011  0.3017 
   00170    0.5487   -3297.6646  0.2917 
   00171    0.5587   -3297.4528  0.2817 
   00172    0.5600   -3347.1073  0.2627 
   00173    0.5519   -3477.5228  0.2639 
   00174    0.5494   -3360.3326  0.2573 
   00175    0.5556   -3295.4434  0.2754 
   00176    0.5563   -3297.7824  0.2836 
   00177    0.5750   -3287.9374  0.2862 
   00178    0.5637   -3341.4123  0.2815 
   00179    0.5637   -3390.9702  0.2801 
   00180    0.5587   -3346.3412  0.3000 
   00181    0.5431   -3378.9322  0.3150 
   00182    0.5600   -3363.8878  0.3014 
   00183    0.5356   -3351.4853  0.3114 
   00184    0.5750   -3408.7718  0.3066 
   00185    0.5337   -3376.4466  0.2855 
   00186    0.5563   -3373.9867  0.3012 
   00187    0.5312   -3311.6849  0.2762 
   00188    0.5250   -3336.3202  0.2945 
   00189    0.5544   -3320.5429  0.3030 
   00190    0.5831   -3290.9970  0.2830 
   00191    0.5806   -3293.7483  0.2827 
   00192    0.5856   -3287.2777  0.2850 
   00193    0.5631   -3249.5769  0.2951 
   00194    0.5519   -3225.9314  0.2780 
   00195    0.5481   -3262.3496  0.2877 
   00196    0.5369   -3214.9013  0.2985 
   00197    0.5669   -3237.6442  0.3095 
   00198    0.5850   -3254.7112  0.3190 
   00199    0.5837   -3214.0956  0.3118 
   00200    0.5763   -3214.4575  0.3179 
   00201    0.5506   -3215.0469  0.3091 
   00202    0.5856   -3224.4661  0.3036 
   00203    0.5637   -3232.2449  0.3187 
   00204    0.5981   -3181.2765  0.3038 
   00205    0.5781   -3220.4988  0.2813 
   00206    0.5400   -3257.3585  0.2978 
   00207    0.5650   -3337.8698  0.3004 
   00208    0.5531   -3323.4265  0.2982 
   00209    0.5537   -3319.9005  0.2986 
   00210    0.5719   -3256.1291  0.2995 
   00211    0.5600   -3309.2073  0.2930 
   00212    0.5444   -3418.1274  0.3078 
   00213    0.5544   -3381.0322  0.2955 
   00214    0.5200   -3312.4411  0.2972 
   00215    0.5469   -3237.3672  0.2936 
   00216    0.5725   -3276.0003  0.2969 
   00217    0.5475   -3437.0060  0.2800 
   00218    0.5437   -3354.2772  0.2846 
   00219    0.5637   -3296.4027  0.3035 
   00220    0.5644   -3311.7103  0.3153 
   00221    0.5563   -3418.3214  0.3300 
   00222    0.5569   -3406.8461  0.3363 
   00223    0.5425   -3416.2641  0.3286 
   00224    0.5475   -3430.6664  0.3159 
   00225    0.5444   -3420.2547  0.2979 
   00226    0.5456   -3369.6020  0.2986 
   00227    0.5763   -3308.7190  0.3085 
   00228    0.5656   -3294.0619  0.3058 
   00229    0.5725   -3266.8345  0.3046 
   00230    0.5569   -3306.3367  0.3104 
   00231    0.5806   -3319.3028  0.2953 
   00232    0.5644   -3323.0717  0.3058 
   00233    0.5581   -3272.2046  0.3052 
   00234    0.5550   -3316.1834  0.3249 
   00235    0.5556   -3301.8070  0.3418 
   00236    0.5375   -3371.5933  0.3468 
   00237    0.5581   -3334.8239  0.3425 
   00238    0.5463   -3294.9540  0.3312 
   00239    0.5537   -3318.7607  0.3362 
   00240    0.5663   -3350.0003  0.3187 
   00241    0.5700   -3357.8821  0.3346 
   00242    0.5713   -3315.1574  0.3232 
   00243    0.5637   -3285.2416  0.3184 
   00244    0.5544   -3268.4967  0.3122 
   00245    0.5450   -3316.2994  0.3211 
   00246    0.5663   -3339.2278  0.3341 
   00247    0.5650   -3337.1880  0.3252 
   00248    0.5456   -3374.5260  0.3257 
   00249    0.5600   -3333.8029  0.3250 
   00250    0.5619   -3397.7547  0.3325 
   00251    0.5556   -3255.1394  0.3347 
   00252    0.5625   -3299.2509  0.3554 
   00253    0.5869   -3347.7270  0.3584 
   00254    0.5550   -3356.2424  0.3481 
   00255    0.5431   -3348.7684  0.3648 
   00256    0.5487   -3421.6749  0.3515 
   00257    0.5331   -3502.7440  0.3353 
   00258    0.5450   -3513.6585  0.3171 
   00259    0.5394   -3492.2572  0.3258 
   00260    0.5138   -3504.2329  0.3185 
   00261    0.5450   -3477.3485  0.2995 
   00262    0.5637   -3474.3578  0.2898 
   00263    0.5619   -3344.0069  0.2752 
   00264    0.5394   -3376.4582  0.2665 
   00265    0.5275   -3373.4863  0.2654 
   00266    0.5563   -3243.1370  0.2577 
   00267    0.5431   -3292.7621  0.2548 
   00268    0.5619   -3266.3314  0.2661 
   00269    0.5631   -3233.5146  0.2894 
   00270    0.5725   -3221.0242  0.2897 
   00271    0.5687   -3280.5859  0.2970 
   00272    0.5337   -3333.4585  0.2943 
   00273    0.5763   -3310.9084  0.2948 
   00274    0.5381   -3417.4129  0.2929 
   00275    0.5444   -3374.8229  0.3020 
   00276    0.5619   -3406.9704  0.2977 
   00277    0.5494   -3440.6856  0.3060 
   00278    0.5644   -3432.4855  0.2839 
   00279    0.5437   -3365.3096  0.2939 
   00280    0.5419   -3359.1279  0.3034 
   00281    0.5837   -3341.6644  0.3069 
   00282    0.5669   -3267.5940  0.3080 
   00283    0.5681   -3385.6178  0.3043 
   00284    0.5481   -3340.3231  0.3089 
   00285    0.5587   -3203.1160  0.3078 
   00286    0.5581   -3298.6475  0.3179 
   00287    0.5469   -3358.9846  0.3311 
   00288    0.5469   -3326.5883  0.3268 
   00289    0.5856   -3340.7800  0.3231 
   00290    0.5481   -3291.5971  0.3179 
   00291    0.5481   -3267.3890  0.3191 
   00292    0.5625   -3263.5070  0.3124 
   00293    0.5387   -3313.7687  0.3051 
   00294    0.5744   -3314.1901  0.3093 
   00295    0.5750   -3236.2435  0.2998 
   00296    0.5531   -3294.8458  0.2863 
   00297    0.5600   -3259.0793  0.2868 
   00298    0.5850   -3261.5198  0.2964 
   00299    0.5637   -3308.3815  0.3010 
   00300    0.5613   -3343.2140  0.3073 
   00301    0.5687   -3328.6996  0.3107 
   00302    0.5269   -3379.9673  0.2893 
   00303    0.5431   -3309.9569  0.2909 
   00304    0.5481   -3316.1447  0.2793 
   00305    0.5556   -3318.6954  0.2771 
   00306    0.5644   -3331.6094  0.2952 
   00307    0.5550   -3389.9014  0.2900 
   00308    0.5281   -3321.5520  0.2930 
   00309    0.5594   -3337.6144  0.3103 
   00310    0.5575   -3287.9814  0.3079 
   00311    0.5344   -3322.7826  0.2901 
   00312    0.5637   -3319.6215  0.2939 
   00313    0.5737   -3395.4660  0.2794 
   00314    0.5444   -3313.4540  0.3041 
   00315    0.5469   -3320.6390  0.2967 
   00316    0.5400   -3330.6735  0.2848 
   00317    0.5288   -3337.7593  0.2750 
   00318    0.5806   -3312.6493  0.2818 
   00319    0.5706   -3216.7063  0.2857 
   00320    0.5575   -3235.3513  0.2939 
   00321    0.5463   -3265.2622  0.3030 
   00322    0.5631   -3298.0487  0.2927 
   00323    0.5725   -3274.1318  0.2983 
   00324    0.5613   -3332.2014  0.2996 
   00325    0.5556   -3337.8533  0.2847 
   00326    0.5481   -3385.7466  0.3001 
   00327    0.5625   -3297.3100  0.3050 
   00328    0.5681   -3405.4651  0.3003 
   00329    0.5613   -3328.0624  0.2920 
   00330    0.5544   -3270.2321  0.2932 
   00331    0.5656   -3289.9110  0.2768 
   00332    0.5569   -3276.5898  0.2867 
   00333    0.5650   -3280.4609  0.2975 
   00334    0.5750   -3247.5139  0.2808 
   00335    0.5469   -3350.8583  0.2727 
   00336    0.5631   -3407.2657  0.2645 
   00337    0.5600   -3402.2085  0.2845 
   00338    0.5475   -3388.1502  0.2947 
   00339    0.5506   -3325.8172  0.2940 
   00340    0.5594   -3343.9271  0.2869 
   00341    0.5669   -3390.3371  0.2771 
   00342    0.5537   -3393.3073  0.2724 
   00343    0.5425   -3292.4124  0.2799 
   00344    0.5787   -3288.2453  0.2773 
   00345    0.5769   -3247.4552  0.2662 
   00346    0.5831   -3236.6879  0.2840 
   00347    0.5563   -3310.4817  0.3030 
   00348    0.5600   -3330.5815  0.3064 
   00349    0.5300   -3373.2910  0.2847 
   00350    0.5869   -3316.1005  0.2691 
   00351    0.5713   -3353.3620  0.2750 
   00352    0.5637   -3334.6014  0.2886 
   00353    0.5631   -3362.8401  0.2777 
   00354    0.5675   -3359.1795  0.2782 
   00355    0.5537   -3345.4970  0.2773 
   00356    0.5694   -3307.0960  0.2865 
   00357    0.5419   -3371.8135  0.2932 
   00358    0.5563   -3361.1662  0.3017 
   00359    0.5238   -3340.6931  0.3093 
   00360    0.5419   -3354.0892  0.3221 
   00361    0.5825   -3320.4569  0.3150 
   00362    0.5487   -3345.2737  0.3157 
   00363    0.5569   -3344.6784  0.3138 
   00364    0.5581   -3319.3173  0.3185 
   00365    0.5681   -3274.2890  0.3176 
   00366    0.5681   -3244.1582  0.3026 
   00367    0.5681   -3270.3859  0.2952 
   00368    0.5481   -3311.0074  0.2904 
   00369    0.5656   -3235.4471  0.2785 
   00370    0.5781   -3300.1526  0.2679 
   00371    0.5744   -3290.7333  0.2675 
   00372    0.5744   -3198.5861  0.2779 
   00373    0.5800   -3181.6954  0.2906 
   00374    0.5831   -3239.0199  0.2878 
   00375    0.5775   -3247.2801  0.3014 
   00376    0.5613   -3247.9191  0.2900 
   00377    0.5763   -3211.6896  0.2895 
   00378    0.5650   -3209.0677  0.2889 
   00379    0.5863   -3177.0756  0.3053 
   00380    0.5938   -3177.5434  0.2900 
   00381    0.5713   -3171.0811  0.2918 
   00382    0.5988   -3111.5273  0.2606 
   00383    0.5781   -3181.4068  0.2697 
   00384    0.5950   -3192.1440  0.2785 
   00385    0.5819   -3278.7826  0.2759 
   00386    0.5569   -3270.0114  0.3015 
   00387    0.5725   -3260.8716  0.2955 
   00388    0.5744   -3307.7845  0.2957 
   00389    0.5813   -3322.4872  0.3006 
   00390    0.5506   -3299.4335  0.2868 
   00391    0.5525   -3300.5742  0.2774 
   00392    0.5637   -3231.2544  0.2697 
   00393    0.5663   -3179.6524  0.2861 
   00394    0.5881   -3227.3109  0.2972 
   00395    0.5800   -3283.0796  0.3059 
   00396    0.5769   -3304.1012  0.3166 
   00397    0.5513   -3314.9196  0.2954 
   00398    0.5694   -3343.0697  0.3018 
   00399    0.5606   -3370.5342  0.2952 
   00400    0.5513   -3267.7572  0.2929 
   00401    0.5850   -3281.0721  0.2982 
   00402    0.5800   -3277.2656  0.2773 
   00403    0.5737   -3274.3521  0.2844 
   00404    0.5631   -3234.6752  0.2820 
   00405    0.5563   -3263.1618  0.2915 
   00406    0.5600   -3206.4207  0.3032 
   00407    0.5513   -3281.0407  0.3072 
   00408    0.5556   -3286.3034  0.3091 
   00409    0.5713   -3199.3930  0.2944 
   00410    0.5594   -3218.2712  0.2945 
   00411    0.5781   -3219.3263  0.3000 
   00412    0.5725   -3316.3250  0.3001 
   00413    0.5606   -3251.4073  0.2924 
   00414    0.5444   -3262.1143  0.3002 
   00415    0.5681   -3290.8839  0.2931 
   00416    0.5731   -3252.4721  0.2977 
   00417    0.5544   -3354.9579  0.2750 
   00418    0.5331   -3465.5815  0.2891 
   00419    0.5369   -3387.5559  0.2875 
   00420    0.5619   -3347.8491  0.2884 
   00421    0.5231   -3271.2385  0.2944 
   00422    0.5919   -3307.4231  0.2947 
   00423    0.5656   -3209.2070  0.2699 
   00424    0.5481   -3163.3096  0.2541 
   00425    0.5813   -3231.3577  0.2679 
   00426    0.5506   -3313.3130  0.2641 
   00427    0.5431   -3326.2956  0.2604 
   00428    0.5481   -3345.0115  0.2739 
   00429    0.5425   -3366.0289  0.2857 
   00430    0.5525   -3373.6384  0.2692 
   00431    0.5581   -3286.9452  0.2646 
   00432    0.5463   -3283.3956  0.2773 
   00433    0.5531   -3410.3381  0.2675 
   00434    0.5500   -3440.0038  0.2680 
   00435    0.5250   -3463.3197  0.2673 
   00436    0.5531   -3459.3497  0.2590 
   00437    0.5381   -3501.3054  0.2768 
   00438    0.5344   -3428.5323  0.2898 
   00439    0.5387   -3423.7226  0.2985 
   00440    0.5231   -3364.3800  0.2965 
   00441    0.5631   -3414.0376  0.2856 
   00442    0.5506   -3420.5487  0.3024 
   00443    0.5544   -3353.7116  0.2845 
   00444    0.5350   -3367.8693  0.2981 
   00445    0.5881   -3353.6562  0.3068 
   00446    0.5306   -3361.6105  0.3130 
   00447    0.5519   -3282.6346  0.3036 
   00448    0.5631   -3320.0750  0.3086 
   00449    0.5550   -3345.6198  0.3056 
   00450    0.5406   -3398.3679  0.3012 
   00451    0.5569   -3297.0637  0.2886 
   00452    0.5644   -3362.7688  0.2746 
   00453    0.5563   -3425.0944  0.2757 
   00454    0.5506   -3359.1722  0.2891 
   00455    0.5444   -3340.0827  0.2840 
   00456    0.5613   -3268.2012  0.2826 
   00457    0.5706   -3318.9246  0.2806 
   00458    0.5637   -3186.3790  0.2972 
   00459    0.5463   -3214.1620  0.3070 
   00460    0.5737   -3269.3133  0.3121 
   00461    0.5663   -3283.0200  0.2932 
   00462    0.5906   -3283.6417  0.2896 
   00463    0.5725   -3290.7075  0.2693 
   00464    0.5469   -3298.1101  0.2719 
   00465    0.5456   -3276.2434  0.2673 
   00466    0.5756   -3229.0496  0.2626 
   00467    0.5456   -3294.9688  0.2673 
   00468    0.5575   -3304.1716  0.2782 
   00469    0.5469   -3280.9577  0.2753 
   00470    0.5675   -3276.5639  0.2830 
   00471    0.5800   -3276.4852  0.2875 
   00472    0.5494   -3364.9232  0.2868 
   00473    0.5525   -3371.7557  0.2905 
   00474    0.5413   -3352.8499  0.3050 
   00475    0.5600   -3315.1880  0.2947 
   00476    0.5794   -3299.9713  0.3079 
   00477    0.5700   -3242.1712  0.2944 
   00478    0.5569   -3311.3015  0.3043 
   00479    0.5413   -3295.6777  0.3052 
   00480    0.5550   -3359.0131  0.3075 
   00481    0.5756   -3291.7709  0.3044 
   00482    0.5281   -3408.9786  0.3107 
   00483    0.5556   -3443.7928  0.3051 
   00484    0.5363   -3479.3863  0.3061 
   00485    0.5300   -3452.1231  0.3076 
   00486    0.5469   -3423.4067  0.3234 
   00487    0.5369   -3451.3285  0.2933 
   00488    0.5344   -3394.5123  0.2833 
   00489    0.5250   -3410.7640  0.2796 
   00490    0.5319   -3464.2518  0.2915 
   00491    0.5344   -3386.1898  0.2918 
   00492    0.5506   -3364.2478  0.2696 
   00493    0.5394   -3251.4339  0.2842 
   00494    0.5656   -3284.6887  0.2556 
   00495    0.5781   -3279.0070  0.2580 
   00496    0.5769   -3361.2650  0.2656 
   00497    0.5600   -3434.2735  0.2717 
   00498    0.5600   -3333.3928  0.2639 
   00499    0.5663   -3222.1959  0.2558 
   00500    0.5681   -3205.2217  0.2572 
   00501    0.5781   -3147.8677  0.2680 
   00502    0.5875   -3183.2441  0.2763 
   00503    0.5931   -3180.3345  0.2819 
   00504    0.5706   -3158.2153  0.2839 
   00505    0.5719   -3199.8978  0.3084 
   00506    0.5681   -3221.5207  0.3085 
   00507    0.5744   -3266.0015  0.2995 
   00508    0.5675   -3246.8393  0.2916 
   00509    0.5719   -3262.1749  0.2939 
   00510    0.5737   -3279.0920  0.3042 
   00511    0.5444   -3333.2373  0.2941 
   00512    0.5763   -3346.4879  0.3030 
   00513    0.5687   -3321.4600  0.3089 
   00514    0.5419   -3291.7463  0.3167 
   00515    0.5406   -3400.8688  0.3113 
   00516    0.5737   -3337.2567  0.3028 
   00517    0.5600   -3306.5381  0.2984 
   00518    0.5681   -3372.0289  0.3094 
   00519    0.5331   -3384.1085  0.2938 
   00520    0.5450   -3305.6751  0.2940 
   00521    0.5613   -3247.5124  0.2916 
   00522    0.5606   -3241.4549  0.3028 
   00523    0.5863   -3272.6681  0.3208 
   00524    0.5813   -3239.3827  0.3093 
   00525    0.5863   -3259.4847  0.2997 
   00526    0.5394   -3316.5958  0.2981 
   00527    0.5369   -3218.7854  0.2958 
   00528    0.5750   -3257.0634  0.2838 
   00529    0.5625   -3184.8673  0.2829 
   00530    0.5506   -3244.7276  0.2966 
   00531    0.5675   -3335.4174  0.2986 
   00532    0.5900   -3265.9053  0.2913 
   00533    0.5619   -3231.3640  0.3000 
   00534    0.5713   -3285.5295  0.2899 
   00535    0.5531   -3299.8649  0.3005 
   00536    0.5406   -3336.8954  0.2850 
   00537    0.5744   -3329.5528  0.2985 
   00538    0.5437   -3358.7828  0.2981 
   00539    0.5637   -3358.9667  0.3129 
   00540    0.5344   -3314.9956  0.3290 
   00541    0.5625   -3241.2173  0.3298 
   00542    0.5769   -3256.3242  0.3292 
   00543    0.5650   -3280.6832  0.3312 
   00544    0.5763   -3245.3238  0.3341 
   00545    0.5531   -3283.5747  0.3320 
   00546    0.5706   -3261.7549  0.3449 
   00547    0.5600   -3245.7629  0.3420 
   00548    0.5656   -3270.9899  0.3424 
   00549    0.5631   -3226.8980  0.3413 
   00550    0.5813   -3347.2315  0.3250 
   00551    0.5394   -3331.6080  0.3348 
   00552    0.5500   -3366.9237  0.3234 
   00553    0.5687   -3335.7707  0.3193 
   00554    0.5544   -3324.7044  0.3170 
   00555    0.5650   -3370.2715  0.3278 
   00556    0.5469   -3311.5845  0.3326 
   00557    0.5600   -3316.7808  0.3393 
   00558    0.5744   -3264.9993  0.3239 
   00559    0.5675   -3215.0625  0.3111 
   00560    0.5800   -3336.9363  0.3004 
   00561    0.5463   -3401.0023  0.3234 
   00562    0.5725   -3446.6816  0.3253 
   00563    0.5469   -3386.3409  0.3206 
   00564    0.5556   -3457.6431  0.2951 
   00565    0.5375   -3447.6423  0.2860 
   00566    0.5525   -3329.7472  0.2977 
   00567    0.5519   -3289.8920  0.3049 
   00568    0.5575   -3344.0407  0.3001 
   00569    0.5700   -3281.8297  0.2920 
   00570    0.5806   -3269.5662  0.2817 
   00571    0.5500   -3305.0300  0.2879 
   00572    0.5706   -3306.0402  0.3012 
   00573    0.5506   -3291.2496  0.2798 
   00574    0.5713   -3243.0614  0.2841 
   00575    0.5494   -3234.3818  0.2843 
   00576    0.5869   -3266.6999  0.2849 
   00577    0.5494   -3289.7468  0.2999 
   00578    0.5544   -3222.5487  0.3049 
   00579    0.5500   -3334.9100  0.2774 
   00580    0.5337   -3385.2003  0.2669 
   00581    0.5681   -3320.0835  0.2526 
   00582    0.5650   -3252.9099  0.2690 
   00583    0.5594   -3301.3729  0.2859 
   00584    0.5656   -3294.6663  0.2890 
   00585    0.5694   -3260.7905  0.2815 
   00586    0.5587   -3361.2455  0.2740 
   00587    0.5594   -3485.1988  0.2538 
   00588    0.5419   -3398.4237  0.2698 
   00589    0.5663   -3316.9586  0.2850 
   00590    0.5563   -3335.0942  0.2954 
   00591    0.5631   -3325.4118  0.3051 
   00592    0.5637   -3311.6262  0.2991 
   00593    0.5506   -3266.6427  0.3027 
   00594    0.5525   -3278.0745  0.3127 
   00595    0.5494   -3344.4738  0.3152 
   00596    0.5581   -3298.0993  0.3023 
   00597    0.5506   -3288.6138  0.2933 
   00598    0.5719   -3268.0745  0.2627 
   00599    0.5600   -3273.7259  0.2518 
   00600    0.5487   -3401.0181  0.2640 
   00601    0.5675   -3449.4478  0.2603 
   00602    0.5463   -3457.7760  0.2668 
   00603    0.5556   -3470.8019  0.2559 
   00604    0.5413   -3391.0001  0.2632 
   00605    0.5500   -3358.7493  0.2544 
   00606    0.5531   -3402.7614  0.2636 
   00607    0.5431   -3460.7766  0.2638 
   00608    0.5587   -3394.5424  0.2698 
   00609    0.5431   -3428.4385  0.2718 
   00610    0.5300   -3479.9183  0.2868 
   00611    0.5188   -3407.0302  0.2903 
   00612    0.5500   -3376.1841  0.2923 
   00613    0.5800   -3292.6139  0.2881 
   00614    0.5600   -3302.4519  0.2902 
   00615    0.5763   -3295.5508  0.2836 
   00616    0.5781   -3312.4914  0.2699 
   00617    0.5644   -3307.0501  0.2785 
   00618    0.5587   -3375.0667  0.2737 
   00619    0.5706   -3361.5258  0.2760 
   00620    0.5631   -3399.4991  0.2741 
   00621    0.5300   -3454.2326  0.2831 
   00622    0.5644   -3359.0974  0.3013 
   00623    0.5681   -3326.4984  0.2886 
   00624    0.5550   -3308.1899  0.2782 
   00625    0.5725   -3284.7457  0.2831 
   00626    0.5500   -3259.4181  0.2789 
   00627    0.5856   -3222.3599  0.2764 
   00628    0.5850   -3243.5842  0.2799 
   00629    0.5656   -3287.2199  0.2752 
   00630    0.5750   -3276.0479  0.2597 
   00631    0.5931   -3232.3594  0.2702 
   00632    0.5763   -3167.7667  0.2778 
   00633    0.6069   -3091.3071  0.2872 
   00634    0.5763   -3125.3479  0.2893 
   00635    0.5569   -3337.8967  0.2884 
   00636    0.5656   -3406.5531  0.2773 
   00637    0.5513   -3346.2090  0.2871 
   00638    0.5694   -3277.8014  0.2944 
   00639    0.5469   -3331.6991  0.2941 
   00640    0.5794   -3335.0662  0.2887 
   00641    0.5713   -3312.1660  0.2940 
   00642    0.5887   -3311.1125  0.2910 
   00643    0.5763   -3251.9446  0.2856 
   00644    0.5756   -3268.2532  0.2934 
   00645    0.5644   -3308.0140  0.3048 
   00646    0.5288   -3289.4812  0.2915 
   00647    0.5781   -3288.8407  0.3119 
   00648    0.5463   -3357.6437  0.3157 
   00649    0.5675   -3384.9092  0.3217 
   00650    0.5331   -3380.1157  0.3269 
   00651    0.5663   -3280.9122  0.3299 
   00652    0.5469   -3327.3178  0.3393 
   00653    0.5531   -3291.5161  0.3301 
   00654    0.5431   -3345.3557  0.3339 
   00655    0.5687   -3336.7890  0.3350 
   00656    0.5394   -3313.7211  0.3195 
   00657    0.5750   -3216.9194  0.3093 
   00658    0.6150   -3144.5791  0.2987 
   00659    0.5637   -3223.9241  0.2980 
   00660    0.5775   -3288.5264  0.2867 
   00661    0.5706   -3311.2560  0.2786 
   00662    0.5587   -3441.5586  0.2804 
   00663    0.5481   -3349.6284  0.2714 
   00664    0.5606   -3388.1652  0.2611 
   00665    0.5487   -3344.5592  0.2630 
   00666    0.5437   -3377.4650  0.2756 
   00667    0.5619   -3270.2387  0.2645 
   00668    0.5487   -3224.5000  0.2786 
   00669    0.5675   -3327.1403  0.2699 
   00670    0.5581   -3224.5329  0.2608 
   00671    0.5600   -3355.7853  0.2742 
   00672    0.5831   -3378.1545  0.2971 
   00673    0.5756   -3371.4838  0.3038 
   00674    0.5613   -3351.3987  0.2927 
   00675    0.5681   -3277.6156  0.3002 
   00676    0.5800   -3328.5923  0.2971 
   00677    0.5694   -3298.8413  0.2918 
   00678    0.5581   -3268.0889  0.2942 
   00679    0.5650   -3285.4907  0.2827 
   00680    0.5675   -3225.8228  0.2805 
   00681    0.5875   -3247.5995  0.2834 
   00682    0.5663   -3282.9063  0.2808 
   00683    0.5600   -3327.1860  0.2946 
   00684    0.5450   -3353.9647  0.2996 
   00685    0.5813   -3252.2392  0.3017 
   00686    0.5587   -3183.5377  0.2919 
   00687    0.5813   -3207.8105  0.2943 
   00688    0.5844   -3302.4573  0.2793 
   00689    0.5806   -3235.7992  0.2618 
   00690    0.5775   -3210.2573  0.2746 
   00691    0.5794   -3212.8139  0.2755 
   00692    0.5856   -3253.6240  0.2926 
   00693    0.5894   -3183.7697  0.3015 
   00694    0.5694   -3179.0462  0.3011 
   00695    0.5837   -3269.4101  0.2883 
   00696    0.5381   -3276.9763  0.2879 
   00697    0.5694   -3274.4727  0.2760 
   00698    0.5731   -3264.9493  0.2669 
   00699    0.5650   -3285.3203  0.2602 
   00700    0.5794   -3221.2545  0.2588 
   00701    0.5837   -3198.1805  0.2584 
   00702    0.5550   -3137.3526  0.2719 
   00703    0.5744   -3199.1091  0.2887 
   00704    0.5731   -3139.2766  0.2837 
   00705    0.5600   -3136.4401  0.2880 
   00706    0.5756   -3191.7456  0.2878 
   00707    0.5606   -3187.6358  0.2945 
   00708    0.5625   -3202.6648  0.2755 
   00709    0.5650   -3185.2613  0.2767 
   00710    0.5794   -3219.6065  0.2733 
   00711    0.5406   -3265.4648  0.2822 
   00712    0.5656   -3180.0910  0.2860 
   00713    0.5781   -3171.5951  0.2957 
   00714    0.5837   -3220.6948  0.3070 
   00715    0.5494   -3324.0396  0.2811 
   00716    0.5481   -3315.3816  0.3010 
   00717    0.5544   -3254.5612  0.3069 
   00718    0.5619   -3256.0205  0.3162 
   00719    0.6006   -3353.3969  0.3273 
   00720    0.5581   -3351.9374  0.3199 
   00721    0.5650   -3313.3841  0.3283 
   00722    0.5600   -3294.3547  0.3241 
   00723    0.5556   -3259.2313  0.3122 
   00724    0.5694   -3294.3478  0.3028 
   00725    0.5694   -3308.6688  0.2919 
   00726    0.5569   -3316.2199  0.2993 
   00727    0.5481   -3292.9095  0.2920 
   00728    0.5694   -3281.6256  0.2822 
   00729    0.5756   -3318.3347  0.2805 
   00730    0.5456   -3324.1114  0.2616 
   00731    0.5813   -3248.9918  0.2649 
   00732    0.5663   -3224.9973  0.2583 
   00733    0.5594   -3257.6690  0.2746 
   00734    0.5631   -3346.4075  0.2834 
   00735    0.5481   -3317.6382  0.2773 
   00736    0.5387   -3256.9067  0.2706 
   00737    0.5456   -3284.9210  0.2843 
   00738    0.5631   -3221.0728  0.2902 
   00739    0.5706   -3192.5122  0.2910 
   00740    0.5713   -3223.1957  0.3062 
   00741    0.5650   -3247.6875  0.3084 
   00742    0.5500   -3201.8963  0.2896 
   00743    0.5731   -3215.6494  0.2660 
   00744    0.5563   -3233.1659  0.2763 
   00745    0.5694   -3260.3533  0.2742 
   00746    0.6112   -3248.9654  0.2804 
   00747    0.5637   -3296.9789  0.2718 
   00748    0.5687   -3283.8145  0.2805 
   00749    0.5487   -3319.7460  0.2747 
   00750    0.5706   -3321.3656  0.2748 
   00751    0.5363   -3311.7666  0.2740 
   00752    0.5469   -3283.9066  0.2689 
   00753    0.5669   -3355.7818  0.2714 
   00754    0.5513   -3425.3173  0.2877 
   00755    0.5475   -3340.5535  0.2864 
   00756    0.5500   -3302.2268  0.2902 
   00757    0.5513   -3320.9965  0.2746 
   00758    0.5587   -3439.0677  0.2633 
   00759    0.5356   -3384.0206  0.2646 
   00760    0.5619   -3362.3211  0.2676 
   00761    0.5700   -3265.5466  0.2618 
   00762    0.5694   -3259.2587  0.2755 
   00763    0.5800   -3187.2533  0.2644 
   00764    0.5663   -3170.2441  0.2685 
   00765    0.5637   -3210.9523  0.2763 
   00766    0.5619   -3213.8636  0.2775 
   00767    0.5869   -3197.9274  0.2812 
   00768    0.5737   -3182.0934  0.2966 
   00769    0.5544   -3230.1760  0.2946 
   00770    0.5725   -3234.9343  0.2601 
   00771    0.5719   -3280.9604  0.2629 
   00772    0.5744   -3273.5654  0.2676 
   00773    0.5544   -3423.5018  0.2765 
   00774    0.5325   -3424.7345  0.2732 
   00775    0.5419   -3435.6813  0.2909 
   00776    0.5256   -3358.8467  0.2921 
   00777    0.5637   -3323.8825  0.2892 
   00778    0.5744   -3310.4499  0.2908 
   00779    0.5500   -3286.6258  0.2821 
   00780    0.5656   -3348.7800  0.2807 
   00781    0.5769   -3275.1147  0.2733 
   00782    0.5737   -3242.2865  0.2669 
   00783    0.5819   -3251.4427  0.2650 
   00784    0.5625   -3310.5144  0.2769 
   00785    0.5881   -3329.9501  0.2762 
   00786    0.5537   -3406.7596  0.2614 
   00787    0.5381   -3358.3640  0.2715 
   00788    0.5675   -3303.8193  0.2650 
   00789    0.5887   -3341.7599  0.2825 
   00790    0.5644   -3371.3931  0.2779 
   00791    0.5656   -3307.3466  0.2797 
   00792    0.5763   -3298.1226  0.2550 
   00793    0.5719   -3308.2329  0.2695 
   00794    0.5737   -3225.0158  0.2584 
   00795    0.5600   -3181.0522  0.2691 
   00796    0.5756   -3203.6425  0.2686 
   00797    0.5900   -3227.0696  0.2856 
   00798    0.5919   -3179.5190  0.3008 
   00799    0.5887   -3172.2389  0.2937 
   00800    0.5906   -3194.4065  0.2995 
   00801    0.5763   -3146.2211  0.3071 
   00802    0.5619   -3242.5775  0.3055 
   00803    0.5656   -3158.3953  0.3121 
   00804    0.5550   -3196.7942  0.3225 
   00805    0.5906   -3279.5077  0.3296 
   00806    0.5613   -3424.8333  0.3314 
   00807    0.5437   -3437.5670  0.3297 
   00808    0.5419   -3402.5604  0.3126 
   00809    0.5400   -3343.2545  0.3043 
   00810    0.5456   -3285.0228  0.3035 
   00811    0.5431   -3261.3468  0.3017 
   00812    0.5669   -3276.5143  0.2934 
   00813    0.5600   -3274.5066  0.2789 
   00814    0.5625   -3316.9824  0.2724 
   00815    0.5781   -3379.8209  0.2766 
   00816    0.5450   -3372.0349  0.2965 
   00817    0.5400   -3298.8591  0.2741 
   00818    0.5556   -3303.7546  0.2591 
   00819    0.5531   -3269.4687  0.2611 
   00820    0.5500   -3374.0055  0.2578 
   00821    0.5644   -3242.5743  0.2653 
   00822    0.5706   -3257.2896  0.2660 
   00823    0.5600   -3293.7781  0.2822 
   00824    0.5587   -3311.6706  0.2639 
   00825    0.5656   -3306.0326  0.2567 
   00826    0.5569   -3333.7884  0.2640 
   00827    0.5731   -3281.0339  0.2583 
   00828    0.5787   -3226.7076  0.2679 
   00829    0.5887   -3222.0713  0.2721 
   00830    0.5806   -3227.5452  0.2802 
   00831    0.5663   -3190.9246  0.2595 
   00832    0.5687   -3275.3116  0.2658 
   00833    0.5706   -3247.7574  0.2755 
   00834    0.5669   -3289.4579  0.2731 
   00835    0.5831   -3272.1331  0.2788 
   00836    0.5637   -3277.2516  0.2708 
   00837    0.5656   -3323.4684  0.2866 
   00838    0.5756   -3349.9244  0.2860 
   00839    0.5700   -3330.9195  0.2947 
   00840    0.5806   -3304.3039  0.2712 
   00841    0.5487   -3345.7219  0.2593 
   00842    0.5450   -3288.9068  0.2716 
   00843    0.5975   -3266.8539  0.2705 
   00844    0.5763   -3310.4540  0.2975 
   00845    0.5594   -3294.2853  0.3182 
   00846    0.5544   -3326.7417  0.3009 
   00847    0.5331   -3367.9071  0.2850 
   00848    0.5844   -3340.9306  0.2988 
   00849    0.5475   -3391.7131  0.2817 
   00850    0.5463   -3434.7612  0.2785 
   00851    0.5500   -3435.6680  0.2649 
   00852    0.5469   -3464.2366  0.2647 
   00853    0.5319   -3440.1837  0.2695 
   00854    0.5344   -3410.7084  0.2669 
   00855    0.5406   -3354.0394  0.2618 
   00856    0.5475   -3352.8727  0.2768 
   00857    0.5487   -3396.5032  0.3125 
   00858    0.5550   -3370.6314  0.3033 
   00859    0.5394   -3377.9469  0.3133 
   00860    0.5581   -3411.3202  0.3240 
   00861    0.5437   -3384.7122  0.3099 
   00862    0.5375   -3385.2780  0.3082 
   00863    0.5269   -3312.7337  0.3100 
   00864    0.5375   -3277.3914  0.3038 
   00865    0.5681   -3315.2463  0.3048 
   00866    0.5737   -3360.0537  0.3103 
   00867    0.5600   -3304.4821  0.3158 
   00868    0.5781   -3329.7390  0.3071 
   00869    0.5625   -3306.1945  0.3065 
   00870    0.5587   -3212.5318  0.2985 
   00871    0.5406   -3248.9191  0.2797 
   00872    0.5550   -3261.7524  0.2829 
   00873    0.5669   -3246.9690  0.2783 
   00874    0.5431   -3267.6572  0.2803 
   00875    0.5669   -3232.2542  0.2842 
   00876    0.5556   -3254.3663  0.2805 
   00877    0.5606   -3300.7183  0.2883 
   00878    0.5550   -3310.6958  0.2939 
   00879    0.5675   -3254.3549  0.2683 
   00880    0.5669   -3284.0061  0.2618 
   00881    0.5525   -3266.3201  0.2594 
   00882    0.5575   -3230.3572  0.2659 
   00883    0.5569   -3244.1243  0.2697 
   00884    0.5587   -3248.5067  0.2791 
   00885    0.5731   -3244.0870  0.2972 
   00886    0.5687   -3269.2649  0.2962 
   00887    0.5644   -3279.4494  0.3027 
   00888    0.5675   -3404.8686  0.3013 
   00889    0.5619   -3415.4840  0.3110 
   00890    0.5288   -3376.1200  0.3085 
   00891    0.5375   -3348.1331  0.3059 
   00892    0.5731   -3303.6758  0.3100 
   00893    0.5819   -3340.0305  0.2901 
   00894    0.5381   -3387.7756  0.2934 
   00895    0.5456   -3300.1327  0.2838 
   00896    0.5700   -3275.3607  0.2883 
   00897    0.5506   -3249.6978  0.2811 
   00898    0.5600   -3217.8048  0.2795 
   00899    0.5831   -3112.0527  0.2994 
   00900    0.5731   -3189.5814  0.2881 
   00901    0.5731   -3107.0512  0.3055 
   00902    0.6044   -3154.8056  0.3003 
   00903    0.5631   -3328.8417  0.3045 
   00904    0.5675   -3378.0588  0.3138 
   00905    0.5725   -3315.4394  0.3094 
   00906    0.5644   -3299.0709  0.3048 
   00907    0.5819   -3278.4480  0.3079 
   00908    0.5713   -3281.6070  0.2821 
   00909    0.5819   -3195.3644  0.2798 
   00910    0.5856   -3194.6081  0.2841 
   00911    0.5587   -3214.1215  0.2814 
   00912    0.5613   -3212.0416  0.2996 
   00913    0.5781   -3212.1123  0.3074 
   00914    0.5675   -3235.0351  0.3214 
   00915    0.5613   -3298.3849  0.3376 
   00916    0.5794   -3286.0845  0.3299 
   00917    0.5744   -3276.3366  0.3141 
   00918    0.5613   -3363.5963  0.3025 
   00919    0.5475   -3379.1731  0.3028 
   00920    0.5413   -3403.0304  0.3107 
   00921    0.5619   -3436.6389  0.3114 
   00922    0.5513   -3393.9709  0.2982 
   00923    0.5525   -3416.3342  0.2976 
   00924    0.5569   -3289.9894  0.3144 
   00925    0.5594   -3333.3541  0.3084 
   00926    0.5556   -3308.6256  0.2993 
   00927    0.5806   -3330.1310  0.2998 
   00928    0.5769   -3243.0034  0.2877 
   00929    0.5537   -3383.6838  0.2802 
   00930    0.5600   -3370.5790  0.2836 
   00931    0.5494   -3384.9173  0.2720 
   00932    0.5319   -3373.5428  0.2766 
   00933    0.5463   -3337.1326  0.2893 
   00934    0.5694   -3295.3288  0.2786 
   00935    0.5669   -3327.5248  0.2959 
   00936    0.5631   -3282.3042  0.3018 
   00937    0.5844   -3227.3653  0.3003 
   00938    0.5513   -3270.5247  0.2998 
   00939    0.5656   -3265.3239  0.2736 
   00940    0.5613   -3214.4293  0.2763 
   00941    0.5806   -3270.6087  0.2749 
   00942    0.5656   -3297.5823  0.2670 
   00943    0.5306   -3278.8252  0.2593 
   00944    0.5644   -3317.6805  0.2637 
   00945    0.5463   -3359.4304  0.2669 
   00946    0.5506   -3359.0009  0.2711 
   00947    0.5450   -3409.2675  0.2695 
   00948    0.5606   -3408.9957  0.2780 
   00949    0.5725   -3299.3083  0.2833 
   00950    0.5563   -3335.0704  0.2750 
   00951    0.5750   -3278.3567  0.2820 
   00952    0.5675   -3201.8252  0.2979 
   00953    0.5625   -3212.5923  0.3038 
   00954    0.5737   -3167.0215  0.2892 
   00955    0.5669   -3142.5570  0.2872 
   00956    0.5569   -3224.6160  0.2839 
   00957    0.5687   -3275.4874  0.3038 
   00958    0.5425   -3324.9461  0.3194 
   00959    0.5663   -3305.7893  0.3195 
   00960    0.5631   -3300.4545  0.3232 
   00961    0.5663   -3262.2218  0.3177 
   00962    0.5687   -3244.7043  0.2965 
   00963    0.5787   -3246.1604  0.3113 
   00964    0.5663   -3269.5576  0.3105 
   00965    0.5487   -3313.3677  0.3124 
   00966    0.5787   -3331.0671  0.3176 
   00967    0.5631   -3285.1851  0.3274 
   00968    0.5569   -3274.9833  0.3303 
   00969    0.5744   -3291.1306  0.3289 
   00970    0.5556   -3260.1033  0.3284 
   00971    0.5706   -3206.8684  0.3161 
   00972    0.5944   -3262.8561  0.3109 
   00973    0.5363   -3305.6986  0.3009 
   00974    0.5494   -3301.9292  0.2945 
   00975    0.5450   -3373.6510  0.3124 
   00976    0.5650   -3362.3551  0.3008 
   00977    0.5325   -3389.2054  0.3023 
   00978    0.5456   -3414.8027  0.3111 
   00979    0.5475   -3405.6658  0.3198 
   00980    0.5469   -3356.0093  0.3109 
   00981    0.5625   -3393.5670  0.3017 
   00982    0.5463   -3423.5011  0.3151 
   00983    0.5519   -3390.6906  0.2980 
   00984    0.5619   -3324.7527  0.2919 
   00985    0.5469   -3356.9981  0.2915 
   00986    0.5775   -3319.6137  0.3064 
   00987    0.5644   -3373.8579  0.3092 
   00988    0.5569   -3380.5768  0.3107 
   00989    0.5550   -3415.1969  0.3111 
   00990    0.5369   -3343.4875  0.2918 
   00991    0.5413   -3293.9069  0.2834 
   00992    0.5513   -3445.7101  0.2949 
   00993    0.5525   -3332.6162  0.2947 
   00994    0.5569   -3313.4254  0.2791 
   00995    0.5775   -3241.2247  0.2822 
   00996    0.5587   -3248.1645  0.2819 
   00997    0.5481   -3181.1681  0.2840 
   00998    0.5756   -3201.4036  0.2768 
   00999    0.5669   -3186.6085  0.2835 
   01000    0.5663   -3257.9556  0.2827 
