#=====================================================
# File created:        Mon-06-Nov-2023-at-03-08-02PM
# Size of lattice:     80x80
# Number of MC steps:  1000
# Reduced temperature: 1.800
# Run time (s):        120.937461
#=====================================================
# MC step:  Ratio:     Energy:   Order:
#=====================================================
   00000    0.5000   -6533.8007  0.2666 
   00001    0.7705   -8979.2060  0.2718 
   00002    0.7270   -9880.4420  0.2645 
   00003    0.7150  -10295.1033  0.2607 
   00004    0.7091  -10473.5214  0.2591 
   00005    0.6956  -10673.5063  0.2574 
   00006    0.6950  -10608.8454  0.2657 
   00007    0.6956  -10642.5398  0.2672 
   00008    0.6930  -10531.1486  0.2645 
   00009    0.6902  -10564.8954  0.2624 
   00010    0.6909  -10562.0103  0.2585 
   00011    0.6930  -10732.9336  0.2531 
   00012    0.6937  -10808.0211  0.2606 
   00013    0.6909  -10834.7553  0.2601 
   00014    0.6966  -10888.5702  0.2520 
   00015    0.6955  -10611.5358  0.2575 
   00016    0.7006  -10618.5177  0.2660 
   00017    0.6937  -10793.9757  0.2691 
   00018    0.6964  -10687.3911  0.2628 
   00019    0.6913  -10731.6581  0.2555 
   00020    0.6919  -10778.7108  0.2605 
   00021    0.7023  -10717.9777  0.2656 
   00022    0.6906  -10631.7578  0.2711 
   00023    0.7056  -10483.4928  0.2654 
   00024    0.7033  -10440.1240  0.2747 
   00025    0.6986  -10597.7031  0.2709 
   00026    0.7055  -10532.3858  0.2681 
   00027    0.7037  -10515.0935  0.2594 
   00028    0.6978  -10535.5047  0.2651 
   00029    0.7092  -10449.9951  0.2673 
   00030    0.6892  -10678.0057  0.2732 
   00031    0.7047  -10617.7009  0.2756 
   00032    0.6948  -10695.6671  0.2756 
   00033    0.7052  -10684.0072  0.2771 
   00034    0.7002  -10717.6456  0.2674 
   00035    0.6991  -10627.3000  0.2615 
   00036    0.7002  -10490.0234  0.2659 
   00037    0.6959  -10538.6857  0.2662 
   00038    0.6939  -10569.3435  0.2677 
   00039    0.6952  -10596.6502  0.2661 
   00040    0.6848  -10659.5739  0.2629 
   00041    0.7109  -10641.3723  0.2634 
   00042    0.6898  -10730.8356  0.2660 
   00043    0.7008  -10532.4782  0.2683 
   00044    0.7066  -10640.2597  0.2696 
   00045    0.6947  -10737.2970  0.2666 
   00046    0.7005  -10597.3184  0.2596 
   00047    0.7039  -10628.6959  0.2698 
   00048    0.6939  -10504.9197  0.2729 
   00049    0.7025  -10602.4972  0.2629 
   00050    0.7063  -10547.9471  0.2585 
   00051    0.6844  -10653.2338  0.2578 
   00052    0.6972  -10567.1721  0.2605 
   00053    0.7014  -10749.2010  0.2711 
   00054    0.6903  -10656.6869  0.2673 
   00055    0.6858  -10760.2646  0.2565 
   00056    0.6867  -10827.9129  0.2566 
   00057    0.6942  -10892.6989  0.2711 
   00058    0.6894  -10696.0592  0.2709 
   00059    0.6983  -10626.1126  0.2627 
   00060    0.7030  -10592.6586  0.2578 
   00061    0.7006  -10567.9865  0.2626 
   00062    0.7084  -10464.0570  0.2578 
   00063    0.7050  -10495.7874  0.2590 
   00064    0.7000  -10401.7853  0.2557 
   00065    0.7042  -10470.3340  0.2729 
   00066    0.7137  -10435.8834  0.2751 
   00067    0.7073  -10360.7331  0.2718 
   00068    0.6958  -10484.0236  0.2716 
   00069    0.7033  -10652.8080  0.2722 
   00070    0.6987  -10679.0359  0.2747 
   00071    0.7127  -10466.6029  0.2668 
   00072    0.7044  -10397.1143  0.2669 
   00073    0.6989  -10542.9139  0.2716 
   00074    0.6958  -10542.2491  0.2724 
   00075    0.7133  -10644.8284  0.2824 
   00076    0.7027  -10597.4178  0.2829 
   00077    0.7019  -10594.7035  0.2816 
   00078    0.7033  -10540.3214  0.2731 
   00079    0.6998  -10675.7686  0.2698 
   00080    0.6900  -10607.4990  0.2628 
   00081    0.7017  -10661.9149  0.2640 
   00082    0.7017  -10650.2718  0.2696 
   00083    0.6964  -10830.9603  0.2657 
   00084    0.6903  -10744.9603  0.2594 
   00085    0.6984  -10771.9044  0.2636 
   00086    0.6903  -10773.3095  0.2589 
   00087    0.6992  -10611.1826  0.2520 
   00088    0.7006  -10493.1441  0.2651 
   00089    0.6886  -10497.7428  0.2668 
   00090    0.6977  -10800.6048  0.2755 
   00091    0.6997  -10675.3448  0.2699 
   00092    0.7033  -10751.9803  0.2583 
   00093    0.6936  -10467.6716  0.2655 
   00094    0.7098  -10674.2936  0.2794 
   00095    0.6955  -10661.9249  0.2876 
   00096    0.7016  -10720.2714  0.2795 
   00097    0.7016  -10664.9705  0.2800 
   00098    0.6997  -10619.7950  0.2838 
   00099    0.7016  -10554.6551  0.2768 
   00100    0.6903  -10436.7915  0.2784 
   00101    0.7030  -10422.8799  0.2728 
   00102    0.7023  -10584.5110  0.2783 
   00103    0.7028  -10396.5830  0.2684 
   00104    0.7058  -10620.9094  0.2738 
   00105    0.7031  -10513.2390  0.2696 
   00106    0.6898  -10501.4856  0.2660 
   00107    0.6980  -10505.1116  0.2657 
   00108    0.7052  -10514.7278  0.2604 
   00109    0.6994  -10543.7717  0.2558 
   00110    0.7017  -10631.6273  0.2592 
   00111    0.6991  -10642.3514  0.2632 
   00112    0.7009  -10601.3123  0.2850 
   00113    0.7005  -10648.0663  0.2774 
   00114    0.6978  -10575.0650  0.2693 
   00115    0.6964  -10637.7604  0.2646 
   00116    0.7014  -10565.0081  0.2623 
   00117    0.6952  -10524.2640  0.2606 
   00118    0.6959  -10392.5350  0.2612 
   00119    0.7091  -10599.2720  0.2534 
   00120    0.6945  -10842.8447  0.2579 
   00121    0.7055  -10697.8461  0.2520 
   00122    0.7034  -10705.9357  0.2552 
   00123    0.6905  -10733.7054  0.2601 
   00124    0.7016  -10687.2258  0.2543 
   00125    0.6947  -10821.2398  0.2517 
   00126    0.6909  -10577.8182  0.2581 
   00127    0.7028  -10646.6914  0.2526 
   00128    0.7067  -10445.6358  0.2573 
   00129    0.7019  -10546.9089  0.2572 
   00130    0.6920  -10570.5283  0.2525 
   00131    0.6927  -10851.2071  0.2561 
   00132    0.7058  -10998.5873  0.2562 
   00133    0.6891  -10926.5427  0.2675 
   00134    0.6986  -10963.0976  0.2641 
   00135    0.6923  -10639.4659  0.2532 
   00136    0.7091  -10499.5882  0.2592 
   00137    0.6986  -10652.6895  0.2579 
   00138    0.6936  -10701.3845  0.2596 
   00139    0.6844  -10659.2426  0.2609 
   00140    0.6950  -10573.9140  0.2537 
   00141    0.7092  -10599.0726  0.2589 
   00142    0.6980  -10468.6834  0.2518 
   00143    0.7066  -10620.3334  0.2611 
   00144    0.7006  -10550.0430  0.2574 
   00145    0.6977  -10725.0722  0.2569 
   00146    0.7013  -10608.9813  0.2540 
   00147    0.6930  -10626.7303  0.2553 
   00148    0.6991  -10709.6071  0.2569 
   00149    0.6827  -10822.7452  0.2644 
   00150    0.6947  -10605.8855  0.2514 
   00151    0.6964  -10572.9775  0.2604 
   00152    0.7011  -10647.5629  0.2628 
   00153    0.6964  -10560.5437  0.2658 
   00154    0.7109  -10582.0555  0.2556 
   00155    0.7069  -10612.2495  0.2593 
   00156    0.7020  -10596.3193  0.2561 
   00157    0.6939  -10628.4455  0.2582 
   00158    0.6902  -10644.1799  0.2624 
   00159    0.6942  -10669.6782  0.2594 
   00160    0.6895  -10857.8777  0.2583 
   00161    0.6933  -10720.3749  0.2563 
   00162    0.6925  -10758.0830  0.2521 
   00163    0.7105  -10617.6308  0.2559 
   00164    0.7030  -10472.0238  0.2532 
   00165    0.6981  -10562.6064  0.2535 
   00166    0.6919  -10511.8666  0.2616 
   00167    0.6992  -10409.6057  0.2678 
   00168    0.7031  -10612.9358  0.2711 
   00169    0.6948  -10640.5811  0.2708 
   00170    0.6816  -10653.9358  0.2663 
   00171    0.6947  -10630.4183  0.2698 
   00172    0.6836  -10912.2059  0.2690 
   00173    0.6923  -10652.2547  0.2588 
   00174    0.6914  -11034.6035  0.2671 
   00175    0.6764  -11020.8630  0.2610 
   00176    0.7000  -11053.7225  0.2735 
   00177    0.7017  -10745.9507  0.2633 
   00178    0.7039  -10633.9432  0.2598 
   00179    0.6916  -10614.5160  0.2646 
   00180    0.6970  -10503.1634  0.2713 
   00181    0.6969  -10260.9851  0.2634 
   00182    0.7086  -10469.1922  0.2670 
   00183    0.7089  -10457.5946  0.2768 
   00184    0.6964  -10565.2019  0.2770 
   00185    0.6972  -10321.2300  0.2685 
   00186    0.7013  -10389.2750  0.2657 
   00187    0.7067  -10438.6487  0.2658 
   00188    0.6942  -10496.3068  0.2625 
   00189    0.7127  -10431.1119  0.2651 
   00190    0.7137  -10487.8394  0.2634 
   00191    0.7044  -10551.0743  0.2610 
   00192    0.6955  -10706.3987  0.2620 
   00193    0.6936  -10846.6590  0.2730 
   00194    0.6889  -10880.8598  0.2779 
   00195    0.6856  -10761.7675  0.2656 
   00196    0.7117  -10747.6345  0.2616 
   00197    0.6875  -10659.3813  0.2544 
   00198    0.6958  -10770.8485  0.2541 
   00199    0.6984  -10594.3367  0.2570 
   00200    0.6855  -10609.9201  0.2665 
   00201    0.6948  -10557.2691  0.2599 
   00202    0.7031  -10554.8977  0.2584 
   00203    0.7037  -10608.3052  0.2626 
   00204    0.7017  -10778.1737  0.2562 
   00205    0.7003  -10795.1817  0.2656 
   00206    0.6913  -10641.6917  0.2684 
   00207    0.6853  -10760.8969  0.2715 
   00208    0.6895  -10839.6780  0.2763 
   00209    0.6975  -10539.8280  0.2704 
   00210    0.6956  -10623.4593  0.2615 
   00211    0.6931  -10687.3204  0.2588 
   00212    0.6919  -10831.0048  0.2617 
   00213    0.6900  -10859.7671  0.2575 
   00214    0.7019  -10837.4037  0.2604 
   00215    0.6972  -10614.0836  0.2561 
   00216    0.6980  -10633.3161  0.2612 
   00217    0.7095  -10504.0284  0.2579 
   00218    0.7100  -10510.7344  0.2603 
   00219    0.7017  -10761.5093  0.2564 
   00220    0.6930  -10800.6122  0.2597 
   00221    0.6977  -10876.2270  0.2577 
   00222    0.6959  -10959.1783  0.2631 
   00223    0.6914  -10769.3517  0.2675 
   00224    0.6927  -10934.9319  0.2621 
   00225    0.6894  -10751.4435  0.2566 
   00226    0.6927  -10782.2610  0.2605 
   00227    0.6894  -10681.2796  0.2532 
   00228    0.6942  -10760.3850  0.2619 
   00229    0.6916  -10708.6527  0.2608 
   00230    0.7064  -10649.2745  0.2633 
   00231    0.7008  -10652.6641  0.2653 
   00232    0.6927  -10679.5906  0.2653 
   00233    0.7020  -10573.1304  0.2697 
   00234    0.6922  -10571.2584  0.2720 
   00235    0.7014  -10383.0316  0.2640 
   00236    0.7013  -10580.4062  0.2600 
   00237    0.7006  -10574.9403  0.2680 
   00238    0.7114  -10479.4313  0.2687 
   00239    0.6927  -10674.9138  0.2765 
   00240    0.6816  -10771.8044  0.2653 
   00241    0.6959  -10866.5577  0.2560 
   00242    0.6772  -10653.2236  0.2658 
   00243    0.7031  -10677.8071  0.2645 
   00244    0.7070  -10582.1361  0.2662 
   00245    0.6917  -10736.4636  0.2649 
   00246    0.6877  -10582.9942  0.2731 
   00247    0.6873  -10883.0582  0.2669 
   00248    0.7052  -10769.3564  0.2701 
   00249    0.6963  -10783.2905  0.2670 
   00250    0.6913  -10846.0780  0.2618 
   00251    0.7002  -10681.6688  0.2579 
   00252    0.6878  -10706.3570  0.2516 
   00253    0.6916  -10745.9727  0.2602 
   00254    0.6894  -10771.4065  0.2641 
   00255    0.7028  -10734.0223  0.2613 
   00256    0.7081  -10539.9099  0.2584 
   00257    0.7005  -10646.0760  0.2587 
   00258    0.7006  -10770.7117  0.2582 
   00259    0.6900  -10759.1489  0.2595 
   00260    0.6861  -10727.9343  0.2652 
   00261    0.6950  -10692.3636  0.2591 
   00262    0.6937  -10739.1702  0.2548 
   00263    0.7055  -10759.1221  0.2570 
   00264    0.7027  -10499.0141  0.2550 
   00265    0.6948  -10686.1082  0.2605 
   00266    0.7070  -10536.4872  0.2562 
   00267    0.7008  -10553.9454  0.2575 
   00268    0.6994  -10620.8240  0.2598 
   00269    0.6833  -10835.8234  0.2561 
   00270    0.6872  -10712.0564  0.2671 
   00271    0.7053  -10834.2462  0.2647 
   00272    0.6863  -10567.4228  0.2618 
   00273    0.6998  -10534.1933  0.2594 
   00274    0.7028  -10466.7094  0.2688 
   00275    0.7014  -10474.7989  0.2623 
   00276    0.7003  -10426.2048  0.2666 
   00277    0.6952  -10573.1055  0.2662 
   00278    0.6845  -10736.1357  0.2629 
   00279    0.6900  -10837.1597  0.2523 
   00280    0.6944  -10694.0584  0.2556 
   00281    0.7036  -10621.9519  0.2591 
   00282    0.7028  -10517.6467  0.2550 
   00283    0.6984  -10651.3025  0.2563 
   00284    0.6936  -10664.4065  0.2552 
   00285    0.6964  -10570.0018  0.2542 
   00286    0.6975  -10825.2724  0.2679 
   00287    0.7055  -10544.0584  0.2583 
   00288    0.7044  -10442.1033  0.2588 
   00289    0.7037  -10551.0001  0.2639 
   00290    0.6939  -10675.6029  0.2759 
   00291    0.6998  -10661.5799  0.2653 
   00292    0.7100  -10628.6104  0.2704 
   00293    0.6822  -10681.2636  0.2631 
   00294    0.6948  -10658.1662  0.2609 
   00295    0.7041  -10538.6792  0.2551 
   00296    0.7064  -10694.1146  0.2508 
   00297    0.7025  -10586.3715  0.2571 
   00298    0.7122  -10475.1483  0.2561 
   00299    0.6978  -10403.3759  0.2611 
   00300    0.7036  -10415.3975  0.2608 
   00301    0.7111  -10619.8503  0.2618 
   00302    0.7011  -10412.6831  0.2603 
   00303    0.6902  -10560.5246  0.2536 
   00304    0.6980  -10556.2567  0.2537 
   00305    0.6972  -10451.4741  0.2583 
   00306    0.7095  -10610.4394  0.2558 
   00307    0.7005  -10691.6423  0.2558 
   00308    0.6863  -10765.8940  0.2582 
   00309    0.6944  -10794.2542  0.2627 
   00310    0.6844  -10705.8455  0.2608 
   00311    0.7055  -10674.1841  0.2618 
   00312    0.6886  -10829.3007  0.2632 
   00313    0.6884  -10881.7359  0.2610 
   00314    0.6903  -10693.2487  0.2692 
   00315    0.6947  -10827.4677  0.2644 
   00316    0.7008  -10754.6629  0.2572 
   00317    0.6945  -10863.4614  0.2673 
   00318    0.6861  -10826.0555  0.2710 
   00319    0.6936  -10500.8749  0.2648 
   00320    0.6952  -10560.2853  0.2701 
   00321    0.7008  -10536.0920  0.2616 
   00322    0.7055  -10502.6478  0.2610 
   00323    0.6992  -10716.3506  0.2668 
   00324    0.6895  -10714.8280  0.2693 
   00325    0.6873  -10701.9260  0.2725 
   00326    0.7028  -10459.7399  0.2723 
   00327    0.7017  -10514.7762  0.2649 
   00328    0.7083  -10514.4257  0.2660 
   00329    0.7019  -10683.1696  0.2643 
   00330    0.6950  -10620.8884  0.2589 
   00331    0.6991  -10800.9530  0.2567 
   00332    0.6917  -10704.9525  0.2635 
   00333    0.7025  -10788.2879  0.2571 
   00334    0.6895  -10725.3604  0.2620 
   00335    0.6975  -10691.3308  0.2669 
   00336    0.6983  -10666.5249  0.2586 
   00337    0.7030  -10807.9415  0.2572 
   00338    0.6905  -10694.8050  0.2650 
   00339    0.6920  -10878.9190  0.2630 
   00340    0.7056  -10621.0952  0.2537 
   00341    0.6930  -10694.3868  0.2600 
   00342    0.6992  -10784.5142  0.2613 
   00343    0.6920  -10765.7793  0.2595 
   00344    0.7050  -10653.0901  0.2635 
   00345    0.6948  -10724.2246  0.2620 
   00346    0.6937  -10700.3702  0.2609 
   00347    0.6913  -10738.5089  0.2552 
   00348    0.6964  -10778.8566  0.2623 
   00349    0.6930  -10752.5939  0.2531 
   00350    0.7108  -10525.8978  0.2532 
   00351    0.6953  -10737.6432  0.2545 
   00352    0.6967  -10692.9136  0.2569 
   00353    0.6972  -10675.4654  0.2683 
   00354    0.6947  -10790.1545  0.2605 
   00355    0.6856  -10975.1531  0.2681 
   00356    0.6895  -10925.6799  0.2671 
   00357    0.6977  -10664.4379  0.2623 
   00358    0.6986  -10736.3866  0.2557 
   00359    0.6983  -10562.1139  0.2587 
   00360    0.6987  -10518.2930  0.2564 
   00361    0.7045  -10687.1859  0.2746 
   00362    0.7002  -10675.2250  0.2698 
   00363    0.6917  -10676.5410  0.2785 
   00364    0.6975  -10806.1300  0.2850 
   00365    0.6881  -10745.7588  0.2768 
   00366    0.6970  -10668.5157  0.2661 
   00367    0.6927  -10797.7764  0.2643 
   00368    0.6983  -10801.8033  0.2739 
   00369    0.6877  -10652.1736  0.2749 
   00370    0.6819  -10843.4493  0.2749 
   00371    0.6856  -10840.4260  0.2714 
   00372    0.6956  -10826.2088  0.2774 
   00373    0.6983  -10661.8884  0.2803 
   00374    0.6889  -10956.8264  0.2888 
   00375    0.6944  -10936.5257  0.2812 
   00376    0.7063  -10705.1820  0.2880 
   00377    0.6931  -10735.3683  0.2729 
   00378    0.6900  -10730.1642  0.2686 
   00379    0.6997  -10688.9492  0.2637 
   00380    0.6981  -10614.1819  0.2681 
   00381    0.6839  -11003.2241  0.2661 
   00382    0.6887  -10785.7157  0.2802 
   00383    0.7034  -10577.2384  0.2935 
   00384    0.7019  -10776.3742  0.2801 
   00385    0.7005  -10679.3797  0.2746 
   00386    0.7113  -10711.3443  0.2828 
   00387    0.6958  -10814.0990  0.2795 
   00388    0.6941  -10859.2077  0.2721 
   00389    0.6914  -10734.7605  0.2675 
   00390    0.6992  -10562.5415  0.2701 
   00391    0.7047  -10566.3190  0.2666 
   00392    0.6973  -10431.1703  0.2706 
   00393    0.6983  -10547.9039  0.2691 
   00394    0.7070  -10584.8968  0.2666 
   00395    0.6911  -10673.7730  0.2724 
   00396    0.6900  -10840.0272  0.2724 
   00397    0.6981  -10815.2623  0.2732 
   00398    0.6963  -10673.6773  0.2776 
   00399    0.6928  -10674.0053  0.2715 
   00400    0.6975  -10807.8697  0.2679 
   00401    0.6820  -10830.6263  0.2592 
   00402    0.6744  -10821.6168  0.2589 
   00403    0.6881  -10723.0294  0.2615 
   00404    0.7069  -10496.7282  0.2599 
   00405    0.7064  -10646.7617  0.2614 
   00406    0.6978  -10750.5186  0.2581 
   00407    0.6823  -10801.0290  0.2600 
   00408    0.6917  -10766.1262  0.2638 
   00409    0.6992  -10555.1171  0.2738 
   00410    0.6952  -10655.0242  0.2639 
   00411    0.6995  -10644.8236  0.2713 
   00412    0.7009  -10582.0439  0.2654 
   00413    0.6889  -10586.4284  0.2596 
   00414    0.7056  -10662.5167  0.2671 
   00415    0.6911  -10590.3007  0.2706 
   00416    0.7020  -10583.5101  0.2639 
   00417    0.7039  -10509.3818  0.2581 
   00418    0.6942  -10716.1960  0.2586 
   00419    0.7009  -10648.5824  0.2618 
   00420    0.6922  -10741.8153  0.2646 
   00421    0.6963  -10649.2698  0.2642 
   00422    0.7072  -10517.1246  0.2680 
   00423    0.6889  -10716.3621  0.2676 
   00424    0.6858  -11065.7194  0.2675 
   00425    0.6937  -10826.1976  0.2665 
   00426    0.6891  -10722.0291  0.2559 
   00427    0.7008  -10828.9806  0.2576 
   00428    0.6897  -10723.5745  0.2689 
   00429    0.6852  -10861.1185  0.2735 
   00430    0.6941  -10698.3267  0.2775 
   00431    0.6897  -10701.8304  0.2742 
   00432    0.7114  -10421.0325  0.2790 
   00433    0.7023  -10450.2953  0.2735 
   00434    0.6955  -10381.9307  0.2624 
   00435    0.6900  -10550.7884  0.2641 
   00436    0.6987  -10786.9425  0.2697 
   00437    0.6972  -10884.8791  0.2543 
   00438    0.6891  -10776.0702  0.2573 
   00439    0.6850  -10854.8600  0.2697 
   00440    0.7039  -10663.1437  0.2544 
   00441    0.6956  -10721.3173  0.2531 
   00442    0.6919  -10608.2739  0.2547 
   00443    0.6997  -10427.7861  0.2555 
   00444    0.6848  -10585.2830  0.2573 
   00445    0.7000  -10439.4357  0.2552 
   00446    0.7006  -10639.9481  0.2575 
   00447    0.6980  -10629.1567  0.2582 
   00448    0.6897  -10471.0480  0.2551 
   00449    0.7033  -10374.3103  0.2600 
   00450    0.7070  -10560.6895  0.2528 
   00451    0.7106  -10532.4256  0.2643 
   00452    0.6986  -10683.0379  0.2622 
   00453    0.6986  -10699.0329  0.2574 
   00454    0.6867  -10781.6449  0.2659 
   00455    0.6963  -10792.2916  0.2659 
   00456    0.6942  -10604.8364  0.2756 
   00457    0.7077  -10821.0923  0.2649 
   00458    0.6922  -10794.7527  0.2528 
   00459    0.6930  -10802.1161  0.2546 
   00460    0.6908  -10691.2210  0.2572 
   00461    0.7017  -10564.3748  0.2538 
   00462    0.6994  -10729.5314  0.2663 
   00463    0.6922  -10651.8564  0.2596 
   00464    0.7067  -10727.2053  0.2667 
   00465    0.7047  -10668.6379  0.2655 
   00466    0.6986  -10581.7223  0.2719 
   00467    0.6983  -10543.3421  0.2587 
   00468    0.6969  -10417.7469  0.2620 
   00469    0.6992  -10579.5885  0.2563 
   00470    0.7073  -10496.1496  0.2595 
   00471    0.6947  -10542.4709  0.2551 
   00472    0.7008  -10614.5117  0.2603 
   00473    0.6942  -10851.5653  0.2590 
   00474    0.6966  -10924.9004  0.2585 
   00475    0.6867  -10985.8044  0.2541 
   00476    0.6931  -10847.7840  0.2619 
   00477    0.6975  -10609.4984  0.2566 
   00478    0.6984  -10696.2066  0.2533 
   00479    0.6961  -10611.0696  0.2619 
   00480    0.6913  -10527.2856  0.2613 
   00481    0.7059  -10668.4423  0.2664 
   00482    0.6950  -10534.0962  0.2645 
   00483    0.6984  -10556.1087  0.2635 
   00484    0.7056  -10515.6527  0.2608 
   00485    0.6953  -10659.4236  0.2777 
   00486    0.6823  -10725.9791  0.2790 
   00487    0.6944  -10627.4284  0.2794 
   00488    0.7047  -10576.0533  0.2680 
   00489    0.6963  -10592.7734  0.2723 
   00490    0.7056  -10520.1143  0.2665 
   00491    0.7142  -10618.2394  0.2648 
   00492    0.7030  -10626.9568  0.2619 
   00493    0.6984  -10731.9658  0.2624 
   00494    0.7047  -10791.0777  0.2686 
   00495    0.6981  -10806.6589  0.2732 
   00496    0.6942  -10658.5978  0.2635 
   00497    0.6972  -10775.3738  0.2765 
   00498    0.6967  -10939.7204  0.2808 
   00499    0.6930  -10677.7362  0.2736 
   00500    0.7044  -10763.8350  0.2637 
   00501    0.6917  -10556.3606  0.2598 
   00502    0.7139  -10547.8267  0.2509 
   00503    0.6903  -10586.8964  0.2612 
   00504    0.7069  -10563.6199  0.2726 
   00505    0.6986  -10756.3595  0.2713 
   00506    0.6814  -10863.3382  0.2697 
   00507    0.6963  -10764.5240  0.2746 
   00508    0.6941  -10751.1397  0.2678 
   00509    0.6892  -10738.4733  0.2673 
   00510    0.6955  -10507.0299  0.2684 
   00511    0.6909  -10540.0895  0.2719 
   00512    0.6977  -10788.6100  0.2727 
   00513    0.6925  -10750.3548  0.2618 
   00514    0.6878  -10800.3143  0.2646 
   00515    0.6994  -10754.9269  0.2619 
   00516    0.6878  -10689.0963  0.2577 
   00517    0.6998  -10627.5655  0.2614 
   00518    0.6970  -10791.5514  0.2561 
   00519    0.6883  -10766.7756  0.2566 
   00520    0.6948  -10893.1490  0.2707 
   00521    0.6923  -10881.0223  0.2635 
   00522    0.6856  -10839.5803  0.2677 
   00523    0.7031  -10567.7501  0.2639 
   00524    0.7077  -10502.6510  0.2574 
   00525    0.6945  -10691.1228  0.2562 
   00526    0.6856  -10730.3289  0.2553 
   00527    0.6927  -10485.3333  0.2635 
   00528    0.6909  -10535.4061  0.2637 
   00529    0.6997  -10662.7365  0.2677 
   00530    0.7117  -10456.0302  0.2648 
   00531    0.7055  -10496.4449  0.2644 
   00532    0.7003  -10661.7820  0.2543 
   00533    0.6887  -10567.6672  0.2511 
   00534    0.7152  -10634.9983  0.2592 
   00535    0.7067  -10595.1271  0.2568 
   00536    0.7063  -10657.8479  0.2638 
   00537    0.6903  -10441.4109  0.2727 
   00538    0.6956  -10572.8388  0.2652 
   00539    0.7005  -10551.2850  0.2638 
   00540    0.6995  -10385.0635  0.2607 
   00541    0.6997  -10551.2471  0.2705 
   00542    0.7014  -10400.4869  0.2711 
   00543    0.6927  -10425.7033  0.2731 
   00544    0.6930  -10684.0447  0.2646 
   00545    0.6892  -10910.8142  0.2716 
   00546    0.6839  -10972.6304  0.2811 
   00547    0.6872  -10678.7624  0.2711 
   00548    0.6994  -10641.3724  0.2729 
   00549    0.7009  -10531.5601  0.2715 
   00550    0.6964  -10659.7096  0.2769 
   00551    0.6928  -10658.0758  0.2784 
   00552    0.6997  -10721.6781  0.2689 
   00553    0.6927  -10795.2166  0.2597 
   00554    0.6972  -10808.3427  0.2543 
   00555    0.6997  -10587.7580  0.2642 
   00556    0.7047  -10590.0563  0.2809 
   00557    0.6994  -10387.3244  0.2752 
   00558    0.6913  -10552.5177  0.2728 
   00559    0.6961  -10642.7840  0.2745 
   00560    0.7005  -10748.0464  0.2761 
   00561    0.6905  -10860.6056  0.2849 
   00562    0.6869  -10752.5823  0.2914 
   00563    0.7014  -10816.0037  0.2861 
   00564    0.7122  -10673.4883  0.2760 
   00565    0.6947  -10584.1811  0.2743 
   00566    0.6927  -10445.1145  0.2766 
   00567    0.7020  -10849.6014  0.2729 
   00568    0.7011  -10600.4503  0.2699 
   00569    0.7061  -10693.0565  0.2612 
   00570    0.6945  -10843.7389  0.2646 
   00571    0.7000  -10447.9274  0.2643 
   00572    0.7039  -10394.6882  0.2529 
   00573    0.7073  -10538.8791  0.2674 
   00574    0.6994  -10427.3157  0.2715 
   00575    0.6966  -10537.2987  0.2746 
   00576    0.7075  -10580.3011  0.2648 
   00577    0.6980  -10532.1856  0.2510 
   00578    0.6939  -10471.1485  0.2573 
   00579    0.6980  -10487.4295  0.2670 
   00580    0.7092  -10529.8427  0.2567 
   00581    0.7042  -10446.1634  0.2542 
   00582    0.7017  -10581.5640  0.2621 
   00583    0.7166  -10678.8579  0.2651 
   00584    0.6997  -10509.8509  0.2714 
   00585    0.6959  -10646.4186  0.2691 
   00586    0.6878  -10755.4974  0.2574 
   00587    0.6947  -10743.7291  0.2602 
   00588    0.6942  -10562.2087  0.2581 
   00589    0.7077  -10646.2789  0.2580 
   00590    0.6970  -10644.4451  0.2627 
   00591    0.7011  -10768.6611  0.2670 
   00592    0.6922  -10722.2159  0.2661 
   00593    0.6950  -10555.4230  0.2592 
   00594    0.7002  -10554.1245  0.2650 
   00595    0.7094  -10496.3374  0.2607 
   00596    0.7103  -10569.8549  0.2704 
   00597    0.7009  -10421.3028  0.2662 
   00598    0.7034  -10629.7529  0.2708 
   00599    0.6867  -10856.8338  0.2673 
   00600    0.6978  -10922.2086  0.2629 
   00601    0.6923  -11011.3830  0.2588 
   00602    0.6855  -10844.2750  0.2663 
   00603    0.7003  -10756.9144  0.2610 
   00604    0.6987  -10502.5447  0.2564 
   00605    0.7114  -10506.0644  0.2694 
   00606    0.7027  -10429.9401  0.2664 
   00607    0.6967  -10643.0081  0.2622 
   00608    0.6936  -10640.7736  0.2777 
   00609    0.6880  -10660.4294  0.2667 
   00610    0.7055  -10693.0322  0.2527 
   00611    0.6956  -10518.6026  0.2551 
   00612    0.7052  -10341.2052  0.2526 
   00613    0.7137  -10366.9475  0.2519 
   00614    0.7016  -10635.3907  0.2682 
   00615    0.6887  -10641.8973  0.2595 
   00616    0.6920  -10473.2096  0.2587 
   00617    0.7044  -10630.2724  0.2620 
   00618    0.6950  -10703.1594  0.2624 
   00619    0.6966  -10595.9743  0.2618 
   00620    0.7066  -10644.8985  0.2625 
   00621    0.6845  -10691.6990  0.2620 
   00622    0.6958  -10768.3672  0.2582 
   00623    0.6855  -10668.6003  0.2651 
   00624    0.6978  -10619.2144  0.2614 
   00625    0.7091  -10495.6613  0.2584 
   00626    0.6948  -10586.0030  0.2566 
   00627    0.6970  -10688.1072  0.2650 
   00628    0.6925  -10755.0625  0.2688 
   00629    0.6936  -10745.0992  0.2721 
   00630    0.6936  -10478.9134  0.2871 
   00631    0.7006  -10419.1736  0.2894 
   00632    0.7052  -10540.1421  0.2898 
   00633    0.6995  -10651.3157  0.2787 
   00634    0.6880  -10575.0737  0.2706 
   00635    0.6997  -10690.0753  0.2630 
   00636    0.6925  -10894.8923  0.2587 
   00637    0.6997  -10829.6821  0.2711 
   00638    0.6955  -10673.0622  0.2624 
   00639    0.7014  -10714.2811  0.2720 
   00640    0.6853  -10607.8967  0.2718 
   00641    0.6956  -10665.2403  0.2776 
   00642    0.6931  -10776.8279  0.2794 
   00643    0.6959  -10857.5952  0.2882 
   00644    0.6966  -10689.9369  0.2760 
   00645    0.6978  -10814.9088  0.2784 
   00646    0.6881  -10727.6063  0.2732 
   00647    0.6937  -10575.7877  0.2692 
   00648    0.6983  -10944.8447  0.2801 
   00649    0.6867  -10781.9760  0.2765 
   00650    0.6956  -10696.6281  0.2695 
   00651    0.6895  -10478.0535  0.2653 
   00652    0.7037  -10605.3796  0.2667 
   00653    0.7003  -10421.6066  0.2673 
   00654    0.7011  -10746.9065  0.2566 
   00655    0.6947  -10714.8519  0.2676 
   00656    0.6906  -10712.2501  0.2620 
   00657    0.6958  -10740.3793  0.2574 
   00658    0.7078  -10445.4905  0.2548 
   00659    0.7059  -10636.8363  0.2538 
   00660    0.6947  -10620.5461  0.2674 
   00661    0.6978  -10655.4350  0.2814 
   00662    0.6917  -10465.5593  0.2734 
   00663    0.6970  -10629.5542  0.2726 
   00664    0.7023  -10584.4171  0.2619 
   00665    0.6942  -10659.0388  0.2695 
   00666    0.6917  -10427.1098  0.2648 
   00667    0.6964  -10608.2525  0.2693 
   00668    0.6955  -10561.8504  0.2595 
   00669    0.7050  -10635.4032  0.2663 
   00670    0.6984  -10522.0127  0.2678 
   00671    0.6934  -10712.7704  0.2559 
   00672    0.7095  -10714.8502  0.2537 
   00673    0.6972  -10431.7496  0.2638 
   00674    0.7094  -10468.5532  0.2647 
   00675    0.6917  -10607.6874  0.2646 
   00676    0.6948  -10808.2326  0.2634 
   00677    0.6980  -10622.2571  0.2640 
   00678    0.6836  -10759.3382  0.2610 
   00679    0.6941  -10652.4391  0.2662 
   00680    0.7002  -10883.1470  0.2561 
   00681    0.6966  -10762.1026  0.2607 
   00682    0.6963  -10665.0983  0.2632 
   00683    0.7042  -10485.4583  0.2726 
   00684    0.6903  -10657.3612  0.2728 
   00685    0.6955  -10663.4960  0.2667 
   00686    0.6964  -10629.1274  0.2593 
   00687    0.6987  -10491.5764  0.2626 
   00688    0.7005  -10753.7301  0.2661 
   00689    0.7022  -10605.4323  0.2721 
   00690    0.7017  -10760.3358  0.2768 
   00691    0.6972  -10779.0509  0.2790 
   00692    0.6916  -10811.2446  0.2858 
   00693    0.6937  -10688.7148  0.2751 
   00694    0.6855  -10534.3200  0.2751 
   00695    0.6937  -10694.6871  0.2658 
   00696    0.7019  -10578.7862  0.2757 
   00697    0.6925  -10654.0718  0.2799 
   00698    0.7039  -10825.0814  0.2741 
   00699    0.6953  -10692.4072  0.2765 
   00700    0.6991  -10656.4085  0.2724 
   00701    0.6969  -10765.0623  0.2804 
   00702    0.6958  -10725.8527  0.2743 
   00703    0.6898  -10779.8686  0.2708 
   00704    0.6939  -10707.0072  0.2718 
   00705    0.6848  -10714.0232  0.2634 
   00706    0.6956  -10683.2822  0.2633 
   00707    0.6883  -10418.0144  0.2611 
   00708    0.6961  -10400.9575  0.2541 
   00709    0.7086  -10487.5807  0.2607 
   00710    0.7134  -10402.4316  0.2539 
   00711    0.7006  -10493.2295  0.2600 
   00712    0.7080  -10501.8647  0.2639 
   00713    0.6961  -10524.5329  0.2610 
   00714    0.7039  -10787.3099  0.2689 
   00715    0.7036  -10682.0259  0.2766 
   00716    0.6967  -10717.4865  0.2693 
   00717    0.6898  -10656.9519  0.2587 
   00718    0.7014  -10610.4108  0.2580 
   00719    0.6900  -10561.8435  0.2546 
   00720    0.6900  -10688.3359  0.2550 
   00721    0.6970  -10514.8471  0.2538 
   00722    0.7045  -10682.4451  0.2746 
   00723    0.7000  -10531.5028  0.2710 
   00724    0.6977  -10611.8958  0.2668 
   00725    0.7073  -10455.1965  0.2598 
   00726    0.6928  -10479.3019  0.2534 
   00727    0.7006  -10622.3696  0.2602 
   00728    0.7045  -10852.5788  0.2722 
   00729    0.6873  -10769.4828  0.2569 
   00730    0.6950  -10424.1096  0.2622 
   00731    0.7020  -10598.8348  0.2712 
   00732    0.6936  -10673.4142  0.2711 
   00733    0.6909  -10652.3444  0.2714 
   00734    0.7113  -10585.1070  0.2661 
   00735    0.6964  -10815.9885  0.2720 
   00736    0.6963  -10666.8895  0.2656 
   00737    0.6891  -10658.6338  0.2718 
   00738    0.6897  -10765.9207  0.2700 
   00739    0.7019  -10609.4472  0.2647 
   00740    0.6973  -10713.6550  0.2648 
   00741    0.6956  -10889.6024  0.2637 
   00742    0.6859  -10824.9335  0.2641 
   00743    0.6864  -10782.5968  0.2692 
   00744    0.6955  -10621.4470  0.2581 
   00745    0.6970  -10749.5399  0.2632 
   00746    0.7045  -10708.0007  0.2597 
   00747    0.7061  -10596.2900  0.2674 
   00748    0.7030  -10584.8227  0.2633 
   00749    0.6963  -10694.0525  0.2609 
   00750    0.6981  -10644.5335  0.2578 
   00751    0.6941  -10544.3924  0.2630 
   00752    0.7023  -10745.5288  0.2680 
   00753    0.7003  -10606.5432  0.2651 
   00754    0.6928  -10669.4002  0.2582 
   00755    0.6853  -10798.4369  0.2751 
   00756    0.7047  -10568.7778  0.2653 
   00757    0.6967  -10484.6190  0.2604 
   00758    0.6919  -10489.3411  0.2578 
   00759    0.7014  -10750.3603  0.2655 
   00760    0.6973  -10604.2892  0.2660 
   00761    0.7063  -10503.0496  0.2721 
   00762    0.7014  -10484.0316  0.2521 
   00763    0.7039  -10472.6436  0.2552 
   00764    0.6980  -10639.1853  0.2645 
   00765    0.6978  -10681.0121  0.2610 
   00766    0.7052  -10536.7473  0.2585 
   00767    0.6998  -10423.7103  0.2630 
   00768    0.7059  -10270.2057  0.2705 
   00769    0.7039  -10161.1435  0.2611 
   00770    0.7094  -10502.5425  0.2599 
   00771    0.7116  -10581.8301  0.2520 
   00772    0.6983  -10470.8618  0.2573 
   00773    0.7003  -10686.6953  0.2628 
   00774    0.6895  -10955.0121  0.2631 
   00775    0.6842  -10986.1735  0.2544 
   00776    0.7008  -10658.7860  0.2571 
   00777    0.6936  -10482.2936  0.2623 
   00778    0.7014  -10514.7864  0.2602 
   00779    0.6944  -10682.6925  0.2684 
   00780    0.6789  -10845.5744  0.2640 
   00781    0.6841  -10825.1461  0.2608 
   00782    0.7008  -10839.3349  0.2589 
   00783    0.6998  -10743.9852  0.2670 
   00784    0.6923  -10710.5612  0.2666 
   00785    0.6909  -10952.2576  0.2578 
   00786    0.6933  -10802.4952  0.2589 
   00787    0.6986  -10884.7162  0.2543 
   00788    0.6937  -10857.1312  0.2554 
   00789    0.7034  -10823.2460  0.2626 
   00790    0.6942  -10877.3440  0.2639 
   00791    0.6916  -10852.7710  0.2545 
   00792    0.6941  -10803.9720  0.2642 
   00793    0.6947  -10949.0644  0.2603 
   00794    0.6906  -10698.4925  0.2586 
   00795    0.7045  -10863.7654  0.2613 
   00796    0.6969  -10526.8449  0.2598 
   00797    0.7066  -10472.3529  0.2617 
   00798    0.7081  -10580.3513  0.2629 
   00799    0.7041  -10591.1717  0.2560 
   00800    0.6902  -10612.9512  0.2566 
   00801    0.7028  -10575.6548  0.2588 
   00802    0.7086  -10469.6130  0.2631 
   00803    0.7044  -10392.3647  0.2532 
   00804    0.7108  -10349.3385  0.2598 
   00805    0.6923  -10431.9524  0.2603 
   00806    0.6994  -10613.5773  0.2569 
   00807    0.7058  -10498.4540  0.2583 
   00808    0.7087  -10458.2168  0.2631 
   00809    0.7127  -10608.7605  0.2637 
   00810    0.6795  -10678.6706  0.2659 
   00811    0.6981  -10515.7981  0.2679 
   00812    0.6936  -10475.2178  0.2636 
   00813    0.6977  -10526.1493  0.2583 
   00814    0.7050  -10589.9601  0.2583 
   00815    0.6923  -10814.6348  0.2586 
   00816    0.7030  -10619.2999  0.2607 
   00817    0.6983  -10550.8339  0.2528 
   00818    0.7016  -10620.3108  0.2686 
   00819    0.6936  -10709.2923  0.2601 
   00820    0.6959  -10681.5854  0.2620 
   00821    0.6895  -10782.0484  0.2636 
   00822    0.6992  -10752.3936  0.2565 
   00823    0.6975  -10668.1535  0.2648 
   00824    0.6858  -10728.2439  0.2604 
   00825    0.6948  -10638.4985  0.2601 
   00826    0.7045  -10521.2864  0.2696 
   00827    0.7016  -10652.7020  0.2803 
   00828    0.6997  -10709.8107  0.2742 
   00829    0.6966  -10613.8129  0.2556 
   00830    0.6997  -10779.2919  0.2638 
   00831    0.6956  -10800.0454  0.2655 
   00832    0.6984  -10621.0236  0.2591 
   00833    0.7013  -10856.6633  0.2686 
   00834    0.6914  -10588.2869  0.2737 
   00835    0.7028  -10544.3043  0.2615 
   00836    0.7111  -10526.9637  0.2657 
   00837    0.6956  -10566.0278  0.2647 
   00838    0.7025  -10600.8843  0.2577 
   00839    0.6925  -10818.1594  0.2632 
   00840    0.6923  -10816.8771  0.2568 
   00841    0.6986  -10700.6672  0.2656 
   00842    0.6969  -10765.4102  0.2713 
   00843    0.6952  -10703.2430  0.2733 
   00844    0.6914  -10702.1717  0.2681 
   00845    0.7034  -10606.4681  0.2709 
   00846    0.6997  -10893.6847  0.2746 
   00847    0.6984  -10698.6834  0.2653 
   00848    0.6931  -10609.3836  0.2816 
   00849    0.6978  -10656.6354  0.2825 
   00850    0.6934  -10650.3767  0.2766 
   00851    0.7006  -10597.8956  0.2672 
   00852    0.6969  -10461.7557  0.2635 
   00853    0.6937  -10551.7070  0.2693 
   00854    0.7027  -10567.0420  0.2690 
   00855    0.6973  -10609.2686  0.2532 
   00856    0.6995  -10505.2626  0.2554 
   00857    0.6916  -10543.5356  0.2570 
   00858    0.7023  -10703.6422  0.2652 
   00859    0.6994  -10403.5367  0.2705 
   00860    0.7009  -10589.4615  0.2711 
   00861    0.6895  -10731.9213  0.2631 
   00862    0.6917  -10631.1569  0.2759 
   00863    0.7036  -10712.0275  0.2650 
   00864    0.6936  -10700.0255  0.2606 
   00865    0.6845  -10697.2536  0.2681 
   00866    0.6916  -10491.9224  0.2821 
   00867    0.6972  -10559.6105  0.2740 
   00868    0.6930  -10721.3791  0.2737 
   00869    0.6939  -10505.1985  0.2780 
   00870    0.7008  -10516.3029  0.2710 
   00871    0.6995  -10759.2977  0.2727 
   00872    0.6914  -10905.6860  0.2723 
   00873    0.6927  -10751.9203  0.2587 
   00874    0.7022  -10581.6545  0.2646 
   00875    0.6898  -10663.8271  0.2796 
   00876    0.6916  -10700.7589  0.2772 
   00877    0.7034  -10568.6430  0.2739 
   00878    0.6959  -10766.4440  0.2727 
   00879    0.6984  -10750.4890  0.2633 
   00880    0.7052  -10677.8064  0.2678 
   00881    0.6933  -10707.6590  0.2566 
   00882    0.6916  -10517.5317  0.2642 
   00883    0.6994  -10418.5950  0.2689 
   00884    0.7089  -10509.8699  0.2760 
   00885    0.6987  -10727.7391  0.2781 
   00886    0.6952  -10673.0397  0.2724 
   00887    0.6945  -10512.4979  0.2659 
   00888    0.6859  -10583.4200  0.2570 
   00889    0.7053  -10806.7210  0.2598 
   00890    0.6877  -10599.5988  0.2591 
   00891    0.7084  -10630.9065  0.2513 
   00892    0.6955  -10691.1549  0.2610 
   00893    0.6977  -10529.3485  0.2640 
   00894    0.6959  -10599.0908  0.2544 
   00895    0.7028  -10624.9033  0.2538 
   00896    0.7052  -10491.5874  0.2511 
   00897    0.7092  -10426.9064  0.2573 
   00898    0.6995  -10605.3749  0.2553 
   00899    0.6900  -10545.0904  0.2604 
   00900    0.7019  -10807.5025  0.2599 
   00901    0.6947  -10729.7866  0.2555 
   00902    0.7002  -10679.1364  0.2615 
   00903    0.6983  -10824.3769  0.2608 
   00904    0.6989  -10648.1682  0.2566 
   00905    0.7002  -10702.5411  0.2662 
   00906    0.6883  -10737.3017  0.2677 
   00907    0.6986  -10905.4267  0.2688 
   00908    0.6925  -10932.3238  0.2665 
   00909    0.6942  -10984.1383  0.2761 
   00910    0.6777  -11003.0409  0.2679 
   00911    0.6906  -10882.1063  0.2546 
   00912    0.6886  -10770.3847  0.2575 
   00913    0.7003  -10602.9243  0.2533 
   00914    0.7059  -10680.3132  0.2635 
   00915    0.7006  -10623.0170  0.2569 
   00916    0.7041  -10647.0608  0.2511 
   00917    0.6998  -10528.0221  0.2618 
   00918    0.7045  -10550.1530  0.2594 
   00919    0.6913  -10687.9958  0.2581 
   00920    0.6941  -10774.3692  0.2569 
   00921    0.7053  -10738.0144  0.2641 
   00922    0.6737  -10757.9160  0.2626 
   00923    0.6945  -10844.1998  0.2747 
   00924    0.6916  -10874.3870  0.2709 
   00925    0.6994  -10642.9368  0.2584 
   00926    0.7008  -10630.7047  0.2640 
   00927    0.7109  -10697.5550  0.2611 
   00928    0.6930  -10583.1478  0.2679 
   00929    0.7011  -10651.0553  0.2617 
   00930    0.6989  -10618.2736  0.2533 
   00931    0.7081  -10415.0422  0.2529 
   00932    0.6933  -10545.2444  0.2592 
   00933    0.6975  -10689.6650  0.2575 
   00934    0.6948  -10755.9065  0.2608 
   00935    0.6973  -10846.6108  0.2563 
   00936    0.6937  -10526.2466  0.2611 
   00937    0.6975  -10680.8164  0.2709 
   00938    0.7027  -10634.8495  0.2712 
   00939    0.6948  -10686.6748  0.2725 
   00940    0.6947  -10704.9556  0.2724 
   00941    0.6878  -10873.6603  0.2663 
   00942    0.6869  -10714.4311  0.2774 
   00943    0.6948  -10808.3167  0.2685 
   00944    0.6964  -10601.0130  0.2714 
   00945    0.7037  -10573.9014  0.2569 
   00946    0.6911  -10861.9493  0.2527 
   00947    0.7044  -10678.8418  0.2633 
   00948    0.7045  -10731.1956  0.2711 
   00949    0.7067  -10614.1275  0.2695 
   00950    0.6945  -10545.6947  0.2799 
   00951    0.6983  -10727.7092  0.2738 
   00952    0.6936  -10796.2896  0.2742 
   00953    0.7002  -10738.4503  0.2711 
   00954    0.6923  -10630.9835  0.2613 
   00955    0.6952  -10685.4156  0.2623 
   00956    0.7019  -10573.1638  0.2611 
   00957    0.7089  -10457.6391  0.2601 
   00958    0.7064  -10410.9117  0.2527 
   00959    0.7063  -10464.4044  0.2593 
   00960    0.7119  -10560.0471  0.2682 
   00961    0.6923  -10580.4846  0.2707 
   00962    0.6967  -10406.3861  0.2645 
   00963    0.7073  -10574.1354  0.2618 
   00964    0.7048  -10441.0117  0.2628 
   00965    0.7072  -10452.0087  0.2696 
   00966    0.7061  -10422.9923  0.2582 
   00967    0.7011  -10465.4189  0.2546 
   00968    0.7144  -10545.0278  0.2566 
   00969    0.6987  -10442.4030  0.2682 
   00970    0.7030  -10533.1844  0.2670 
   00971    0.7073  -10516.4036  0.2554 
   00972    0.7002  -10512.7259  0.2535 
   00973    0.6952  -10614.8860  0.2599 
   00974    0.6997  -10737.2778  0.2610 
   00975    0.6967  -10458.5610  0.2671 
   00976    0.6991  -10439.8423  0.2578 
   00977    0.7114  -10685.1860  0.2536 
   00978    0.7031  -10656.3202  0.2515 
   00979    0.6953  -10648.7465  0.2519 
   00980    0.7009  -10554.9052  0.2593 
   00981    0.7023  -10478.1273  0.2629 
   00982    0.7061  -10596.8775  0.2718 
   00983    0.7019  -10809.8536  0.2662 
   00984    0.6934  -10823.6007  0.2591 
   00985    0.6975  -10697.4026  0.2512 
   00986    0.6856  -10823.0864  0.2610 
   00987    0.6947  -10756.8004  0.2705 
   00988    0.6981  -10643.4016  0.2677 
   00989    0.6902  -10680.0461  0.2598 
   00990    0.7036  -10655.4818  0.2635 
   00991    0.6927  -10721.9409  0.2618 
   00992    0.6958  -10691.2227  0.2583 
   00993    0.7059  -10777.4836  0.2556 
   00994    0.7017  -10627.5519  0.2571 
   00995    0.7037  -10703.1802  0.2592 
   00996    0.6998  -10379.0752  0.2516 
   00997    0.7200  -10370.0442  0.2684 
   00998    0.7048  -10659.0689  0.2787 
   00999    0.6933  -10793.9168  0.2718 
   01000    0.6980  -10487.0219  0.2819 
