#=====================================================
# File created:        Mon-06-Nov-2023-at-02-41-32PM
# Size of lattice:     60x60
# Number of MC steps:  1000
# Reduced temperature: 1.200
# Run time (s):        64.658059
#=====================================================
# MC step:  Ratio:     Energy:   Order:
#=====================================================
   00000    0.5000   -3578.8819  0.2612 
   00001    0.7053   -5377.0832  0.2612 
   00002    0.6453   -6092.7626  0.2790 
   00003    0.6142   -6562.0035  0.2818 
   00004    0.5967   -6849.1892  0.2693 
   00005    0.6058   -7016.4422  0.2860 
   00006    0.5533   -7156.8802  0.3019 
   00007    0.5692   -7244.3799  0.3112 
   00008    0.5717   -7437.4298  0.3211 
   00009    0.5525   -7434.8854  0.3135 
   00010    0.5750   -7387.3014  0.3148 
   00011    0.5617   -7436.3087  0.3134 
   00012    0.5650   -7452.8569  0.2937 
   00013    0.5550   -7317.2165  0.2890 
   00014    0.5728   -7454.3520  0.2817 
   00015    0.5667   -7472.9521  0.2937 
   00016    0.5717   -7496.7981  0.2798 
   00017    0.5600   -7350.2339  0.2734 
   00018    0.5619   -7351.4542  0.2676 
   00019    0.5767   -7354.9227  0.2754 
   00020    0.5603   -7495.6922  0.2782 
   00021    0.5636   -7428.5310  0.2764 
   00022    0.5517   -7563.7466  0.2747 
   00023    0.5583   -7527.9781  0.2685 
   00024    0.5714   -7410.8084  0.2676 
   00025    0.5703   -7561.4483  0.2686 
   00026    0.5636   -7544.0559  0.2659 
   00027    0.5511   -7592.1931  0.2583 
   00028    0.5553   -7530.2834  0.2644 
   00029    0.5539   -7551.6660  0.2850 
   00030    0.5497   -7632.7689  0.2876 
   00031    0.5606   -7558.4728  0.2931 
   00032    0.5503   -7575.0716  0.2906 
   00033    0.5475   -7585.8130  0.2969 
   00034    0.5528   -7530.1535  0.2881 
   00035    0.5539   -7659.4514  0.2951 
   00036    0.5489   -7558.1178  0.2814 
   00037    0.5528   -7581.4932  0.2723 
   00038    0.5469   -7550.5740  0.2727 
   00039    0.5486   -7674.5498  0.2889 
   00040    0.5511   -7559.5837  0.2923 
   00041    0.5511   -7600.9649  0.2959 
   00042    0.5342   -7651.2656  0.2894 
   00043    0.5408   -7680.3240  0.2872 
   00044    0.5542   -7717.2714  0.2914 
   00045    0.5489   -7706.9948  0.2840 
   00046    0.5417   -7728.5856  0.2885 
   00047    0.5531   -7655.9335  0.2951 
   00048    0.5472   -7458.5725  0.2858 
   00049    0.5406   -7602.4478  0.2853 
   00050    0.5350   -7645.4395  0.2697 
   00051    0.5561   -7620.7765  0.2738 
   00052    0.5714   -7565.0133  0.2642 
   00053    0.5467   -7584.4694  0.2592 
   00054    0.5539   -7550.0566  0.2779 
   00055    0.5622   -7513.2166  0.2715 
   00056    0.5675   -7517.3614  0.2780 
   00057    0.5581   -7476.4733  0.2797 
   00058    0.5672   -7351.2029  0.2795 
   00059    0.5706   -7269.4032  0.2910 
   00060    0.5544   -7278.1682  0.2946 
   00061    0.5672   -7477.8887  0.2958 
   00062    0.5603   -7479.6961  0.2992 
   00063    0.5625   -7538.4744  0.2939 
   00064    0.5494   -7492.8777  0.2879 
   00065    0.5500   -7340.3704  0.2749 
   00066    0.5597   -7429.1038  0.2709 
   00067    0.5469   -7414.9961  0.2630 
   00068    0.5669   -7405.8181  0.2702 
   00069    0.5450   -7509.9772  0.2717 
   00070    0.5589   -7427.8521  0.2714 
   00071    0.5578   -7415.9663  0.2680 
   00072    0.5642   -7604.5446  0.2660 
   00073    0.5483   -7537.6585  0.2680 
   00074    0.5594   -7538.6477  0.2783 
   00075    0.5622   -7472.0811  0.2895 
   00076    0.5503   -7553.4610  0.2857 
   00077    0.5706   -7522.7885  0.2935 
   00078    0.5578   -7414.0957  0.2922 
   00079    0.5433   -7468.0114  0.2895 
   00080    0.5556   -7490.2712  0.2891 
   00081    0.5586   -7403.1189  0.2905 
   00082    0.5639   -7435.4162  0.2863 
   00083    0.5733   -7401.9278  0.2813 
   00084    0.5633   -7412.2962  0.2746 
   00085    0.5614   -7431.5882  0.2681 
   00086    0.5583   -7380.2179  0.2692 
   00087    0.5519   -7470.0768  0.2614 
   00088    0.5675   -7434.8378  0.2721 
   00089    0.5528   -7526.4772  0.2751 
   00090    0.5589   -7545.0285  0.2836 
   00091    0.5525   -7463.4527  0.2782 
   00092    0.5706   -7492.1550  0.2795 
   00093    0.5536   -7521.8994  0.2788 
   00094    0.5539   -7526.1937  0.2723 
   00095    0.5533   -7538.4924  0.2662 
   00096    0.5400   -7538.3203  0.2834 
   00097    0.5500   -7511.6105  0.2912 
   00098    0.5364   -7449.3384  0.2765 
   00099    0.5675   -7412.1063  0.2895 
   00100    0.5697   -7571.0060  0.2787 
   00101    0.5611   -7576.9584  0.2761 
   00102    0.5678   -7630.3271  0.2765 
   00103    0.5544   -7562.1688  0.2825 
   00104    0.5611   -7386.6847  0.2722 
   00105    0.5642   -7330.5922  0.2641 
   00106    0.5764   -7481.2667  0.2634 
   00107    0.5506   -7465.9889  0.2719 
   00108    0.5528   -7294.4503  0.2572 
   00109    0.5775   -7290.7358  0.2756 
   00110    0.5894   -7252.1160  0.2735 
   00111    0.5719   -7320.2116  0.2736 
   00112    0.5556   -7358.9768  0.2714 
   00113    0.5733   -7327.4258  0.2675 
   00114    0.5514   -7332.8492  0.2649 
   00115    0.5650   -7353.5972  0.2697 
   00116    0.5592   -7369.1994  0.2764 
   00117    0.5575   -7434.0732  0.2778 
   00118    0.5553   -7412.6781  0.2738 
   00119    0.5683   -7427.3542  0.2759 
   00120    0.5653   -7433.6754  0.2949 
   00121    0.5669   -7507.5199  0.3007 
   00122    0.5564   -7526.2230  0.2916 
   00123    0.5606   -7597.0808  0.2909 
   00124    0.5458   -7580.5892  0.2849 
   00125    0.5592   -7511.6769  0.2759 
   00126    0.5461   -7559.0248  0.2862 
   00127    0.5564   -7445.0844  0.2920 
   00128    0.5578   -7402.9111  0.2902 
   00129    0.5722   -7384.3723  0.2677 
   00130    0.5747   -7479.3021  0.2695 
   00131    0.5739   -7450.8865  0.2676 
   00132    0.5622   -7464.8952  0.2780 
   00133    0.5489   -7466.9799  0.2721 
   00134    0.5489   -7464.1528  0.2818 
   00135    0.5586   -7352.6063  0.2802 
   00136    0.5636   -7413.8700  0.2868 
   00137    0.5697   -7427.2982  0.2796 
   00138    0.5531   -7517.9361  0.2765 
   00139    0.5650   -7617.0885  0.2629 
   00140    0.5383   -7651.9260  0.2571 
   00141    0.5425   -7762.9651  0.2653 
   00142    0.5475   -7727.5975  0.2749 
   00143    0.5569   -7732.5359  0.2690 
   00144    0.5569   -7750.7536  0.2661 
   00145    0.5478   -7721.2287  0.2599 
   00146    0.5642   -7501.3930  0.2651 
   00147    0.5475   -7489.9729  0.2648 
   00148    0.5547   -7567.0179  0.2688 
   00149    0.5628   -7551.6037  0.2729 
   00150    0.5611   -7620.7802  0.2775 
   00151    0.5511   -7513.9954  0.2782 
   00152    0.5608   -7585.0936  0.2857 
   00153    0.5569   -7613.3882  0.2955 
   00154    0.5472   -7592.4179  0.2952 
   00155    0.5617   -7534.1949  0.2920 
   00156    0.5514   -7393.9501  0.2844 
   00157    0.5697   -7393.2900  0.2774 
   00158    0.5797   -7411.4527  0.2668 
   00159    0.5469   -7472.5729  0.2647 
   00160    0.5608   -7344.4462  0.2646 
   00161    0.5711   -7322.9451  0.2761 
   00162    0.5594   -7380.4046  0.2829 
   00163    0.5550   -7305.7336  0.2867 
   00164    0.5564   -7401.3884  0.2841 
   00165    0.5753   -7372.2596  0.2937 
   00166    0.5611   -7332.8864  0.2930 
   00167    0.5608   -7451.3454  0.2799 
   00168    0.5675   -7506.2398  0.2821 
   00169    0.5403   -7474.0005  0.2798 
   00170    0.5542   -7370.6657  0.2884 
   00171    0.5747   -7313.3746  0.2823 
   00172    0.5639   -7364.0827  0.2776 
   00173    0.5708   -7332.5062  0.2687 
   00174    0.5603   -7432.8900  0.2801 
   00175    0.5817   -7379.7332  0.2970 
   00176    0.5397   -7433.5485  0.3020 
   00177    0.5608   -7411.5754  0.2993 
   00178    0.5681   -7416.1127  0.2942 
   00179    0.5569   -7513.0871  0.2891 
   00180    0.5653   -7399.4151  0.2878 
   00181    0.5608   -7459.7990  0.2872 
   00182    0.5636   -7482.9903  0.3022 
   00183    0.5497   -7483.5546  0.2918 
   00184    0.5678   -7371.7326  0.2945 
   00185    0.5600   -7229.5145  0.2803 
   00186    0.5689   -7249.5885  0.2816 
   00187    0.5625   -7388.8807  0.2724 
   00188    0.5725   -7393.0641  0.2745 
   00189    0.5600   -7416.9131  0.2727 
   00190    0.5511   -7328.7288  0.2597 
   00191    0.5661   -7425.5097  0.2570 
   00192    0.5458   -7493.8628  0.2527 
   00193    0.5700   -7428.7025  0.2552 
   00194    0.5583   -7380.8273  0.2613 
   00195    0.5514   -7473.5510  0.2758 
   00196    0.5514   -7559.3027  0.2694 
   00197    0.5775   -7425.6439  0.2682 
   00198    0.5703   -7554.9150  0.2693 
   00199    0.5531   -7607.5666  0.2793 
   00200    0.5514   -7495.1324  0.2895 
   00201    0.5625   -7382.4785  0.2902 
   00202    0.5725   -7409.7787  0.2935 
   00203    0.5600   -7441.7820  0.2764 
   00204    0.5717   -7541.4294  0.2797 
   00205    0.5475   -7498.1456  0.2839 
   00206    0.5664   -7411.3756  0.2917 
   00207    0.5681   -7426.9393  0.2989 
   00208    0.5725   -7351.0670  0.2993 
   00209    0.5711   -7386.3599  0.2923 
   00210    0.5597   -7391.6594  0.2842 
   00211    0.5608   -7233.4217  0.2839 
   00212    0.5808   -7253.2376  0.2729 
   00213    0.5703   -7255.1986  0.2739 
   00214    0.5617   -7385.2021  0.2868 
   00215    0.5722   -7411.7736  0.2749 
   00216    0.5556   -7438.0355  0.2635 
   00217    0.5486   -7325.2368  0.2578 
   00218    0.5633   -7277.3445  0.2635 
   00219    0.5689   -7387.6480  0.2703 
   00220    0.5653   -7516.8578  0.2658 
   00221    0.5594   -7475.4110  0.2802 
   00222    0.5603   -7374.2873  0.2845 
   00223    0.5456   -7424.9767  0.2800 
   00224    0.5656   -7407.4335  0.2870 
   00225    0.5597   -7449.2372  0.2966 
   00226    0.5600   -7516.1678  0.2878 
   00227    0.5539   -7517.4074  0.2731 
   00228    0.5508   -7553.0106  0.2586 
   00229    0.5461   -7565.2286  0.2530 
   00230    0.5472   -7381.8667  0.2597 
   00231    0.5444   -7537.5386  0.2708 
   00232    0.5383   -7510.7991  0.2691 
   00233    0.5508   -7465.8478  0.2694 
   00234    0.5478   -7566.8940  0.2692 
   00235    0.5556   -7488.6730  0.2824 
   00236    0.5697   -7431.2352  0.2992 
   00237    0.5536   -7513.1149  0.2992 
   00238    0.5653   -7506.5301  0.2904 
   00239    0.5439   -7502.3577  0.2931 
   00240    0.5611   -7500.1483  0.2820 
   00241    0.5711   -7680.5891  0.2855 
   00242    0.5467   -7640.1482  0.2889 
   00243    0.5397   -7656.8026  0.2946 
   00244    0.5525   -7779.3170  0.2974 
   00245    0.5464   -7782.2339  0.2950 
   00246    0.5519   -7751.1369  0.2913 
   00247    0.5417   -7568.4177  0.2834 
   00248    0.5369   -7577.9451  0.2945 
   00249    0.5581   -7442.8600  0.2974 
   00250    0.5542   -7636.1175  0.2999 
   00251    0.5481   -7461.9183  0.2858 
   00252    0.5650   -7433.5896  0.2817 
   00253    0.5639   -7599.9522  0.2797 
   00254    0.5547   -7644.7605  0.2722 
   00255    0.5528   -7578.4107  0.2776 
   00256    0.5506   -7583.2572  0.2784 
   00257    0.5489   -7593.6527  0.2841 
   00258    0.5611   -7463.9606  0.2869 
   00259    0.5733   -7432.4608  0.2867 
   00260    0.5531   -7425.8404  0.2735 
   00261    0.5719   -7367.5114  0.2682 
   00262    0.5672   -7399.4486  0.2650 
   00263    0.5617   -7475.2110  0.2688 
   00264    0.5489   -7509.3865  0.2774 
   00265    0.5644   -7498.4072  0.2854 
   00266    0.5489   -7446.5073  0.2835 
   00267    0.5519   -7419.5345  0.2821 
   00268    0.5697   -7445.2818  0.2879 
   00269    0.5694   -7395.9583  0.2894 
   00270    0.5561   -7364.1459  0.2941 
   00271    0.5636   -7408.5865  0.3034 
   00272    0.5619   -7499.6212  0.2950 
   00273    0.5761   -7540.7435  0.3097 
   00274    0.5569   -7534.4165  0.3047 
   00275    0.5522   -7560.3171  0.3103 
   00276    0.5561   -7630.1218  0.3114 
   00277    0.5533   -7542.2583  0.3065 
   00278    0.5567   -7449.6045  0.3054 
   00279    0.5597   -7376.7180  0.3110 
   00280    0.5647   -7407.1501  0.3109 
   00281    0.5625   -7488.7116  0.3042 
   00282    0.5422   -7535.5840  0.3113 
   00283    0.5481   -7614.9556  0.3148 
   00284    0.5606   -7549.6664  0.3100 
   00285    0.5589   -7529.0429  0.3150 
   00286    0.5703   -7475.9452  0.3205 
   00287    0.5700   -7643.4067  0.3183 
   00288    0.5589   -7565.9974  0.3114 
   00289    0.5614   -7609.8285  0.3288 
   00290    0.5586   -7494.8361  0.3266 
   00291    0.5653   -7380.9121  0.3248 
   00292    0.5611   -7415.8269  0.3134 
   00293    0.5686   -7426.3383  0.3105 
   00294    0.5553   -7517.7706  0.3179 
   00295    0.5492   -7487.0808  0.3074 
   00296    0.5622   -7401.7145  0.3076 
   00297    0.5625   -7459.0113  0.3119 
   00298    0.5511   -7565.4438  0.3103 
   00299    0.5478   -7485.7736  0.3205 
   00300    0.5606   -7599.3749  0.3158 
   00301    0.5558   -7514.4563  0.3250 
   00302    0.5647   -7408.1350  0.3260 
   00303    0.5586   -7514.9536  0.3354 
   00304    0.5525   -7490.9124  0.3262 
   00305    0.5542   -7524.1558  0.3198 
   00306    0.5769   -7375.3789  0.3137 
   00307    0.5544   -7553.6218  0.3165 
   00308    0.5408   -7533.8164  0.3213 
   00309    0.5553   -7426.1600  0.3143 
   00310    0.5697   -7287.1025  0.2974 
   00311    0.5539   -7382.7846  0.3032 
   00312    0.5711   -7314.6807  0.2992 
   00313    0.5769   -7374.3438  0.2919 
   00314    0.5789   -7343.8372  0.2928 
   00315    0.5669   -7256.3364  0.2972 
   00316    0.5569   -7523.4027  0.3068 
   00317    0.5703   -7297.7489  0.2981 
   00318    0.5542   -7291.9693  0.2834 
   00319    0.5550   -7492.4552  0.2829 
   00320    0.5517   -7568.0027  0.2861 
   00321    0.5700   -7573.3942  0.2695 
   00322    0.5561   -7488.3417  0.2648 
   00323    0.5531   -7435.7072  0.2631 
   00324    0.5550   -7429.0458  0.2591 
   00325    0.5517   -7280.4300  0.2606 
   00326    0.5647   -7376.1537  0.2648 
   00327    0.5736   -7388.1527  0.2594 
   00328    0.5653   -7558.3314  0.2628 
   00329    0.5644   -7458.7789  0.2619 
   00330    0.5522   -7435.3898  0.2661 
   00331    0.5511   -7615.1943  0.2674 
   00332    0.5572   -7549.7500  0.2724 
   00333    0.5581   -7487.2328  0.2614 
   00334    0.5522   -7417.7238  0.2557 
   00335    0.5461   -7416.8408  0.2621 
   00336    0.5597   -7383.3348  0.2674 
   00337    0.5556   -7457.2787  0.2718 
   00338    0.5711   -7513.2953  0.2828 
   00339    0.5656   -7419.3773  0.2719 
   00340    0.5600   -7442.9642  0.2724 
   00341    0.5492   -7348.2409  0.2652 
   00342    0.5522   -7345.6258  0.2612 
   00343    0.5694   -7436.1770  0.2662 
   00344    0.5658   -7535.0046  0.2609 
   00345    0.5669   -7441.5657  0.2567 
   00346    0.5747   -7464.6402  0.2646 
   00347    0.5533   -7490.4667  0.2655 
   00348    0.5558   -7551.1715  0.2656 
   00349    0.5514   -7655.2804  0.2581 
   00350    0.5478   -7508.2498  0.2556 
   00351    0.5375   -7416.3483  0.2572 
   00352    0.5614   -7514.0748  0.2702 
   00353    0.5586   -7547.9597  0.2854 
   00354    0.5433   -7542.2212  0.2990 
   00355    0.5333   -7452.0812  0.2847 
   00356    0.5578   -7591.9675  0.2932 
   00357    0.5536   -7479.4180  0.2906 
   00358    0.5486   -7518.7327  0.2984 
   00359    0.5411   -7590.5044  0.2910 
   00360    0.5631   -7589.9057  0.2840 
   00361    0.5542   -7554.9012  0.2853 
   00362    0.5664   -7356.1896  0.2856 
   00363    0.5694   -7327.8246  0.2817 
   00364    0.5644   -7360.0637  0.2825 
   00365    0.5706   -7417.6033  0.2793 
   00366    0.5417   -7458.6687  0.2828 
   00367    0.5475   -7612.4110  0.2867 
   00368    0.5428   -7698.8098  0.2921 
   00369    0.5411   -7577.9366  0.2929 
   00370    0.5517   -7561.3685  0.2986 
   00371    0.5542   -7462.6999  0.3096 
   00372    0.5661   -7341.8765  0.3128 
   00373    0.5567   -7488.5907  0.3131 
   00374    0.5739   -7455.8704  0.3127 
   00375    0.5425   -7371.4178  0.3038 
   00376    0.5611   -7415.6745  0.3024 
   00377    0.5647   -7475.9156  0.2989 
   00378    0.5633   -7512.8982  0.3048 
   00379    0.5619   -7506.5748  0.3056 
   00380    0.5447   -7498.4831  0.3079 
   00381    0.5594   -7525.6320  0.2976 
   00382    0.5492   -7586.6797  0.2950 
   00383    0.5542   -7504.0593  0.2899 
   00384    0.5378   -7535.7574  0.2995 
   00385    0.5581   -7624.1306  0.2998 
   00386    0.5428   -7549.2583  0.2974 
   00387    0.5625   -7694.8529  0.2966 
   00388    0.5536   -7750.9630  0.2943 
   00389    0.5594   -7652.8591  0.2998 
   00390    0.5667   -7446.4547  0.2950 
   00391    0.5661   -7312.0483  0.2885 
   00392    0.5525   -7551.9583  0.2885 
   00393    0.5656   -7388.0705  0.2838 
   00394    0.5500   -7448.8379  0.2725 
   00395    0.5467   -7388.1447  0.2657 
   00396    0.5636   -7351.3667  0.2683 
   00397    0.5744   -7257.2223  0.2532 
   00398    0.5642   -7291.1629  0.2673 
   00399    0.5778   -7373.2495  0.2630 
   00400    0.5600   -7521.4695  0.2728 
   00401    0.5536   -7365.7279  0.2779 
   00402    0.5636   -7387.4555  0.2876 
   00403    0.5731   -7588.9250  0.2980 
   00404    0.5661   -7526.4998  0.2992 
   00405    0.5619   -7508.8593  0.3136 
   00406    0.5569   -7553.3779  0.3148 
   00407    0.5631   -7450.2188  0.3085 
   00408    0.5542   -7401.1357  0.2973 
   00409    0.5600   -7482.7949  0.3010 
   00410    0.5650   -7517.3379  0.3063 
   00411    0.5522   -7508.3439  0.3016 
   00412    0.5428   -7414.6147  0.2908 
   00413    0.5494   -7551.4946  0.2902 
   00414    0.5581   -7562.9604  0.2951 
   00415    0.5508   -7546.5073  0.2991 
   00416    0.5528   -7466.4039  0.3012 
   00417    0.5503   -7456.1569  0.3127 
   00418    0.5769   -7497.1968  0.3042 
   00419    0.5558   -7627.1477  0.2969 
   00420    0.5414   -7671.0127  0.2876 
   00421    0.5578   -7617.4496  0.2791 
   00422    0.5519   -7606.3684  0.2863 
   00423    0.5692   -7552.3651  0.2890 
   00424    0.5550   -7587.6258  0.2875 
   00425    0.5569   -7390.9114  0.2925 
   00426    0.5675   -7362.1914  0.2805 
   00427    0.5497   -7495.5457  0.2742 
   00428    0.5444   -7542.6415  0.2733 
   00429    0.5647   -7517.2003  0.2729 
   00430    0.5742   -7598.7165  0.2790 
   00431    0.5553   -7368.6578  0.2672 
   00432    0.5575   -7386.8004  0.2703 
   00433    0.5614   -7402.0689  0.2565 
   00434    0.5769   -7412.1270  0.2603 
   00435    0.5511   -7431.5008  0.2699 
   00436    0.5600   -7493.2183  0.2716 
   00437    0.5597   -7323.3235  0.2768 
   00438    0.5622   -7254.6679  0.2774 
   00439    0.5653   -7275.5540  0.2672 
   00440    0.5553   -7292.5339  0.2586 
   00441    0.5639   -7428.8476  0.2627 
   00442    0.5497   -7422.9313  0.2637 
   00443    0.5669   -7396.0654  0.2636 
   00444    0.5583   -7406.5973  0.2607 
   00445    0.5747   -7335.1081  0.2705 
   00446    0.5569   -7450.7542  0.2679 
   00447    0.5494   -7430.4313  0.2619 
   00448    0.5600   -7456.1862  0.2621 
   00449    0.5628   -7458.4732  0.2701 
   00450    0.5497   -7478.3272  0.2698 
   00451    0.5550   -7472.3917  0.2605 
   00452    0.5592   -7470.3996  0.2648 
   00453    0.5458   -7391.9072  0.2535 
   00454    0.5536   -7407.5189  0.2560 
   00455    0.5617   -7475.6829  0.2684 
   00456    0.5603   -7434.4782  0.2676 
   00457    0.5758   -7552.3897  0.2762 
   00458    0.5461   -7484.7621  0.2757 
   00459    0.5500   -7465.4175  0.2712 
   00460    0.5400   -7463.2197  0.2740 
   00461    0.5628   -7484.6547  0.2658 
   00462    0.5647   -7384.8901  0.2750 
   00463    0.5531   -7362.2171  0.2775 
   00464    0.5764   -7308.9233  0.2743 
   00465    0.5722   -7351.9252  0.2724 
   00466    0.5678   -7269.3039  0.2580 
   00467    0.5672   -7238.2534  0.2630 
   00468    0.5744   -7345.5745  0.2678 
   00469    0.5736   -7466.4179  0.2728 
   00470    0.5689   -7507.9996  0.2777 
   00471    0.5553   -7361.7549  0.2705 
   00472    0.5619   -7375.7716  0.2704 
   00473    0.5578   -7527.1622  0.2836 
   00474    0.5633   -7558.2628  0.2805 
   00475    0.5494   -7479.8672  0.2803 
   00476    0.5583   -7385.9641  0.2853 
   00477    0.5681   -7474.5870  0.2867 
   00478    0.5558   -7643.3580  0.2820 
   00479    0.5614   -7682.7464  0.2754 
   00480    0.5358   -7652.6568  0.2726 
   00481    0.5583   -7658.2607  0.2763 
   00482    0.5508   -7646.8209  0.2801 
   00483    0.5558   -7545.0744  0.2770 
   00484    0.5589   -7563.2723  0.2746 
   00485    0.5472   -7624.6070  0.2771 
   00486    0.5508   -7672.9632  0.2891 
   00487    0.5464   -7649.0250  0.2909 
   00488    0.5658   -7502.2082  0.2888 
   00489    0.5561   -7601.8272  0.3080 
   00490    0.5617   -7596.1883  0.3001 
   00491    0.5597   -7517.3831  0.3134 
   00492    0.5639   -7514.3019  0.3121 
   00493    0.5597   -7509.6999  0.3077 
   00494    0.5494   -7525.6491  0.3084 
   00495    0.5661   -7553.3132  0.2880 
   00496    0.5469   -7465.6294  0.2831 
   00497    0.5642   -7465.3873  0.2800 
   00498    0.5594   -7514.3385  0.2797 
   00499    0.5533   -7546.5966  0.2948 
   00500    0.5622   -7609.0743  0.2953 
   00501    0.5481   -7468.4928  0.2856 
   00502    0.5608   -7476.1828  0.2903 
   00503    0.5628   -7306.3782  0.2754 
   00504    0.5592   -7483.4761  0.2757 
   00505    0.5617   -7446.0288  0.2846 
   00506    0.5647   -7351.8295  0.2908 
   00507    0.5519   -7398.7844  0.3004 
   00508    0.5692   -7422.3764  0.2924 
   00509    0.5492   -7453.5621  0.2877 
   00510    0.5714   -7423.4890  0.3027 
   00511    0.5528   -7366.2952  0.2982 
   00512    0.5531   -7411.8679  0.2841 
   00513    0.5683   -7353.2711  0.2796 
   00514    0.5556   -7486.0972  0.2783 
   00515    0.5789   -7361.1058  0.2694 
   00516    0.5583   -7550.0037  0.2826 
   00517    0.5544   -7477.6865  0.2751 
   00518    0.5506   -7417.6805  0.2815 
   00519    0.5475   -7474.2131  0.2770 
   00520    0.5583   -7367.8594  0.2872 
   00521    0.5575   -7480.6599  0.2752 
   00522    0.5611   -7419.0040  0.2864 
   00523    0.5625   -7419.5441  0.2821 
   00524    0.5694   -7332.2042  0.2797 
   00525    0.5667   -7200.4703  0.2883 
   00526    0.5614   -7232.5140  0.2837 
   00527    0.5844   -7157.6049  0.2898 
   00528    0.5764   -7224.2642  0.2935 
   00529    0.5747   -7342.8860  0.3061 
   00530    0.5528   -7316.3578  0.2926 
   00531    0.5703   -7491.9536  0.2891 
   00532    0.5453   -7441.1465  0.2905 
   00533    0.5628   -7515.1186  0.2740 
   00534    0.5500   -7508.0947  0.2812 
   00535    0.5575   -7401.7521  0.2834 
   00536    0.5611   -7286.5548  0.2873 
   00537    0.5689   -7442.7560  0.2760 
   00538    0.5633   -7577.4954  0.2765 
   00539    0.5464   -7566.5276  0.2828 
   00540    0.5544   -7631.9347  0.2917 
   00541    0.5528   -7807.6864  0.2890 
   00542    0.5383   -7781.0762  0.2833 
   00543    0.5367   -7655.2089  0.2800 
   00544    0.5525   -7598.6590  0.2782 
   00545    0.5553   -7528.7646  0.2856 
   00546    0.5503   -7424.5619  0.2838 
   00547    0.5625   -7453.0558  0.2820 
   00548    0.5553   -7300.9871  0.2870 
   00549    0.5550   -7342.0936  0.2903 
   00550    0.5619   -7451.0769  0.2960 
   00551    0.5531   -7551.8542  0.3055 
   00552    0.5606   -7569.5481  0.3066 
   00553    0.5461   -7649.9018  0.3122 
   00554    0.5483   -7562.6522  0.3027 
   00555    0.5606   -7608.8088  0.3088 
   00556    0.5733   -7502.4005  0.3069 
   00557    0.5558   -7551.0881  0.2888 
   00558    0.5533   -7636.3875  0.2809 
   00559    0.5511   -7537.8275  0.2747 
   00560    0.5525   -7525.8133  0.2763 
   00561    0.5636   -7417.0366  0.2831 
   00562    0.5636   -7416.5156  0.2684 
   00563    0.5553   -7445.5010  0.2722 
   00564    0.5436   -7449.0127  0.2797 
   00565    0.5689   -7421.3442  0.2728 
   00566    0.5606   -7525.5220  0.2731 
   00567    0.5486   -7596.0817  0.2697 
   00568    0.5758   -7504.3124  0.2788 
   00569    0.5408   -7521.1451  0.2765 
   00570    0.5558   -7456.6514  0.2870 
   00571    0.5461   -7370.0060  0.2887 
   00572    0.5611   -7418.2646  0.2969 
   00573    0.5608   -7469.8894  0.3120 
   00574    0.5617   -7446.0517  0.3002 
   00575    0.5714   -7320.8281  0.3016 
   00576    0.5592   -7336.5385  0.2971 
   00577    0.5608   -7383.5847  0.3063 
   00578    0.5644   -7221.2623  0.3039 
   00579    0.5664   -7276.4550  0.3052 
   00580    0.5736   -7447.3866  0.3044 
   00581    0.5772   -7356.8526  0.3007 
   00582    0.5631   -7353.8235  0.2940 
   00583    0.5628   -7360.2685  0.3042 
   00584    0.5658   -7330.9662  0.2845 
   00585    0.5744   -7307.1969  0.2849 
   00586    0.5500   -7414.2155  0.2697 
   00587    0.5636   -7510.0901  0.2676 
   00588    0.5583   -7325.0137  0.2772 
   00589    0.5617   -7343.9611  0.2731 
   00590    0.5614   -7424.7921  0.2816 
   00591    0.5475   -7402.3817  0.2763 
   00592    0.5456   -7353.6304  0.2703 
   00593    0.5547   -7418.0952  0.2773 
   00594    0.5594   -7330.0544  0.2822 
   00595    0.5717   -7297.0019  0.2827 
   00596    0.5556   -7413.3002  0.2891 
   00597    0.5508   -7313.8596  0.2977 
   00598    0.5719   -7318.7985  0.2975 
   00599    0.5594   -7544.2496  0.2858 
   00600    0.5478   -7412.5752  0.2915 
   00601    0.5711   -7405.5910  0.3060 
   00602    0.5767   -7482.8055  0.3070 
   00603    0.5558   -7418.3485  0.3127 
   00604    0.5511   -7411.7783  0.3124 
   00605    0.5686   -7367.6886  0.3220 
   00606    0.5675   -7388.2009  0.3109 
   00607    0.5747   -7283.8636  0.2986 
   00608    0.5533   -7207.5024  0.2909 
   00609    0.5664   -7373.1147  0.2766 
   00610    0.5617   -7338.1857  0.2790 
   00611    0.5603   -7370.9394  0.2726 
   00612    0.5664   -7397.4448  0.2789 
   00613    0.5775   -7438.6197  0.2894 
   00614    0.5561   -7458.0832  0.2867 
   00615    0.5594   -7453.3400  0.2863 
   00616    0.5800   -7449.1523  0.2778 
   00617    0.5497   -7430.8330  0.2846 
   00618    0.5506   -7478.6083  0.2794 
   00619    0.5642   -7599.0878  0.2715 
   00620    0.5539   -7542.8098  0.2678 
   00621    0.5528   -7600.5067  0.2810 
   00622    0.5486   -7674.0107  0.2722 
   00623    0.5478   -7575.5138  0.2650 
   00624    0.5597   -7504.7474  0.2694 
   00625    0.5592   -7594.1657  0.2643 
   00626    0.5603   -7517.3562  0.2622 
   00627    0.5508   -7591.5345  0.2543 
   00628    0.5497   -7541.3517  0.2616 
   00629    0.5647   -7439.6572  0.2528 
   00630    0.5708   -7535.1775  0.2583 
   00631    0.5614   -7375.2755  0.2596 
   00632    0.5653   -7372.7323  0.2582 
   00633    0.5719   -7340.1356  0.2589 
   00634    0.5553   -7490.2898  0.2587 
   00635    0.5642   -7393.4712  0.2618 
   00636    0.5567   -7396.1797  0.2711 
   00637    0.5789   -7384.1193  0.2668 
   00638    0.5606   -7364.2071  0.2640 
   00639    0.5433   -7479.3328  0.2570 
   00640    0.5658   -7341.9422  0.2678 
   00641    0.5439   -7424.3842  0.2655 
   00642    0.5608   -7542.0326  0.2639 
   00643    0.5644   -7475.2623  0.2784 
   00644    0.5492   -7634.5835  0.2697 
   00645    0.5592   -7702.2929  0.2656 
   00646    0.5317   -7630.2030  0.2583 
   00647    0.5586   -7604.1010  0.2603 
   00648    0.5594   -7504.2285  0.2631 
   00649    0.5656   -7556.8624  0.2571 
   00650    0.5497   -7428.3253  0.2531 
   00651    0.5589   -7514.2313  0.2589 
   00652    0.5594   -7413.9414  0.2569 
   00653    0.5731   -7409.3107  0.2725 
   00654    0.5608   -7424.6988  0.2740 
   00655    0.5519   -7355.1503  0.2758 
   00656    0.5617   -7428.3330  0.2825 
   00657    0.5547   -7424.8349  0.2822 
   00658    0.5628   -7501.5486  0.2794 
   00659    0.5606   -7504.7668  0.2849 
   00660    0.5611   -7505.5914  0.2612 
   00661    0.5606   -7431.1016  0.2663 
   00662    0.5550   -7400.2645  0.2698 
   00663    0.5600   -7408.9535  0.2708 
   00664    0.5672   -7402.3635  0.2562 
   00665    0.5442   -7476.3580  0.2644 
   00666    0.5514   -7510.7584  0.2604 
   00667    0.5558   -7415.6963  0.2625 
   00668    0.5653   -7467.7186  0.2651 
   00669    0.5636   -7589.3561  0.2700 
   00670    0.5467   -7505.2674  0.2804 
   00671    0.5694   -7549.5066  0.2728 
   00672    0.5414   -7614.9395  0.2904 
   00673    0.5575   -7520.4445  0.2932 
   00674    0.5372   -7606.9253  0.2925 
   00675    0.5536   -7548.3222  0.2876 
   00676    0.5472   -7458.1256  0.2802 
   00677    0.5647   -7388.5874  0.2920 
   00678    0.5561   -7315.2565  0.2793 
   00679    0.5667   -7336.5357  0.2829 
   00680    0.5750   -7258.1592  0.2844 
   00681    0.5722   -7246.8711  0.2890 
   00682    0.5644   -7415.7065  0.2912 
   00683    0.5503   -7499.3187  0.2904 
   00684    0.5608   -7593.2268  0.2936 
   00685    0.5464   -7537.5601  0.2836 
   00686    0.5619   -7626.5913  0.2789 
   00687    0.5583   -7510.6003  0.2728 
   00688    0.5494   -7423.2787  0.2744 
   00689    0.5508   -7574.5199  0.2680 
   00690    0.5594   -7572.4773  0.2716 
   00691    0.5528   -7489.0375  0.2729 
   00692    0.5483   -7477.5678  0.2738 
   00693    0.5681   -7508.2662  0.2704 
   00694    0.5644   -7596.2782  0.2736 
   00695    0.5614   -7574.3352  0.2690 
   00696    0.5422   -7457.1594  0.2618 
   00697    0.5514   -7434.7845  0.2562 
   00698    0.5558   -7576.8443  0.2637 
   00699    0.5525   -7610.4780  0.2633 
   00700    0.5564   -7615.7214  0.2699 
   00701    0.5481   -7558.0307  0.2611 
   00702    0.5533   -7735.3202  0.2617 
   00703    0.5594   -7692.9949  0.2602 
   00704    0.5489   -7766.9550  0.2636 
   00705    0.5447   -7661.2162  0.2643 
   00706    0.5525   -7663.8240  0.2729 
   00707    0.5483   -7521.9950  0.2792 
   00708    0.5525   -7611.1261  0.2863 
   00709    0.5631   -7366.0935  0.2884 
   00710    0.5719   -7351.1601  0.3007 
   00711    0.5572   -7378.4215  0.2967 
   00712    0.5517   -7423.8030  0.2926 
   00713    0.5617   -7422.7309  0.2954 
   00714    0.5806   -7496.4627  0.2961 
   00715    0.5603   -7577.9887  0.3045 
   00716    0.5608   -7485.2903  0.3105 
   00717    0.5542   -7441.7588  0.3162 
   00718    0.5653   -7364.0803  0.3194 
   00719    0.5644   -7348.1907  0.3353 
   00720    0.5597   -7328.9361  0.3395 
   00721    0.5703   -7394.8402  0.3478 
   00722    0.5622   -7347.6710  0.3500 
   00723    0.5617   -7552.4355  0.3440 
   00724    0.5550   -7517.2987  0.3383 
   00725    0.5622   -7365.1266  0.3398 
   00726    0.5742   -7347.1924  0.3458 
   00727    0.5558   -7604.8123  0.3597 
   00728    0.5531   -7645.2940  0.3489 
   00729    0.5581   -7453.6202  0.3363 
   00730    0.5519   -7434.2712  0.3347 
   00731    0.5583   -7535.3348  0.3302 
   00732    0.5583   -7539.5439  0.3091 
   00733    0.5353   -7528.7821  0.3136 
   00734    0.5514   -7484.0031  0.3104 
   00735    0.5531   -7562.3276  0.3123 
   00736    0.5517   -7553.4077  0.3061 
   00737    0.5603   -7541.5176  0.3081 
   00738    0.5522   -7530.5852  0.2921 
   00739    0.5522   -7548.2390  0.2830 
   00740    0.5542   -7449.9117  0.2850 
   00741    0.5494   -7423.2204  0.2903 
   00742    0.5575   -7489.4527  0.2840 
   00743    0.5642   -7509.1299  0.2859 
   00744    0.5353   -7461.8445  0.2804 
   00745    0.5767   -7474.9858  0.2845 
   00746    0.5544   -7523.1955  0.2802 
   00747    0.5514   -7590.1966  0.2820 
   00748    0.5567   -7578.0891  0.2865 
   00749    0.5653   -7677.3062  0.2812 
   00750    0.5539   -7640.0848  0.2841 
   00751    0.5531   -7551.6076  0.2890 
   00752    0.5442   -7517.5832  0.2748 
   00753    0.5586   -7683.9232  0.2652 
   00754    0.5428   -7721.1776  0.2635 
   00755    0.5472   -7651.4062  0.2616 
   00756    0.5372   -7669.5834  0.2640 
   00757    0.5633   -7515.3301  0.2593 
   00758    0.5692   -7406.3447  0.2662 
   00759    0.5681   -7621.6473  0.2866 
   00760    0.5519   -7557.6899  0.2821 
   00761    0.5503   -7468.0126  0.2819 
   00762    0.5608   -7410.1234  0.2747 
   00763    0.5683   -7309.5218  0.2798 
   00764    0.5617   -7415.6828  0.2862 
   00765    0.5547   -7476.0708  0.2812 
   00766    0.5581   -7511.5648  0.2801 
   00767    0.5467   -7457.5440  0.2803 
   00768    0.5569   -7512.8414  0.2782 
   00769    0.5564   -7558.6003  0.2889 
   00770    0.5481   -7536.6511  0.2801 
   00771    0.5589   -7507.0906  0.2899 
   00772    0.5539   -7533.7114  0.2825 
   00773    0.5642   -7525.0982  0.2876 
   00774    0.5408   -7502.3310  0.2863 
   00775    0.5375   -7431.3829  0.2871 
   00776    0.5536   -7539.7780  0.2747 
   00777    0.5506   -7532.1480  0.2679 
   00778    0.5586   -7487.3331  0.2664 
   00779    0.5658   -7434.8262  0.2724 
   00780    0.5742   -7544.1379  0.2705 
   00781    0.5622   -7493.6069  0.2847 
   00782    0.5642   -7504.2854  0.2874 
   00783    0.5636   -7431.2701  0.2889 
   00784    0.5750   -7444.3874  0.2928 
   00785    0.5394   -7522.4995  0.2959 
   00786    0.5564   -7454.5225  0.2952 
   00787    0.5550   -7516.1401  0.2953 
   00788    0.5356   -7701.5087  0.2915 
   00789    0.5436   -7630.5711  0.2791 
   00790    0.5550   -7681.9689  0.2593 
   00791    0.5369   -7595.9991  0.2770 
   00792    0.5569   -7595.1568  0.2945 
   00793    0.5594   -7499.3178  0.3000 
   00794    0.5569   -7461.5123  0.2961 
   00795    0.5625   -7487.5937  0.2965 
   00796    0.5600   -7396.8916  0.2996 
   00797    0.5600   -7269.5428  0.2953 
   00798    0.5600   -7303.8175  0.2965 
   00799    0.5681   -7378.0087  0.2838 
   00800    0.5650   -7478.3350  0.2918 
   00801    0.5622   -7561.5483  0.2871 
   00802    0.5497   -7596.9525  0.2819 
   00803    0.5533   -7674.3402  0.2514 
   00804    0.5550   -7546.3872  0.2615 
   00805    0.5564   -7477.0557  0.2736 
   00806    0.5639   -7459.7920  0.2733 
   00807    0.5700   -7596.0323  0.2777 
   00808    0.5617   -7396.1841  0.2806 
   00809    0.5647   -7261.1190  0.2820 
   00810    0.5556   -7224.7028  0.2937 
   00811    0.5625   -7239.6759  0.2873 
   00812    0.5706   -7347.2893  0.2890 
   00813    0.5564   -7411.4137  0.2788 
   00814    0.5703   -7459.9010  0.2910 
   00815    0.5692   -7492.8519  0.2959 
   00816    0.5542   -7460.1721  0.2952 
   00817    0.5481   -7476.8155  0.2925 
   00818    0.5586   -7515.1528  0.2941 
   00819    0.5678   -7453.9756  0.2860 
   00820    0.5692   -7298.2963  0.2999 
   00821    0.5447   -7467.2748  0.3010 
   00822    0.5672   -7573.6303  0.3040 
   00823    0.5603   -7443.5196  0.2922 
   00824    0.5561   -7570.6377  0.2825 
   00825    0.5617   -7577.3410  0.2876 
   00826    0.5633   -7453.9191  0.2944 
   00827    0.5542   -7426.1428  0.2843 
   00828    0.5650   -7545.7853  0.3011 
   00829    0.5531   -7453.4885  0.2870 
   00830    0.5447   -7448.6776  0.2935 
   00831    0.5706   -7493.6735  0.2876 
   00832    0.5567   -7452.4226  0.2926 
   00833    0.5700   -7493.1184  0.2767 
   00834    0.5558   -7522.6409  0.2841 
   00835    0.5633   -7408.7522  0.2773 
   00836    0.5561   -7413.9452  0.2847 
   00837    0.5500   -7354.2267  0.2821 
   00838    0.5558   -7468.6646  0.2714 
   00839    0.5628   -7440.9387  0.2609 
   00840    0.5694   -7478.9549  0.2625 
   00841    0.5658   -7413.1083  0.2744 
   00842    0.5644   -7375.5672  0.2740 
   00843    0.5722   -7475.9836  0.2753 
   00844    0.5658   -7510.0221  0.2790 
   00845    0.5664   -7485.3190  0.2761 
   00846    0.5644   -7431.3341  0.2665 
   00847    0.5608   -7389.3677  0.2572 
   00848    0.5689   -7419.0379  0.2587 
   00849    0.5597   -7496.6610  0.2628 
   00850    0.5678   -7470.9542  0.2671 
   00851    0.5669   -7502.2758  0.2647 
   00852    0.5458   -7449.7238  0.2694 
   00853    0.5547   -7402.4493  0.2724 
   00854    0.5744   -7468.1997  0.2726 
   00855    0.5628   -7585.1879  0.2808 
   00856    0.5417   -7609.3907  0.2712 
   00857    0.5303   -7650.0894  0.2834 
   00858    0.5514   -7541.4998  0.2811 
   00859    0.5569   -7577.5588  0.2828 
   00860    0.5294   -7596.4674  0.2737 
   00861    0.5544   -7651.6443  0.2748 
   00862    0.5594   -7626.0712  0.2775 
   00863    0.5550   -7568.1695  0.2764 
   00864    0.5414   -7549.8871  0.2771 
   00865    0.5514   -7576.7450  0.2866 
   00866    0.5567   -7588.9433  0.2880 
   00867    0.5558   -7641.0842  0.2902 
   00868    0.5539   -7616.5300  0.2854 
   00869    0.5742   -7522.2606  0.2889 
   00870    0.5586   -7471.1913  0.2894 
   00871    0.5719   -7492.9363  0.3050 
   00872    0.5589   -7586.0294  0.3066 
   00873    0.5531   -7658.7368  0.3014 
   00874    0.5581   -7588.4813  0.3027 
   00875    0.5369   -7622.8664  0.2991 
   00876    0.5597   -7454.5133  0.2871 
   00877    0.5575   -7472.5062  0.2773 
   00878    0.5511   -7569.4788  0.2692 
   00879    0.5447   -7514.0482  0.2767 
   00880    0.5564   -7601.2283  0.2677 
   00881    0.5542   -7626.4755  0.2554 
   00882    0.5575   -7541.4452  0.2640 
   00883    0.5544   -7560.2802  0.2644 
   00884    0.5575   -7465.5360  0.2619 
   00885    0.5697   -7499.1517  0.2614 
   00886    0.5494   -7419.8290  0.2714 
   00887    0.5586   -7513.7986  0.2574 
   00888    0.5517   -7373.4914  0.2562 
   00889    0.5658   -7473.8385  0.2624 
   00890    0.5489   -7398.8313  0.2653 
   00891    0.5531   -7491.6527  0.2683 
   00892    0.5597   -7459.7503  0.2587 
   00893    0.5783   -7429.3562  0.2701 
   00894    0.5550   -7346.0632  0.2768 
   00895    0.5683   -7406.4513  0.2628 
   00896    0.5639   -7306.1820  0.2592 
   00897    0.5719   -7293.5580  0.2594 
   00898    0.5681   -7478.5255  0.2545 
   00899    0.5556   -7492.6895  0.2586 
   00900    0.5692   -7458.1743  0.2649 
   00901    0.5578   -7426.7150  0.2605 
   00902    0.5639   -7463.1528  0.2517 
   00903    0.5631   -7568.1748  0.2608 
   00904    0.5586   -7541.0162  0.2686 
   00905    0.5664   -7549.4272  0.2650 
   00906    0.5553   -7572.8020  0.2672 
   00907    0.5653   -7456.6324  0.2670 
   00908    0.5531   -7560.6766  0.2703 
   00909    0.5558   -7548.4979  0.2826 
   00910    0.5550   -7657.2810  0.2794 
   00911    0.5475   -7325.5212  0.2883 
   00912    0.5667   -7345.7197  0.2857 
   00913    0.5711   -7444.4693  0.3013 
   00914    0.5733   -7613.9517  0.2974 
   00915    0.5442   -7346.1740  0.2923 
   00916    0.5664   -7426.3111  0.2976 
   00917    0.5611   -7392.6757  0.2895 
   00918    0.5639   -7481.8671  0.2898 
   00919    0.5447   -7604.7786  0.2821 
   00920    0.5597   -7545.9222  0.2968 
   00921    0.5492   -7501.9677  0.2770 
   00922    0.5522   -7505.2921  0.2784 
   00923    0.5611   -7524.1360  0.2680 
   00924    0.5497   -7414.4026  0.2603 
   00925    0.5608   -7392.0194  0.2604 
   00926    0.5639   -7428.3771  0.2556 
   00927    0.5786   -7475.9700  0.2557 
   00928    0.5531   -7530.8433  0.2612 
   00929    0.5564   -7489.9130  0.2629 
   00930    0.5550   -7530.3153  0.2753 
   00931    0.5497   -7390.5709  0.2746 
   00932    0.5542   -7413.8165  0.2718 
   00933    0.5725   -7447.1187  0.2683 
   00934    0.5625   -7452.5895  0.2738 
   00935    0.5586   -7487.1716  0.2735 
   00936    0.5506   -7475.5442  0.2710 
   00937    0.5547   -7458.0134  0.2650 
   00938    0.5556   -7379.4223  0.2701 
   00939    0.5597   -7401.8232  0.2799 
   00940    0.5597   -7491.1863  0.2893 
   00941    0.5508   -7532.6865  0.2957 
   00942    0.5514   -7481.6648  0.2986 
   00943    0.5553   -7472.2327  0.2930 
   00944    0.5628   -7505.5705  0.2922 
   00945    0.5586   -7404.7521  0.3032 
   00946    0.5658   -7499.0634  0.2998 
   00947    0.5467   -7434.7629  0.2879 
   00948    0.5492   -7477.0022  0.2859 
   00949    0.5514   -7517.4106  0.2817 
   00950    0.5636   -7594.5840  0.2798 
   00951    0.5656   -7420.0985  0.2670 
   00952    0.5542   -7400.6512  0.2708 
   00953    0.5492   -7470.2541  0.2704 
   00954    0.5683   -7355.3390  0.2891 
   00955    0.5597   -7455.4671  0.2870 
   00956    0.5581   -7483.9154  0.2756 
   00957    0.5606   -7591.8413  0.2758 
   00958    0.5536   -7514.6005  0.2709 
   00959    0.5656   -7650.1875  0.2588 
   00960    0.5556   -7544.1235  0.2684 
   00961    0.5575   -7531.3128  0.2604 
   00962    0.5631   -7427.1665  0.2559 
   00963    0.5603   -7561.7400  0.2703 
   00964    0.5489   -7528.6062  0.2633 
   00965    0.5658   -7438.0552  0.2604 
   00966    0.5619   -7442.9663  0.2670 
   00967    0.5628   -7541.3391  0.2585 
   00968    0.5450   -7506.9479  0.2668 
   00969    0.5458   -7416.3746  0.2712 
   00970    0.5694   -7396.7617  0.2770 
   00971    0.5578   -7501.3734  0.2829 
   00972    0.5806   -7427.5031  0.2861 
   00973    0.5608   -7536.6467  0.2914 
   00974    0.5414   -7436.1530  0.2917 
   00975    0.5506   -7339.2008  0.2924 
   00976    0.5669   -7343.6378  0.2863 
   00977    0.5725   -7411.4705  0.2807 
   00978    0.5692   -7363.3741  0.2887 
   00979    0.5556   -7367.8429  0.2752 
   00980    0.5578   -7234.3546  0.2715 
   00981    0.5711   -7287.4921  0.2644 
   00982    0.5778   -7392.2635  0.2718 
   00983    0.5717   -7396.8281  0.2582 
   00984    0.5722   -7366.6595  0.2670 
   00985    0.5508   -7468.2291  0.2688 
   00986    0.5725   -7447.4578  0.2683 
   00987    0.5539   -7466.0102  0.2783 
   00988    0.5392   -7534.1318  0.2940 
   00989    0.5422   -7442.2880  0.2846 
   00990    0.5556   -7443.5973  0.2872 
   00991    0.5575   -7479.2444  0.2858 
   00992    0.5606   -7545.8218  0.2885 
   00993    0.5414   -7557.1975  0.2810 
   00994    0.5478   -7501.9200  0.2824 
   00995    0.5642   -7454.9446  0.2840 
   00996    0.5617   -7504.1185  0.2786 
   00997    0.5681   -7554.8196  0.2893 
   00998    0.5586   -7432.8448  0.2865 
   00999    0.5700   -7362.1407  0.2777 
   01000    0.5506   -7453.0332  0.2855 
