#=====================================================
# File created:        Mon-06-Nov-2023-at-01-59-45PM
# Size of lattice:     60x60
# Number of MC steps:  1000
# Reduced temperature: 2.000
# Run time (s):        9.556502
#=====================================================
# MC step:  Ratio:     Energy:   Order:
#=====================================================
   00000    0.5000   -3714.7461  0.2580 
   00001    0.7858   -5030.9978  0.2644 
   00002    0.7358   -5521.1619  0.2659 
   00003    0.7364   -5582.7820  0.2616 
   00004    0.7458   -5622.8310  0.2595 
   00005    0.7222   -5758.4233  0.2685 
   00006    0.7306   -5665.5697  0.2666 
   00007    0.7217   -5686.3863  0.2554 
   00008    0.7372   -5563.2246  0.2605 
   00009    0.7297   -5488.2021  0.2604 
   00010    0.7481   -5655.7872  0.2670 
   00011    0.7303   -5722.2884  0.2641 
   00012    0.7392   -5686.3654  0.2744 
   00013    0.7506   -5557.5019  0.2696 
   00014    0.7275   -5593.2682  0.2623 
   00015    0.7356   -5685.2178  0.2639 
   00016    0.7319   -5747.5932  0.2621 
   00017    0.7247   -5913.6457  0.2647 
   00018    0.7122   -5694.5379  0.2709 
   00019    0.7469   -5521.1196  0.2740 
   00020    0.7311   -5478.4560  0.2700 
   00021    0.7381   -5672.4440  0.2657 
   00022    0.7406   -5752.2706  0.2584 
   00023    0.7283   -5680.7908  0.2715 
   00024    0.7292   -5719.4279  0.2655 
   00025    0.7314   -5646.8344  0.2586 
   00026    0.7203   -5596.6169  0.2665 
   00027    0.7278   -5620.9801  0.2755 
   00028    0.7506   -5549.4781  0.2693 
   00029    0.7397   -5631.9417  0.2785 
   00030    0.7356   -5685.1294  0.2876 
   00031    0.7222   -5823.1229  0.2818 
   00032    0.7311   -5815.3994  0.2693 
   00033    0.7267   -5715.4324  0.2801 
   00034    0.7275   -5766.0573  0.2681 
   00035    0.7219   -5791.1776  0.2764 
   00036    0.7211   -5759.8576  0.2619 
   00037    0.7375   -5625.6645  0.2509 
   00038    0.7244   -5712.3405  0.2675 
   00039    0.7192   -5968.3845  0.2743 
   00040    0.7144   -5837.1364  0.2722 
   00041    0.7347   -5779.8703  0.2692 
   00042    0.7136   -5717.8504  0.2582 
   00043    0.7231   -5620.8888  0.2671 
   00044    0.7419   -5850.2044  0.2562 
   00045    0.7250   -5917.1224  0.2686 
   00046    0.7325   -5916.7488  0.2586 
   00047    0.7247   -5829.9218  0.2551 
   00048    0.7083   -5852.9532  0.2670 
   00049    0.7219   -5814.7145  0.2795 
   00050    0.7331   -5777.3949  0.2737 
   00051    0.7244   -5901.4049  0.2570 
   00052    0.7225   -5784.6896  0.2597 
   00053    0.7269   -5785.6432  0.2557 
   00054    0.7367   -5778.0580  0.2681 
   00055    0.7275   -5656.7317  0.2757 
   00056    0.7436   -5690.4509  0.2881 
   00057    0.7200   -5678.2144  0.2762 
   00058    0.7328   -5679.3371  0.2529 
   00059    0.7078   -5802.2012  0.2576 
   00060    0.7197   -5768.8961  0.2696 
   00061    0.7231   -5754.6672  0.2842 
   00062    0.7231   -5802.8694  0.2771 
   00063    0.7231   -5670.9844  0.2775 
   00064    0.7419   -5528.2330  0.2846 
   00065    0.7403   -5520.1069  0.2674 
   00066    0.7192   -5575.3638  0.2654 
   00067    0.7292   -5646.6316  0.2749 
   00068    0.7347   -5648.7344  0.2672 
   00069    0.7108   -5701.8621  0.2602 
   00070    0.7242   -5611.2899  0.2538 
   00071    0.7242   -5739.7992  0.2580 
   00072    0.7336   -5700.4406  0.2585 
   00073    0.7128   -5884.8447  0.2546 
   00074    0.7086   -5880.3275  0.2659 
   00075    0.7131   -5788.1321  0.2759 
   00076    0.7392   -5835.5876  0.2695 
   00077    0.7147   -5748.3868  0.2769 
   00078    0.7283   -5791.4226  0.2711 
   00079    0.7356   -5714.1403  0.2628 
   00080    0.7311   -5492.6509  0.2803 
   00081    0.7322   -5659.6930  0.2700 
   00082    0.7283   -5611.5225  0.2788 
   00083    0.7244   -5741.7810  0.2680 
   00084    0.7183   -5770.1342  0.2745 
   00085    0.7253   -5809.5696  0.2626 
   00086    0.7286   -5821.5790  0.2668 
   00087    0.6969   -5794.0036  0.2680 
   00088    0.7264   -5716.1224  0.2715 
   00089    0.7128   -5719.1101  0.2647 
   00090    0.7350   -5865.5095  0.2671 
   00091    0.7272   -5956.9726  0.2645 
   00092    0.7286   -5957.3291  0.2605 
   00093    0.7144   -5751.3180  0.2612 
   00094    0.7297   -5613.7571  0.2540 
   00095    0.7175   -5712.7174  0.2571 
   00096    0.7367   -5628.4286  0.2626 
   00097    0.7306   -5628.1334  0.2698 
   00098    0.7303   -5701.6182  0.2745 
   00099    0.7203   -5695.2378  0.2733 
   00100    0.7169   -5685.5608  0.2777 
   00101    0.7364   -5725.2914  0.2705 
   00102    0.7250   -5737.6933  0.2758 
   00103    0.7392   -5795.3087  0.2821 
   00104    0.7278   -5797.0301  0.2746 
   00105    0.7269   -5694.6571  0.2650 
   00106    0.7339   -5666.6405  0.2683 
   00107    0.7353   -5703.6718  0.2682 
   00108    0.7425   -5687.2705  0.2528 
   00109    0.7175   -5797.7050  0.2621 
   00110    0.7186   -5749.3541  0.2667 
   00111    0.7294   -5749.1777  0.2658 
   00112    0.7336   -5595.7426  0.2692 
   00113    0.7347   -5636.9410  0.2697 
   00114    0.7308   -5504.7401  0.2660 
   00115    0.7328   -5743.8400  0.2673 
   00116    0.7342   -5740.2092  0.2750 
   00117    0.7442   -5710.5695  0.2752 
   00118    0.7347   -5524.6532  0.2610 
   00119    0.7328   -5647.1666  0.2788 
   00120    0.7297   -5778.5400  0.2597 
   00121    0.7356   -5731.1895  0.2600 
   00122    0.7325   -5723.5118  0.2607 
   00123    0.7392   -5648.8587  0.2679 
   00124    0.7297   -5791.6557  0.2653 
   00125    0.7289   -5737.9722  0.2665 
   00126    0.7406   -5592.8631  0.2816 
   00127    0.7303   -5722.4705  0.2741 
   00128    0.7378   -5700.5078  0.2763 
   00129    0.7269   -5661.6987  0.2581 
   00130    0.7350   -5679.8243  0.2595 
   00131    0.7300   -5852.0411  0.2689 
   00132    0.7394   -5757.9477  0.2683 
   00133    0.7261   -5671.9282  0.2754 
   00134    0.7361   -5642.2249  0.2674 
   00135    0.7367   -5747.6066  0.2729 
   00136    0.7333   -5774.0408  0.2658 
   00137    0.7236   -5728.9488  0.2572 
   00138    0.7203   -5677.0178  0.2599 
   00139    0.7347   -5609.1184  0.2678 
   00140    0.7364   -5597.4465  0.2755 
   00141    0.7450   -5742.0423  0.2730 
   00142    0.7211   -5717.3676  0.2521 
   00143    0.7289   -5601.6289  0.2653 
   00144    0.7339   -5457.3834  0.2794 
   00145    0.7217   -5754.6687  0.2760 
   00146    0.7381   -5660.6467  0.2599 
   00147    0.7392   -5657.0986  0.2591 
   00148    0.7222   -5655.7915  0.2729 
   00149    0.7403   -5724.1427  0.2718 
   00150    0.7197   -5779.5048  0.2579 
   00151    0.7272   -5818.0027  0.2709 
   00152    0.7258   -5794.2842  0.2611 
   00153    0.7328   -5838.8009  0.2592 
   00154    0.7272   -5766.2303  0.2573 
   00155    0.7439   -5590.1505  0.2542 
   00156    0.7372   -5596.3292  0.2527 
   00157    0.7228   -5624.9777  0.2617 
   00158    0.7278   -5572.5319  0.2602 
   00159    0.7361   -5616.1027  0.2588 
   00160    0.7294   -5619.6946  0.2531 
   00161    0.7258   -5656.4824  0.2643 
   00162    0.7286   -5671.4519  0.2726 
   00163    0.7461   -5431.1265  0.2617 
   00164    0.7303   -5595.6492  0.2811 
   00165    0.7369   -5536.4194  0.2732 
   00166    0.7392   -5581.0906  0.2751 
   00167    0.7250   -5688.8732  0.2827 
   00168    0.7175   -5851.9458  0.2616 
   00169    0.7053   -5854.7476  0.2609 
   00170    0.7183   -5734.5558  0.2693 
   00171    0.7361   -5718.5991  0.2642 
   00172    0.7217   -5643.4894  0.2604 
   00173    0.7353   -5603.0165  0.2693 
   00174    0.7425   -5668.7058  0.2778 
   00175    0.7208   -5660.2621  0.2792 
   00176    0.7306   -5827.3220  0.2768 
   00177    0.7139   -5725.2284  0.2707 
   00178    0.7394   -5755.4893  0.2676 
   00179    0.7336   -5691.1354  0.2725 
   00180    0.7364   -5643.0369  0.2657 
   00181    0.7300   -5784.0781  0.2557 
   00182    0.7350   -5519.3887  0.2577 
   00183    0.7383   -5655.2617  0.2682 
   00184    0.7153   -5783.8837  0.2611 
   00185    0.7175   -5632.7335  0.2640 
   00186    0.7272   -5618.5007  0.2588 
   00187    0.7292   -5653.0965  0.2563 
   00188    0.7317   -5654.4862  0.2523 
   00189    0.7094   -5831.5685  0.2644 
   00190    0.7150   -5826.5857  0.2650 
   00191    0.7214   -5722.4816  0.2579 
   00192    0.7389   -5634.1577  0.2607 
   00193    0.7428   -5737.5704  0.2691 
   00194    0.7186   -5807.6595  0.2867 
   00195    0.7181   -5693.7772  0.2813 
   00196    0.7297   -5842.7254  0.2780 
   00197    0.7217   -5869.0209  0.2591 
   00198    0.7306   -5720.8669  0.2747 
   00199    0.7261   -5621.3155  0.2593 
   00200    0.7333   -5584.5362  0.2622 
   00201    0.7364   -5509.8486  0.2582 
   00202    0.7281   -5650.1972  0.2581 
   00203    0.7275   -5732.7275  0.2562 
   00204    0.7169   -5838.3288  0.2620 
   00205    0.7264   -5926.2476  0.2533 
   00206    0.7192   -5768.4902  0.2580 
   00207    0.7403   -5709.8362  0.2663 
   00208    0.7231   -5687.3617  0.2612 
   00209    0.7292   -5589.3292  0.2642 
   00210    0.7386   -5808.2923  0.2669 
   00211    0.7106   -5804.5057  0.2596 
   00212    0.7317   -5809.1632  0.2565 
   00213    0.7150   -5754.6119  0.2643 
   00214    0.7189   -5859.7034  0.2546 
   00215    0.7194   -5740.3736  0.2694 
   00216    0.7133   -5960.5540  0.2671 
   00217    0.7111   -5733.5904  0.2711 
   00218    0.7314   -5642.1846  0.2616 
   00219    0.7253   -5716.5755  0.2622 
   00220    0.7158   -5754.7790  0.2706 
   00221    0.7200   -5798.1477  0.2771 
   00222    0.7319   -5936.7240  0.2650 
   00223    0.7250   -5883.8444  0.2899 
   00224    0.7303   -5679.6369  0.2859 
   00225    0.7325   -5706.1260  0.2731 
   00226    0.7311   -5685.8033  0.2790 
   00227    0.7350   -5647.8286  0.2690 
   00228    0.7328   -5748.2890  0.2750 
   00229    0.7314   -5742.6509  0.2746 
   00230    0.7269   -5801.3711  0.2803 
   00231    0.7203   -5800.5374  0.2800 
   00232    0.7225   -5910.2051  0.2771 
   00233    0.7144   -5774.5596  0.2704 
   00234    0.7189   -5849.5030  0.2678 
   00235    0.7103   -5841.8995  0.2743 
   00236    0.7303   -5877.9727  0.2811 
   00237    0.7178   -5939.4530  0.2754 
   00238    0.7244   -5885.7814  0.2669 
   00239    0.7214   -5806.8015  0.2658 
   00240    0.7331   -5661.6326  0.2642 
   00241    0.7511   -5630.7228  0.2785 
   00242    0.7092   -5690.2738  0.2651 
   00243    0.7325   -5920.9436  0.2828 
   00244    0.7175   -5933.1509  0.2845 
   00245    0.7178   -5924.5002  0.2890 
   00246    0.7256   -5790.3004  0.2780 
   00247    0.7203   -5790.6442  0.2648 
   00248    0.7381   -5667.0063  0.2687 
   00249    0.7175   -5751.5398  0.2747 
   00250    0.7069   -5855.5714  0.2734 
   00251    0.7072   -5891.5149  0.2695 
   00252    0.7175   -5852.0834  0.2664 
   00253    0.7328   -5817.5381  0.2695 
   00254    0.7214   -5816.1101  0.2745 
   00255    0.7267   -5816.8851  0.2616 
   00256    0.7203   -5732.8292  0.2569 
   00257    0.7325   -5685.2589  0.2635 
   00258    0.7489   -5623.3019  0.2653 
   00259    0.7294   -5569.4837  0.2621 
   00260    0.7317   -5643.1328  0.2657 
   00261    0.7433   -5606.6871  0.2613 
   00262    0.7322   -5604.3506  0.2787 
   00263    0.7194   -5756.3649  0.2778 
   00264    0.7319   -5720.8855  0.2778 
   00265    0.7217   -5850.5359  0.2858 
   00266    0.7331   -5778.6430  0.2727 
   00267    0.7242   -5814.8439  0.2713 
   00268    0.7206   -5734.3460  0.2595 
   00269    0.7281   -5608.0330  0.2556 
   00270    0.7258   -5554.3428  0.2625 
   00271    0.7361   -5688.0756  0.2691 
   00272    0.7228   -5883.3311  0.2755 
   00273    0.7253   -5902.2120  0.2636 
   00274    0.7258   -5783.0543  0.2631 
   00275    0.7061   -5819.5129  0.2611 
   00276    0.7158   -5731.4910  0.2515 
   00277    0.7194   -5790.6632  0.2658 
   00278    0.7092   -5807.9744  0.2594 
   00279    0.7164   -5645.0383  0.2626 
   00280    0.7192   -5763.5125  0.2532 
   00281    0.7253   -5795.8380  0.2641 
   00282    0.7144   -5666.9389  0.2697 
   00283    0.7219   -5718.1990  0.2569 
   00284    0.7289   -5858.9077  0.2643 
   00285    0.7189   -5923.1894  0.2688 
   00286    0.7139   -5951.5190  0.2750 
   00287    0.7186   -5905.4452  0.2565 
   00288    0.7117   -5869.6296  0.2601 
   00289    0.7258   -5791.5009  0.2564 
   00290    0.7197   -5855.2314  0.2696 
   00291    0.7161   -5913.3862  0.2625 
   00292    0.7275   -5793.6547  0.2520 
   00293    0.7158   -5840.4461  0.2548 
   00294    0.7250   -5787.2462  0.2563 
   00295    0.7225   -5788.4873  0.2706 
   00296    0.7250   -5682.9490  0.2785 
   00297    0.7253   -5761.8986  0.2699 
   00298    0.7417   -5676.2225  0.2561 
   00299    0.7297   -5794.4792  0.2553 
   00300    0.7283   -5681.7615  0.2626 
   00301    0.7264   -5691.8109  0.2574 
   00302    0.7097   -5753.6043  0.2617 
   00303    0.7169   -5882.4430  0.2665 
   00304    0.7250   -5763.4973  0.2587 
   00305    0.7194   -5609.4043  0.2623 
   00306    0.7333   -5609.2372  0.2528 
   00307    0.7286   -5736.3037  0.2758 
   00308    0.7333   -5569.8244  0.2688 
   00309    0.7414   -5592.2171  0.2822 
   00310    0.7275   -5737.2710  0.2771 
   00311    0.7289   -5596.4267  0.2795 
   00312    0.7247   -5593.2941  0.2615 
   00313    0.7250   -5659.5292  0.2526 
   00314    0.7289   -5744.2515  0.2619 
   00315    0.7294   -5850.2911  0.2670 
   00316    0.7269   -5770.0445  0.2612 
   00317    0.7175   -5773.3701  0.2690 
   00318    0.7225   -5706.0047  0.2691 
   00319    0.7192   -5604.7570  0.2639 
   00320    0.7344   -5593.3185  0.2599 
   00321    0.7267   -5646.0153  0.2669 
   00322    0.7347   -5683.0973  0.2677 
   00323    0.7333   -5656.6625  0.2618 
   00324    0.7219   -5782.6610  0.2665 
   00325    0.7250   -5971.8985  0.2599 
   00326    0.7117   -5987.5866  0.2642 
   00327    0.7303   -5858.9365  0.2665 
   00328    0.7128   -5919.9790  0.2822 
   00329    0.7125   -5925.6130  0.2713 
   00330    0.7189   -5994.9536  0.2605 
   00331    0.7181   -5824.6204  0.2509 
   00332    0.7394   -5816.8319  0.2650 
   00333    0.7222   -5750.6521  0.2646 
   00334    0.7325   -5701.6608  0.2567 
   00335    0.7406   -5605.1609  0.2782 
   00336    0.7422   -5774.2789  0.2720 
   00337    0.7233   -5825.3359  0.2742 
   00338    0.7419   -5710.4638  0.2642 
   00339    0.7186   -5651.3628  0.2674 
   00340    0.7078   -5863.1264  0.2721 
   00341    0.7342   -5757.5373  0.2705 
   00342    0.7158   -5816.0461  0.2632 
   00343    0.7317   -5774.4470  0.2519 
   00344    0.7297   -5811.6338  0.2598 
   00345    0.7389   -5593.6557  0.2548 
   00346    0.7228   -5690.6789  0.2708 
   00347    0.7292   -5750.8667  0.2612 
   00348    0.7322   -5882.1610  0.2566 
   00349    0.7261   -5750.2642  0.2608 
   00350    0.7119   -5948.3410  0.2584 
   00351    0.7169   -5849.9937  0.2682 
   00352    0.7225   -5705.5553  0.2682 
   00353    0.7342   -5716.9446  0.2751 
   00354    0.7275   -5733.1960  0.2677 
   00355    0.7189   -5811.0262  0.2672 
   00356    0.7222   -5662.0663  0.2682 
   00357    0.7222   -5742.0741  0.2652 
   00358    0.7336   -5806.7613  0.2566 
   00359    0.7197   -5699.1365  0.2593 
   00360    0.7344   -5736.6628  0.2649 
   00361    0.7142   -5795.8623  0.2585 
   00362    0.7217   -5733.6254  0.2711 
   00363    0.7247   -5714.5437  0.2648 
   00364    0.7372   -5757.3088  0.2574 
   00365    0.7078   -5816.1344  0.2639 
   00366    0.7117   -5892.6335  0.2641 
   00367    0.7244   -5740.9454  0.2622 
   00368    0.7256   -5793.0155  0.2601 
   00369    0.7117   -5898.2371  0.2677 
   00370    0.7197   -5945.7758  0.2677 
   00371    0.7067   -5818.3330  0.2716 
   00372    0.7239   -5648.3244  0.2675 
   00373    0.7203   -5669.6643  0.2590 
   00374    0.7286   -5690.2988  0.2631 
   00375    0.7447   -5716.1631  0.2775 
   00376    0.7378   -5755.4166  0.2749 
   00377    0.7022   -5943.5509  0.2668 
   00378    0.7114   -5728.9884  0.2724 
   00379    0.7197   -5861.7803  0.2710 
   00380    0.7078   -5838.2372  0.2587 
   00381    0.7222   -5900.3724  0.2621 
   00382    0.7139   -5907.1056  0.2519 
   00383    0.7336   -5709.2278  0.2585 
   00384    0.7403   -5814.7327  0.2578 
   00385    0.7244   -5893.2193  0.2513 
   00386    0.6997   -5876.1842  0.2617 
   00387    0.7144   -5807.9638  0.2659 
   00388    0.7303   -5708.3958  0.2588 
   00389    0.7247   -5836.3634  0.2532 
   00390    0.7267   -5825.8842  0.2558 
   00391    0.7103   -5905.7280  0.2513 
   00392    0.7281   -5778.3354  0.2618 
   00393    0.7228   -5814.9834  0.2633 
   00394    0.7300   -5831.9430  0.2693 
   00395    0.7189   -5806.4305  0.2583 
   00396    0.7381   -5881.4992  0.2608 
   00397    0.7311   -5876.5625  0.2596 
   00398    0.7211   -5745.4330  0.2650 
   00399    0.7300   -5704.6520  0.2672 
   00400    0.7364   -5743.4948  0.2584 
   00401    0.7231   -5765.4832  0.2555 
   00402    0.7250   -5852.7151  0.2543 
   00403    0.7131   -5807.6332  0.2566 
   00404    0.7172   -5716.0460  0.2692 
   00405    0.7311   -5813.5341  0.2764 
   00406    0.7189   -5772.8820  0.2639 
   00407    0.7275   -5655.9833  0.2547 
   00408    0.7214   -5741.9233  0.2698 
   00409    0.7297   -5704.7043  0.2686 
   00410    0.7261   -5765.0481  0.2669 
   00411    0.7242   -5671.4129  0.2652 
   00412    0.7286   -5713.5692  0.2837 
   00413    0.7117   -5661.8893  0.2735 
   00414    0.7378   -5754.2321  0.2766 
   00415    0.7397   -5702.5567  0.2735 
   00416    0.7294   -5823.9490  0.2599 
   00417    0.7300   -5854.1083  0.2577 
   00418    0.7183   -5816.2229  0.2622 
   00419    0.7250   -5757.2066  0.2576 
   00420    0.7278   -5717.9224  0.2611 
   00421    0.7353   -5830.5603  0.2631 
   00422    0.7169   -5623.0730  0.2712 
   00423    0.7225   -5730.3099  0.2540 
   00424    0.7236   -5691.7615  0.2519 
   00425    0.7264   -5528.9324  0.2585 
   00426    0.7361   -5684.9061  0.2540 
   00427    0.7278   -5640.9653  0.2646 
   00428    0.7456   -5740.1213  0.2790 
   00429    0.7061   -5785.3877  0.2803 
   00430    0.7222   -5840.5718  0.2827 
   00431    0.7311   -5763.3603  0.2627 
   00432    0.7072   -5898.3252  0.2625 
   00433    0.7214   -5840.4110  0.2614 
   00434    0.7133   -5966.3868  0.2615 
   00435    0.7147   -5894.3290  0.2610 
   00436    0.7297   -5868.5901  0.2622 
   00437    0.7247   -5650.7866  0.2546 
   00438    0.7564   -5648.0114  0.2593 
   00439    0.7369   -5570.4124  0.2608 
   00440    0.7258   -5768.9704  0.2577 
   00441    0.7247   -5682.7206  0.2656 
   00442    0.7381   -5764.4993  0.2566 
   00443    0.7158   -5716.3521  0.2541 
   00444    0.7244   -5698.0619  0.2635 
   00445    0.7233   -5621.9715  0.2829 
   00446    0.7389   -5522.6900  0.2777 
   00447    0.7331   -5573.4063  0.2759 
   00448    0.7206   -5739.9057  0.2624 
   00449    0.7219   -5713.9680  0.2674 
   00450    0.7225   -5655.3871  0.2632 
   00451    0.7381   -5634.4276  0.2552 
   00452    0.7314   -5627.0026  0.2654 
   00453    0.7322   -5858.1994  0.2626 
   00454    0.7344   -5766.4109  0.2650 
   00455    0.7158   -5743.7831  0.2702 
   00456    0.7339   -5722.1582  0.2629 
   00457    0.7364   -5707.9318  0.2691 
   00458    0.7256   -5657.4137  0.2654 
   00459    0.7203   -5691.3895  0.2607 
   00460    0.7250   -5669.8481  0.2565 
   00461    0.7292   -5625.4413  0.2616 
   00462    0.7331   -5686.5324  0.2678 
   00463    0.7339   -5542.5891  0.2748 
   00464    0.7450   -5627.6796  0.2630 
   00465    0.7322   -5790.8508  0.2765 
   00466    0.7306   -5626.0675  0.2671 
   00467    0.7319   -5789.1154  0.2582 
   00468    0.7047   -6000.2533  0.2669 
   00469    0.7178   -5877.2280  0.2747 
   00470    0.7267   -5773.8155  0.2664 
   00471    0.7236   -5771.5166  0.2741 
   00472    0.7133   -5808.2331  0.2767 
   00473    0.7250   -5900.8316  0.2828 
   00474    0.7178   -5846.4034  0.2883 
   00475    0.7114   -5820.2346  0.2852 
   00476    0.7244   -5737.7772  0.2791 
   00477    0.7256   -5814.8557  0.2684 
   00478    0.7217   -5710.5522  0.2664 
   00479    0.7286   -5801.0091  0.2630 
   00480    0.7197   -5701.9679  0.2522 
   00481    0.7325   -5667.9000  0.2646 
   00482    0.7347   -5729.3614  0.2666 
   00483    0.7144   -5859.5574  0.2563 
   00484    0.7156   -5866.5930  0.2558 
   00485    0.7283   -5824.1858  0.2574 
   00486    0.7206   -5676.1265  0.2571 
   00487    0.7333   -5715.8427  0.2609 
   00488    0.7389   -5788.3534  0.2619 
   00489    0.7339   -5745.7603  0.2600 
   00490    0.7194   -5645.9670  0.2744 
   00491    0.7328   -5715.1237  0.2654 
   00492    0.7289   -5728.0164  0.2642 
   00493    0.7319   -5772.3387  0.2663 
   00494    0.7225   -5674.7019  0.2724 
   00495    0.7278   -5669.4500  0.2621 
   00496    0.7292   -5855.3846  0.2714 
   00497    0.7186   -5829.2393  0.2701 
   00498    0.7242   -5687.0891  0.2807 
   00499    0.7081   -5674.0909  0.2650 
   00500    0.7206   -5779.2450  0.2666 
   00501    0.7256   -5912.1066  0.2722 
   00502    0.7242   -5833.4620  0.2659 
   00503    0.7178   -5849.5063  0.2548 
   00504    0.7156   -5803.9663  0.2657 
   00505    0.7306   -5694.4632  0.2593 
   00506    0.7467   -5661.3451  0.2611 
   00507    0.7300   -5738.4317  0.2538 
   00508    0.7369   -5599.1967  0.2732 
   00509    0.7306   -5660.3887  0.2657 
   00510    0.7425   -5769.3530  0.2702 
   00511    0.7283   -5593.1162  0.2590 
   00512    0.7408   -5593.1261  0.2593 
   00513    0.7267   -5734.2252  0.2657 
   00514    0.7242   -5906.4503  0.2596 
   00515    0.7089   -5769.0124  0.2773 
   00516    0.7158   -5813.0752  0.2676 
   00517    0.7247   -5648.3979  0.2683 
   00518    0.7233   -5709.2350  0.2733 
   00519    0.7219   -5694.3848  0.2685 
   00520    0.7369   -5474.9295  0.2646 
   00521    0.7406   -5665.3224  0.2601 
   00522    0.7406   -5744.3308  0.2611 
   00523    0.7394   -5819.1325  0.2605 
   00524    0.7233   -5836.8130  0.2651 
   00525    0.7219   -5653.8952  0.2705 
   00526    0.7372   -5687.7199  0.2658 
   00527    0.7281   -5634.1733  0.2713 
   00528    0.7228   -5788.0751  0.2769 
   00529    0.7275   -5621.6043  0.2769 
   00530    0.7475   -5554.8649  0.2669 
   00531    0.7375   -5640.1318  0.2789 
   00532    0.7356   -5627.8855  0.2848 
   00533    0.7364   -5788.2441  0.2852 
   00534    0.7311   -5709.7927  0.2741 
   00535    0.7325   -5567.2115  0.2926 
   00536    0.7425   -5591.9293  0.2760 
   00537    0.7439   -5605.6933  0.2879 
   00538    0.7319   -5731.8902  0.2884 
   00539    0.7058   -5866.4403  0.2758 
   00540    0.7214   -5723.4110  0.2808 
   00541    0.7222   -5802.0820  0.2762 
   00542    0.7331   -5705.0034  0.2774 
   00543    0.7100   -5677.2662  0.2867 
   00544    0.7261   -5820.7771  0.2784 
   00545    0.7294   -5986.2536  0.2817 
   00546    0.7183   -5835.2090  0.2924 
   00547    0.7231   -5773.9493  0.2778 
   00548    0.7222   -5678.9395  0.2695 
   00549    0.7292   -5631.1791  0.2696 
   00550    0.7233   -5806.4072  0.2676 
   00551    0.7314   -5773.9535  0.2630 
   00552    0.7283   -5764.0026  0.2557 
   00553    0.7275   -5700.3007  0.2629 
   00554    0.7372   -5771.4601  0.2702 
   00555    0.7211   -5858.7252  0.2670 
   00556    0.7314   -5718.3974  0.2545 
   00557    0.7164   -5566.7828  0.2661 
   00558    0.7333   -5492.1611  0.2677 
   00559    0.7267   -5685.4533  0.2677 
   00560    0.7447   -5590.9879  0.2582 
   00561    0.7100   -5754.6495  0.2559 
   00562    0.7306   -5726.4199  0.2588 
   00563    0.7194   -5739.0542  0.2585 
   00564    0.6983   -5874.9559  0.2600 
   00565    0.7181   -5628.6330  0.2678 
   00566    0.7297   -5598.9060  0.2719 
   00567    0.7289   -5607.9064  0.2581 
   00568    0.7406   -5751.3050  0.2672 
   00569    0.7303   -5823.0951  0.2672 
   00570    0.7336   -5850.7595  0.2685 
   00571    0.7147   -5737.1544  0.2554 
   00572    0.7233   -5666.5887  0.2625 
   00573    0.7358   -5605.8769  0.2649 
   00574    0.7200   -5740.8707  0.2578 
   00575    0.7294   -5666.9493  0.2568 
   00576    0.7322   -5771.0159  0.2550 
   00577    0.7267   -5692.0261  0.2584 
   00578    0.7136   -5673.7806  0.2741 
   00579    0.7314   -5652.4012  0.2742 
   00580    0.7239   -5738.2900  0.2679 
   00581    0.7258   -5708.1504  0.2706 
   00582    0.7169   -6059.2853  0.2646 
   00583    0.7103   -5825.9978  0.2686 
   00584    0.7267   -5757.3207  0.2653 
   00585    0.7150   -5756.0920  0.2638 
   00586    0.7214   -5766.5572  0.2636 
   00587    0.7244   -5633.9879  0.2794 
   00588    0.7339   -5657.0054  0.2714 
   00589    0.7236   -5677.1955  0.2625 
   00590    0.7303   -5607.8058  0.2621 
   00591    0.7356   -5686.8216  0.2599 
   00592    0.7456   -5704.0867  0.2557 
   00593    0.7294   -5675.7511  0.2530 
   00594    0.7247   -5768.6445  0.2576 
   00595    0.7167   -5712.5032  0.2674 
   00596    0.7344   -5722.9334  0.2689 
   00597    0.7242   -5759.2463  0.2651 
   00598    0.7250   -5608.1618  0.2557 
   00599    0.7189   -5802.0368  0.2606 
   00600    0.7311   -5681.0884  0.2758 
   00601    0.7242   -5703.2988  0.2745 
   00602    0.7364   -5941.7089  0.2725 
   00603    0.7089   -5836.4505  0.2625 
   00604    0.7172   -5950.0424  0.2702 
   00605    0.7178   -5825.4776  0.2592 
   00606    0.7314   -5593.4348  0.2684 
   00607    0.7175   -5559.6758  0.2593 
   00608    0.7414   -5492.8579  0.2573 
   00609    0.7475   -5619.9902  0.2521 
   00610    0.7283   -5749.8524  0.2600 
   00611    0.7197   -5636.1743  0.2719 
   00612    0.7253   -5496.7147  0.2731 
   00613    0.7450   -5469.0818  0.2606 
   00614    0.7447   -5380.9353  0.2658 
   00615    0.7336   -5710.1778  0.2783 
   00616    0.7322   -5762.9904  0.2879 
   00617    0.7192   -5758.7355  0.2826 
   00618    0.7328   -5779.3088  0.2617 
   00619    0.7242   -5822.4270  0.2594 
   00620    0.7253   -5716.6481  0.2644 
   00621    0.7258   -5604.0462  0.2642 
   00622    0.7239   -5617.7817  0.2716 
   00623    0.7278   -5716.4601  0.2569 
   00624    0.7322   -5610.7007  0.2657 
   00625    0.7158   -5810.3881  0.2676 
   00626    0.7228   -5777.6522  0.2677 
   00627    0.7156   -5879.9636  0.2647 
   00628    0.7261   -5891.3787  0.2589 
   00629    0.7108   -5814.0731  0.2745 
   00630    0.7286   -5678.9637  0.2767 
   00631    0.7197   -5804.6811  0.2742 
   00632    0.7225   -5729.6436  0.2775 
   00633    0.7264   -5630.6170  0.2832 
   00634    0.7269   -5649.1369  0.2823 
   00635    0.7286   -5741.8690  0.2737 
   00636    0.7386   -5700.2345  0.2858 
   00637    0.7153   -5662.9276  0.2732 
   00638    0.7211   -5819.0805  0.2750 
   00639    0.7203   -5721.4913  0.2764 
   00640    0.7436   -5782.8500  0.2895 
   00641    0.7211   -5903.8025  0.2916 
   00642    0.7197   -5969.3652  0.2858 
   00643    0.7042   -5827.6689  0.2713 
   00644    0.7228   -5689.1398  0.2658 
   00645    0.7272   -5737.8342  0.2678 
   00646    0.7225   -5772.2549  0.2641 
   00647    0.7247   -5845.9997  0.2574 
   00648    0.7114   -5774.1779  0.2557 
   00649    0.7311   -5632.1912  0.2605 
   00650    0.7208   -5799.9191  0.2543 
   00651    0.7228   -5727.0618  0.2736 
   00652    0.7211   -5735.7066  0.2788 
   00653    0.7197   -5796.8140  0.2773 
   00654    0.7231   -5906.1362  0.2781 
   00655    0.7450   -5691.5732  0.2722 
   00656    0.7411   -5743.7980  0.2571 
   00657    0.7161   -5758.4857  0.2571 
   00658    0.7267   -5713.5138  0.2526 
   00659    0.7231   -5810.0375  0.2541 
   00660    0.7283   -5790.0513  0.2634 
   00661    0.7333   -5637.9247  0.2639 
   00662    0.7331   -5765.6256  0.2734 
   00663    0.7275   -5724.4004  0.2693 
   00664    0.7325   -5796.1129  0.2626 
   00665    0.7317   -5749.5754  0.2692 
   00666    0.7361   -5717.4698  0.2602 
   00667    0.7367   -5715.1687  0.2590 
   00668    0.7319   -5648.6328  0.2601 
   00669    0.7322   -5823.0612  0.2591 
   00670    0.7200   -5666.5138  0.2643 
   00671    0.7411   -5724.1393  0.2769 
   00672    0.7244   -5864.0031  0.2710 
   00673    0.7314   -5891.3100  0.2729 
   00674    0.7183   -5824.6177  0.2764 
   00675    0.7286   -5757.9967  0.2727 
   00676    0.7236   -5820.5596  0.2729 
   00677    0.7144   -5779.1797  0.2692 
   00678    0.7378   -5658.5968  0.2780 
   00679    0.7331   -5669.2686  0.2872 
   00680    0.7319   -5783.6325  0.2857 
   00681    0.7186   -5754.4931  0.2840 
   00682    0.7161   -5790.1670  0.2826 
   00683    0.7161   -5662.5721  0.2697 
   00684    0.7211   -5750.9304  0.2769 
   00685    0.7317   -5657.6891  0.2812 
   00686    0.7233   -5744.4465  0.2793 
   00687    0.7294   -5831.3622  0.2824 
   00688    0.7233   -5714.0140  0.2553 
   00689    0.7386   -5634.8187  0.2625 
   00690    0.7331   -5697.9197  0.2693 
   00691    0.7414   -5782.7387  0.2654 
   00692    0.7147   -5796.9902  0.2621 
   00693    0.7175   -5699.8105  0.2594 
   00694    0.7281   -5751.3212  0.2610 
   00695    0.7303   -5715.3604  0.2646 
   00696    0.7233   -5762.9699  0.2801 
   00697    0.7267   -5723.6110  0.2740 
   00698    0.7292   -5719.9763  0.2796 
   00699    0.7228   -5822.8783  0.2678 
   00700    0.7361   -5764.5715  0.2603 
   00701    0.7125   -5708.1165  0.2788 
   00702    0.7108   -5676.6134  0.2873 
   00703    0.7222   -5709.2495  0.2867 
   00704    0.7300   -5600.9434  0.2616 
   00705    0.7236   -5790.0892  0.2710 
   00706    0.7183   -5850.4826  0.2682 
   00707    0.7239   -5784.0572  0.2739 
   00708    0.7272   -5802.5210  0.2779 
   00709    0.7308   -5741.5134  0.2640 
   00710    0.7292   -5573.7840  0.2726 
   00711    0.7333   -5615.8486  0.2682 
   00712    0.7164   -5718.9188  0.2773 
   00713    0.7281   -5836.3464  0.2716 
   00714    0.7239   -5979.0608  0.2790 
   00715    0.7131   -5715.8007  0.2823 
   00716    0.7311   -5851.6707  0.2790 
   00717    0.7411   -5794.8380  0.2724 
   00718    0.7153   -5791.9927  0.2576 
   00719    0.7272   -5687.5828  0.2585 
   00720    0.7431   -5625.8358  0.2724 
   00721    0.7319   -5805.7327  0.2635 
   00722    0.7275   -5752.6081  0.2528 
   00723    0.7153   -5649.7656  0.2603 
   00724    0.7253   -5593.3992  0.2538 
   00725    0.7392   -5743.6830  0.2574 
   00726    0.7225   -5736.3088  0.2573 
   00727    0.7228   -5524.6196  0.2555 
   00728    0.7444   -5718.9654  0.2731 
   00729    0.7353   -5690.2740  0.2965 
   00730    0.7333   -5705.4982  0.3096 
   00731    0.7314   -5718.1545  0.2962 
   00732    0.7336   -5809.2124  0.2900 
   00733    0.7347   -5854.1679  0.2974 
   00734    0.7053   -5812.5690  0.2886 
   00735    0.7306   -5715.0041  0.2726 
   00736    0.7281   -5735.5627  0.2817 
   00737    0.7394   -5777.2196  0.2774 
   00738    0.7342   -5708.6095  0.2910 
   00739    0.7297   -5704.2128  0.2955 
   00740    0.7136   -5705.2130  0.2970 
   00741    0.7242   -5731.1158  0.2874 
   00742    0.7317   -5702.7143  0.2586 
   00743    0.7264   -5591.1593  0.2592 
   00744    0.7317   -5605.7438  0.2574 
   00745    0.7339   -5656.4204  0.2695 
   00746    0.7325   -5697.0648  0.2656 
   00747    0.7300   -5765.0075  0.2565 
   00748    0.7381   -5707.8363  0.2557 
   00749    0.7447   -5717.3605  0.2629 
   00750    0.7317   -5651.8870  0.2590 
   00751    0.7261   -5644.6402  0.2672 
   00752    0.7283   -5668.8680  0.2560 
   00753    0.7403   -5610.9393  0.2663 
   00754    0.7197   -5683.0075  0.2577 
   00755    0.7203   -5781.9852  0.2627 
   00756    0.7211   -5762.5685  0.2668 
   00757    0.7211   -5841.1746  0.2695 
   00758    0.7208   -5697.9943  0.2594 
   00759    0.7308   -5726.7310  0.2793 
   00760    0.7319   -5642.1318  0.2880 
   00761    0.7306   -5709.5249  0.2787 
   00762    0.7286   -5854.6988  0.2878 
   00763    0.7217   -5784.9451  0.2757 
   00764    0.7167   -5676.7139  0.2824 
   00765    0.7244   -5772.0283  0.2806 
   00766    0.7211   -5897.3225  0.2638 
   00767    0.7194   -5806.9098  0.2683 
   00768    0.7197   -5704.2598  0.2603 
   00769    0.7336   -5815.7229  0.2726 
   00770    0.7297   -5666.7097  0.2835 
   00771    0.7358   -5584.2288  0.2872 
   00772    0.7333   -5644.1337  0.2868 
   00773    0.7328   -5758.7798  0.2818 
   00774    0.7261   -5840.1388  0.2771 
   00775    0.7161   -5882.0555  0.2782 
   00776    0.7225   -5753.2675  0.2924 
   00777    0.7125   -5810.3958  0.2734 
   00778    0.7214   -5839.1967  0.2673 
   00779    0.7281   -5767.4004  0.2601 
   00780    0.7258   -5683.5718  0.2602 
   00781    0.7319   -5737.2692  0.2546 
   00782    0.7142   -5777.1805  0.2528 
   00783    0.7233   -5556.8889  0.2592 
   00784    0.7178   -5562.6371  0.2515 
   00785    0.7122   -5663.8733  0.2565 
   00786    0.7333   -5665.7777  0.2612 
   00787    0.7269   -5819.3200  0.2596 
   00788    0.7208   -5653.4436  0.2591 
   00789    0.7381   -5653.8519  0.2572 
   00790    0.7217   -5783.3514  0.2660 
   00791    0.7161   -5720.9075  0.2613 
   00792    0.7133   -5786.2170  0.2666 
   00793    0.7317   -5689.1013  0.2658 
   00794    0.7339   -5841.1890  0.2748 
   00795    0.7175   -5822.1815  0.2608 
   00796    0.7217   -5742.5990  0.2655 
   00797    0.7261   -5573.4483  0.2665 
   00798    0.7333   -5667.6546  0.2675 
   00799    0.7222   -5694.4312  0.2666 
   00800    0.7347   -5779.1297  0.2628 
   00801    0.7372   -5701.3343  0.2654 
   00802    0.7261   -5589.9561  0.2630 
   00803    0.7306   -5677.1033  0.2555 
   00804    0.7319   -5541.2728  0.2533 
   00805    0.7328   -5611.4629  0.2605 
   00806    0.7333   -5671.3527  0.2690 
   00807    0.7267   -5678.7667  0.2622 
   00808    0.7328   -5509.7137  0.2705 
   00809    0.7389   -5512.9024  0.2769 
   00810    0.7253   -5755.9542  0.2667 
   00811    0.7272   -5565.6379  0.2691 
   00812    0.7392   -5565.5344  0.2719 
   00813    0.7250   -5865.2344  0.2781 
   00814    0.7389   -5893.0205  0.2712 
   00815    0.7353   -5925.5768  0.2778 
   00816    0.7122   -5855.5467  0.2599 
   00817    0.7294   -5853.5228  0.2652 
   00818    0.7281   -5782.6477  0.2566 
   00819    0.7197   -5893.6456  0.2580 
   00820    0.7253   -5888.6686  0.2573 
   00821    0.7183   -5813.2657  0.2557 
   00822    0.7369   -5789.8177  0.2637 
   00823    0.7303   -5718.4486  0.2621 
   00824    0.7114   -5921.8685  0.2572 
   00825    0.7192   -5670.5492  0.2611 
   00826    0.7031   -5745.7305  0.2629 
   00827    0.7194   -5794.4431  0.2551 
   00828    0.7250   -5762.6157  0.2655 
   00829    0.7414   -5829.3476  0.2572 
   00830    0.7272   -5754.9405  0.2637 
   00831    0.7189   -5780.7473  0.2736 
   00832    0.7211   -5786.3360  0.2815 
   00833    0.7225   -5867.2378  0.2785 
   00834    0.7144   -5717.8567  0.2684 
   00835    0.7253   -5817.7538  0.2626 
   00836    0.7267   -5841.2667  0.2611 
   00837    0.7453   -5831.0862  0.2630 
   00838    0.7144   -5816.6642  0.2750 
   00839    0.7264   -5894.9464  0.2790 
   00840    0.7128   -5909.4599  0.2652 
   00841    0.7189   -5943.7278  0.2724 
   00842    0.7239   -5796.1750  0.2718 
   00843    0.7267   -5778.4158  0.2690 
   00844    0.7397   -5663.4280  0.2598 
   00845    0.7253   -5675.4863  0.2604 
   00846    0.7247   -5769.8662  0.2547 
   00847    0.7264   -5745.5076  0.2626 
   00848    0.7000   -5819.5161  0.2536 
   00849    0.7272   -5704.4930  0.2573 
   00850    0.7217   -5791.5590  0.2751 
   00851    0.7339   -5911.7550  0.2763 
   00852    0.7303   -6013.1315  0.2735 
   00853    0.7214   -5833.8175  0.2585 
   00854    0.7247   -5862.8971  0.2714 
   00855    0.7214   -5734.7491  0.2676 
   00856    0.7206   -5611.6247  0.2622 
   00857    0.7339   -5615.3658  0.2513 
   00858    0.7328   -5814.0523  0.2622 
   00859    0.7289   -5698.2932  0.2625 
   00860    0.7228   -5710.4513  0.2592 
   00861    0.7292   -5795.6583  0.2810 
   00862    0.7228   -5851.5406  0.2697 
   00863    0.7164   -5817.1464  0.2620 
   00864    0.7181   -5775.3576  0.2608 
   00865    0.7172   -5797.1833  0.2640 
   00866    0.7392   -5769.2883  0.2535 
   00867    0.7369   -5712.0182  0.2615 
   00868    0.7311   -5696.0796  0.2575 
   00869    0.7194   -5767.7356  0.2650 
   00870    0.7211   -5725.6482  0.2667 
   00871    0.7169   -5670.8764  0.2616 
   00872    0.7233   -5755.2263  0.2606 
   00873    0.7325   -5587.2085  0.2619 
   00874    0.7328   -5800.4105  0.2680 
   00875    0.7156   -5613.8562  0.2634 
   00876    0.7444   -5557.8708  0.2719 
   00877    0.7319   -5713.5937  0.2708 
   00878    0.7286   -5711.0361  0.2739 
   00879    0.7336   -5613.1333  0.2721 
   00880    0.7258   -5730.7783  0.2730 
   00881    0.7308   -5816.4809  0.2793 
   00882    0.7203   -5812.3320  0.2707 
   00883    0.7214   -5877.1716  0.2801 
   00884    0.7222   -5729.5697  0.2587 
   00885    0.7319   -5867.6221  0.2611 
   00886    0.7167   -5698.3667  0.2518 
   00887    0.7389   -5613.9566  0.2593 
   00888    0.7378   -5636.8451  0.2559 
   00889    0.7372   -5676.4990  0.2679 
   00890    0.7239   -5642.5494  0.2659 
   00891    0.7347   -5728.0670  0.2723 
   00892    0.7211   -5762.7361  0.2838 
   00893    0.7322   -5690.2052  0.2785 
   00894    0.7247   -5748.8068  0.2811 
   00895    0.7222   -5660.7979  0.2760 
   00896    0.7356   -5865.3202  0.2713 
   00897    0.7203   -5868.6391  0.2795 
   00898    0.7172   -5896.0094  0.2844 
   00899    0.7261   -5847.5978  0.2831 
   00900    0.7300   -5837.1143  0.2629 
   00901    0.7208   -5725.5393  0.2798 
   00902    0.7367   -5758.1858  0.2781 
   00903    0.7281   -5650.1961  0.2687 
   00904    0.7356   -5694.1480  0.2693 
   00905    0.7233   -5802.4290  0.2616 
   00906    0.7089   -5901.7429  0.2699 
   00907    0.7194   -5797.6328  0.2664 
   00908    0.7261   -5773.2683  0.2749 
   00909    0.7347   -5868.8525  0.2770 
   00910    0.7322   -5712.0455  0.2740 
   00911    0.7247   -5778.9510  0.2752 
   00912    0.7281   -5643.4227  0.2648 
   00913    0.7233   -5692.6387  0.2723 
   00914    0.7403   -5706.1019  0.2604 
   00915    0.7253   -5664.0762  0.2531 
   00916    0.7422   -5836.8743  0.2601 
   00917    0.7203   -5772.9175  0.2677 
   00918    0.7317   -5760.7489  0.2690 
   00919    0.7214   -5766.9027  0.2730 
   00920    0.7314   -5833.6072  0.2839 
   00921    0.7183   -5854.2426  0.2685 
   00922    0.7194   -5753.5465  0.2666 
   00923    0.7169   -5823.2370  0.2862 
   00924    0.7253   -5867.9637  0.2724 
   00925    0.7250   -5643.7547  0.2771 
   00926    0.7278   -5786.2564  0.2803 
   00927    0.7222   -5884.0512  0.2712 
   00928    0.7244   -5738.6828  0.2568 
   00929    0.7350   -5694.4153  0.2626 
   00930    0.7278   -5797.5000  0.2582 
   00931    0.7219   -5766.3931  0.2587 
   00932    0.7306   -5770.3747  0.2633 
   00933    0.7392   -5767.5654  0.2719 
   00934    0.7492   -5702.0359  0.2829 
   00935    0.7231   -5785.8220  0.2733 
   00936    0.7294   -5809.0478  0.2740 
   00937    0.7233   -5739.0888  0.2630 
   00938    0.7150   -5783.9876  0.2653 
   00939    0.7272   -5695.9161  0.2705 
   00940    0.7186   -5837.9716  0.2667 
   00941    0.7119   -5803.6110  0.2627 
   00942    0.7167   -5743.3875  0.2578 
   00943    0.7189   -5794.7076  0.2538 
   00944    0.7133   -5737.7827  0.2641 
   00945    0.7178   -5782.9418  0.2585 
   00946    0.7172   -5698.2503  0.2654 
   00947    0.7256   -5796.2418  0.2576 
   00948    0.7139   -5826.7471  0.2594 
   00949    0.7325   -5707.7993  0.2596 
   00950    0.7394   -5633.2186  0.2609 
   00951    0.7278   -5710.5248  0.2616 
   00952    0.7244   -5882.5890  0.2652 
   00953    0.7161   -5887.7935  0.2627 
   00954    0.7142   -5909.6063  0.2633 
   00955    0.7075   -5819.8849  0.2616 
   00956    0.7114   -5788.9584  0.2692 
   00957    0.7178   -5854.8250  0.2577 
   00958    0.7358   -5788.5458  0.2541 
   00959    0.7075   -5903.5786  0.2628 
   00960    0.7311   -5812.2479  0.2600 
   00961    0.7236   -5686.7442  0.2740 
   00962    0.7167   -5776.2164  0.2712 
   00963    0.7247   -5710.8338  0.2693 
   00964    0.7272   -5870.4741  0.2616 
   00965    0.7247   -5744.5282  0.2699 
   00966    0.7244   -5745.4081  0.2660 
   00967    0.7236   -5835.0950  0.2659 
   00968    0.7325   -5716.0160  0.2706 
   00969    0.7292   -5697.5752  0.2516 
   00970    0.7419   -5610.0065  0.2731 
   00971    0.7369   -5759.1144  0.2846 
   00972    0.7275   -5802.1359  0.2750 
   00973    0.7269   -5664.3659  0.2683 
   00974    0.7228   -5708.2278  0.2555 
   00975    0.7361   -5824.8181  0.2506 
   00976    0.7464   -5713.6566  0.2721 
   00977    0.7303   -5866.4106  0.2689 
   00978    0.7264   -5765.2493  0.2574 
   00979    0.7189   -5607.5450  0.2667 
   00980    0.7394   -5562.2159  0.2762 
   00981    0.7253   -5575.0920  0.2704 
   00982    0.7264   -5728.7538  0.2647 
   00983    0.7261   -5890.8598  0.2731 
   00984    0.7211   -5772.4356  0.2881 
   00985    0.7192   -5827.5160  0.2833 
   00986    0.7269   -5782.3855  0.2702 
   00987    0.7322   -5767.6111  0.2792 
   00988    0.7269   -5778.7121  0.2734 
   00989    0.7267   -5693.0152  0.2734 
   00990    0.7394   -5698.5635  0.2721 
   00991    0.7236   -5918.3853  0.2867 
   00992    0.7108   -6026.8249  0.2671 
   00993    0.7206   -5835.0285  0.2693 
   00994    0.7078   -5746.8469  0.2602 
   00995    0.7436   -5837.2720  0.2694 
   00996    0.7272   -5774.8029  0.2577 
   00997    0.7225   -5742.8135  0.2558 
   00998    0.7300   -5630.7146  0.2623 
   00999    0.7144   -5626.3578  0.2637 
   01000    0.7383   -5713.5581  0.2622 
