#=====================================================
# File created:        Mon-06-Nov-2023-at-10-50-04AM
# Size of lattice:     20x20
# Number of MC steps:  1000
# Reduced temperature: 0.600
# Run time (s):        10.549320
#=====================================================
# MC step:  Ratio:     Energy:   Order:
#=====================================================
   00000    0.5000    -399.7578  0.2806 
   00001    0.5400    -464.4974  0.2829 
   00002    0.6100    -516.7021  0.2759 
   00003    0.6600    -564.9314  0.2764 
   00004    0.5100    -583.6219  0.2630 
   00005    0.5400    -605.2465  0.2687 
   00006    0.5500    -627.9047  0.2593 
   00007    0.4600    -665.7122  0.2741 
   00008    0.4400    -679.5608  0.2679 
   00009    0.4900    -702.2622  0.2717 
   00010    0.4600    -715.8707  0.2821 
   00011    0.4300    -733.9972  0.2844 
   00012    0.4600    -765.7772  0.2845 
   00013    0.4900    -777.2188  0.2910 
   00014    0.5200    -785.4605  0.2878 
   00015    0.4900    -792.5161  0.2956 
   00016    0.4300    -806.7614  0.2821 
   00017    0.4200    -823.7502  0.2951 
   00018    0.4500    -823.7192  0.2961 
   00019    0.5000    -840.6144  0.2981 
   00020    0.3500    -853.4070  0.2859 
   00021    0.4600    -867.3906  0.2999 
   00022    0.3900    -905.8999  0.3020 
   00023    0.4700    -919.3174  0.3050 
   00024    0.4400    -931.8020  0.3091 
   00025    0.3200    -939.5121  0.3011 
   00026    0.4600    -951.6628  0.3103 
   00027    0.3600    -963.2590  0.2947 
   00028    0.4400    -964.9950  0.2911 
   00029    0.4400    -975.8850  0.2844 
   00030    0.3900    -977.2644  0.2849 
   00031    0.4200    -970.0010  0.2866 
   00032    0.3200    -969.4149  0.2879 
   00033    0.4400    -985.9987  0.3001 
   00034    0.3700    -975.1501  0.2954 
   00035    0.3900    -975.3434  0.2929 
   00036    0.4000    -976.3526  0.2955 
   00037    0.3700   -1003.9840  0.2968 
   00038    0.4000   -1011.7288  0.3043 
   00039    0.3800   -1022.9871  0.3086 
   00040    0.3300   -1016.1730  0.3039 
   00041    0.3100   -1015.0680  0.2943 
   00042    0.4100   -1026.9560  0.2949 
   00043    0.3700   -1023.0074  0.3054 
   00044    0.3800   -1031.6991  0.3126 
   00045    0.4400   -1029.0705  0.3174 
   00046    0.3800   -1026.3478  0.3276 
   00047    0.4100   -1026.7791  0.3235 
   00048    0.4300   -1008.9512  0.3242 
   00049    0.3800   -1022.7192  0.3149 
   00050    0.3300   -1021.7419  0.3177 
   00051    0.3500   -1027.2093  0.3299 
   00052    0.3600   -1024.0113  0.3340 
   00053    0.4000   -1016.2692  0.3334 
   00054    0.4200   -1028.9985  0.3434 
   00055    0.3800   -1022.1069  0.3380 
   00056    0.3500   -1028.3092  0.3431 
   00057    0.4200   -1037.5108  0.3512 
   00058    0.4000   -1043.3613  0.3473 
   00059    0.3500   -1045.0130  0.3436 
   00060    0.3800   -1045.3623  0.3387 
   00061    0.3800   -1051.2674  0.3538 
   00062    0.4000   -1041.8850  0.3492 
   00063    0.3600   -1041.1864  0.3569 
   00064    0.4200   -1049.8110  0.3503 
   00065    0.3600   -1053.0404  0.3536 
   00066    0.3900   -1072.8205  0.3449 
   00067    0.4200   -1072.1976  0.3428 
   00068    0.3600   -1073.9526  0.3359 
   00069    0.3500   -1088.3643  0.3316 
   00070    0.3800   -1096.9394  0.3377 
   00071    0.3300   -1087.9160  0.3269 
   00072    0.3800   -1093.3040  0.3216 
   00073    0.4500   -1094.1040  0.3151 
   00074    0.3600   -1094.9205  0.3149 
   00075    0.3900   -1086.9281  0.3133 
   00076    0.3700   -1092.4866  0.3181 
   00077    0.3200   -1109.5682  0.3159 
   00078    0.3300   -1099.1541  0.3282 
   00079    0.3300   -1103.2364  0.3260 
   00080    0.3800   -1109.8279  0.3179 
   00081    0.3500   -1120.9366  0.3137 
   00082    0.3000   -1119.7395  0.3161 
   00083    0.3600   -1126.0894  0.3217 
   00084    0.3700   -1121.6807  0.3296 
   00085    0.3900   -1134.5512  0.3324 
   00086    0.4000   -1127.1339  0.3413 
   00087    0.3600   -1133.2270  0.3518 
   00088    0.4200   -1127.6774  0.3571 
   00089    0.4100   -1130.0030  0.3617 
   00090    0.3700   -1137.3079  0.3584 
   00091    0.3800   -1142.5278  0.3691 
   00092    0.4300   -1148.5017  0.3670 
   00093    0.3900   -1138.5112  0.3714 
   00094    0.2900   -1144.0138  0.3704 
   00095    0.3500   -1145.0048  0.3634 
   00096    0.3600   -1141.4616  0.3693 
   00097    0.4100   -1137.0414  0.3801 
   00098    0.3900   -1148.6638  0.3792 
   00099    0.3900   -1152.6040  0.3754 
   00100    0.3300   -1147.0291  0.3779 
   00101    0.3900   -1141.9457  0.3758 
   00102    0.3600   -1155.7440  0.3808 
   00103    0.3300   -1159.1427  0.3860 
   00104    0.3000   -1160.0188  0.3842 
   00105    0.3500   -1161.4505  0.3825 
   00106    0.3100   -1155.4656  0.3888 
   00107    0.2700   -1162.2256  0.3910 
   00108    0.3300   -1166.7340  0.4045 
   00109    0.3300   -1158.0537  0.4088 
   00110    0.2900   -1149.6060  0.4069 
   00111    0.3300   -1152.1612  0.4077 
   00112    0.3900   -1142.2419  0.3987 
   00113    0.3200   -1157.4867  0.4037 
   00114    0.3200   -1148.9686  0.4046 
   00115    0.3400   -1154.3718  0.4028 
   00116    0.3400   -1152.8261  0.3986 
   00117    0.3100   -1152.0170  0.3919 
   00118    0.2400   -1146.7182  0.3962 
   00119    0.3200   -1145.5812  0.4017 
   00120    0.2900   -1154.7594  0.3993 
   00121    0.4200   -1165.8019  0.4044 
   00122    0.3400   -1176.4192  0.4068 
   00123    0.3200   -1179.0524  0.4137 
   00124    0.3400   -1182.4499  0.4144 
   00125    0.3000   -1182.1865  0.4195 
   00126    0.4300   -1185.1929  0.4154 
   00127    0.4000   -1177.3213  0.4121 
   00128    0.3900   -1189.0326  0.4091 
   00129    0.3800   -1184.0636  0.4084 
   00130    0.3100   -1194.9976  0.4138 
   00131    0.3600   -1205.1927  0.4118 
   00132    0.3600   -1188.6190  0.4032 
   00133    0.3500   -1187.0219  0.4084 
   00134    0.3100   -1186.6069  0.4003 
   00135    0.2800   -1185.7633  0.3931 
   00136    0.2500   -1189.9720  0.3930 
   00137    0.3500   -1197.0358  0.3992 
   00138    0.3800   -1190.9942  0.3867 
   00139    0.3200   -1192.0122  0.3936 
   00140    0.4000   -1188.0901  0.3945 
   00141    0.3000   -1185.0729  0.3938 
   00142    0.4200   -1180.4224  0.3965 
   00143    0.3700   -1178.0055  0.3945 
   00144    0.4500   -1169.2290  0.3912 
   00145    0.3400   -1170.4621  0.3893 
   00146    0.2800   -1166.9608  0.3942 
   00147    0.3800   -1171.3790  0.3899 
   00148    0.3500   -1169.5623  0.3829 
   00149    0.3600   -1171.2130  0.3908 
   00150    0.3700   -1167.6501  0.3995 
   00151    0.3400   -1175.1704  0.4048 
   00152    0.4400   -1178.4811  0.3995 
   00153    0.2900   -1177.8038  0.4041 
   00154    0.3100   -1177.2596  0.4033 
   00155    0.3900   -1180.1268  0.4082 
   00156    0.4000   -1188.6166  0.4168 
   00157    0.4200   -1188.7983  0.4086 
   00158    0.2600   -1181.6726  0.4095 
   00159    0.4300   -1193.8078  0.4121 
   00160    0.4100   -1193.9838  0.4137 
   00161    0.3300   -1204.2441  0.4102 
   00162    0.3000   -1205.3609  0.4110 
   00163    0.3300   -1193.5920  0.4191 
   00164    0.3600   -1194.4890  0.4271 
   00165    0.3700   -1195.0219  0.4400 
   00166    0.2200   -1195.4446  0.4379 
   00167    0.3000   -1196.1777  0.4346 
   00168    0.2700   -1195.5100  0.4365 
   00169    0.3500   -1207.9735  0.4375 
   00170    0.2900   -1206.8801  0.4441 
   00171    0.3100   -1211.2490  0.4488 
   00172    0.3800   -1208.5700  0.4407 
   00173    0.3500   -1213.6039  0.4426 
   00174    0.3200   -1212.5068  0.4451 
   00175    0.3500   -1215.3866  0.4490 
   00176    0.3700   -1214.6752  0.4603 
   00177    0.3200   -1218.2014  0.4639 
   00178    0.3600   -1218.9532  0.4667 
   00179    0.3000   -1226.1021  0.4736 
   00180    0.3500   -1225.5773  0.4666 
   00181    0.3400   -1225.1084  0.4649 
   00182    0.2600   -1226.4282  0.4654 
   00183    0.3100   -1224.5500  0.4640 
   00184    0.3400   -1211.4456  0.4667 
   00185    0.3100   -1198.5859  0.4690 
   00186    0.4100   -1195.9304  0.4701 
   00187    0.3000   -1201.5293  0.4630 
   00188    0.3600   -1202.0786  0.4592 
   00189    0.3200   -1198.8799  0.4580 
   00190    0.3400   -1203.2499  0.4614 
   00191    0.3400   -1201.6772  0.4618 
   00192    0.4000   -1205.8663  0.4721 
   00193    0.3500   -1196.0877  0.4679 
   00194    0.4400   -1199.8246  0.4691 
   00195    0.3800   -1212.4002  0.4798 
   00196    0.3700   -1214.9304  0.4835 
   00197    0.3200   -1227.4164  0.4731 
   00198    0.4000   -1225.2284  0.4698 
   00199    0.3300   -1223.6922  0.4790 
   00200    0.3400   -1220.3794  0.4755 
   00201    0.3300   -1231.5172  0.4743 
   00202    0.2300   -1229.9424  0.4729 
   00203    0.2800   -1229.1376  0.4802 
   00204    0.3800   -1230.4385  0.4869 
   00205    0.2900   -1230.2051  0.4910 
   00206    0.3200   -1236.6026  0.4851 
   00207    0.3100   -1233.8654  0.4880 
   00208    0.3200   -1236.2786  0.4836 
   00209    0.3000   -1237.7571  0.4840 
   00210    0.3300   -1238.8292  0.4804 
   00211    0.2600   -1233.9259  0.4796 
   00212    0.3600   -1243.4755  0.4791 
   00213    0.3300   -1242.5511  0.4789 
   00214    0.4000   -1242.8015  0.4824 
   00215    0.3600   -1233.7219  0.4795 
   00216    0.3300   -1241.5597  0.4806 
   00217    0.3600   -1240.0590  0.4845 
   00218    0.3500   -1243.1401  0.4930 
   00219    0.3000   -1237.4868  0.4952 
   00220    0.3000   -1233.4889  0.4965 
   00221    0.2800   -1222.4335  0.4934 
   00222    0.3400   -1217.2871  0.5008 
   00223    0.2700   -1216.5189  0.5011 
   00224    0.3400   -1216.4125  0.4991 
   00225    0.2600   -1204.1957  0.4964 
   00226    0.3100   -1208.7477  0.5025 
   00227    0.3300   -1207.4290  0.5045 
   00228    0.3100   -1213.2181  0.5073 
   00229    0.3300   -1220.0058  0.5083 
   00230    0.3700   -1230.4118  0.5188 
   00231    0.3800   -1236.5143  0.5254 
   00232    0.4000   -1241.5862  0.5255 
   00233    0.4000   -1231.2703  0.5193 
   00234    0.2900   -1232.8874  0.5207 
   00235    0.2700   -1237.6929  0.5197 
   00236    0.3300   -1238.6114  0.5180 
   00237    0.3000   -1233.3421  0.5125 
   00238    0.3200   -1223.7503  0.5096 
   00239    0.3700   -1229.3809  0.5117 
   00240    0.4000   -1238.5751  0.5180 
   00241    0.3600   -1243.1725  0.5291 
   00242    0.3500   -1240.6564  0.5271 
   00243    0.3500   -1240.4854  0.5293 
   00244    0.2600   -1248.1677  0.5354 
   00245    0.3400   -1248.7985  0.5339 
   00246    0.3200   -1246.1753  0.5373 
   00247    0.3100   -1246.1911  0.5428 
   00248    0.4300   -1251.2931  0.5363 
   00249    0.3600   -1245.4816  0.5286 
   00250    0.3100   -1248.2226  0.5275 
   00251    0.3700   -1244.3168  0.5264 
   00252    0.3100   -1244.6338  0.5252 
   00253    0.3300   -1249.0442  0.5283 
   00254    0.2700   -1246.3962  0.5279 
   00255    0.3300   -1251.8075  0.5305 
   00256    0.3200   -1264.9615  0.5340 
   00257    0.4300   -1254.3954  0.5359 
   00258    0.3000   -1252.7490  0.5374 
   00259    0.3800   -1248.6731  0.5383 
   00260    0.3400   -1257.7066  0.5398 
   00261    0.3200   -1251.2883  0.5416 
   00262    0.3300   -1252.2344  0.5406 
   00263    0.3300   -1246.5292  0.5410 
   00264    0.3300   -1240.8469  0.5430 
   00265    0.3800   -1249.6116  0.5486 
   00266    0.3200   -1243.7934  0.5413 
   00267    0.3300   -1240.8407  0.5416 
   00268    0.3100   -1247.2294  0.5408 
   00269    0.4300   -1246.9903  0.5479 
   00270    0.2900   -1246.7128  0.5515 
   00271    0.3300   -1252.6413  0.5565 
   00272    0.3600   -1256.5225  0.5579 
   00273    0.4000   -1255.7441  0.5622 
   00274    0.3200   -1253.1015  0.5631 
   00275    0.3300   -1259.5526  0.5729 
   00276    0.3800   -1265.9508  0.5762 
   00277    0.3200   -1265.5413  0.5882 
   00278    0.2800   -1263.0948  0.5884 
   00279    0.3700   -1263.7461  0.6004 
   00280    0.3000   -1274.8449  0.6080 
   00281    0.3800   -1275.3017  0.5990 
   00282    0.3000   -1270.2786  0.5999 
   00283    0.3500   -1268.2584  0.6103 
   00284    0.3300   -1273.9382  0.6085 
   00285    0.3900   -1289.8850  0.6209 
   00286    0.3700   -1287.1651  0.6183 
   00287    0.3300   -1283.5266  0.6165 
   00288    0.2800   -1288.3225  0.6143 
   00289    0.2700   -1284.8704  0.6143 
   00290    0.2700   -1290.3829  0.6092 
   00291    0.3700   -1283.5848  0.6120 
   00292    0.3700   -1282.6676  0.6144 
   00293    0.2300   -1279.2725  0.6106 
   00294    0.3100   -1286.2461  0.6102 
   00295    0.3600   -1286.1757  0.6077 
   00296    0.3200   -1295.0556  0.6077 
   00297    0.3100   -1296.1865  0.6049 
   00298    0.2900   -1296.6265  0.6015 
   00299    0.3200   -1290.2611  0.5964 
   00300    0.2600   -1294.0077  0.5956 
   00301    0.4400   -1299.1162  0.5975 
   00302    0.3500   -1301.6418  0.5972 
   00303    0.3800   -1299.9203  0.5916 
   00304    0.3100   -1293.5713  0.5915 
   00305    0.3500   -1295.5106  0.6059 
   00306    0.3200   -1292.0035  0.6080 
   00307    0.3100   -1294.4413  0.6053 
   00308    0.3200   -1282.9513  0.6010 
   00309    0.3400   -1287.9325  0.6011 
   00310    0.3200   -1286.4535  0.5945 
   00311    0.3700   -1284.7500  0.5928 
   00312    0.3700   -1291.9402  0.5961 
   00313    0.3400   -1291.3280  0.5947 
   00314    0.3300   -1277.5070  0.5924 
   00315    0.3400   -1270.5182  0.5833 
   00316    0.2800   -1268.1468  0.5903 
   00317    0.3200   -1257.7364  0.5802 
   00318    0.2700   -1252.6059  0.5772 
   00319    0.4000   -1257.9359  0.5782 
   00320    0.2800   -1256.6336  0.5777 
   00321    0.3000   -1264.8452  0.5831 
   00322    0.3500   -1259.7508  0.5825 
   00323    0.4000   -1249.4581  0.5852 
   00324    0.3900   -1240.8765  0.5906 
   00325    0.3800   -1247.4637  0.5833 
   00326    0.4200   -1257.0076  0.5905 
   00327    0.3100   -1243.8120  0.5882 
   00328    0.3200   -1265.3752  0.5832 
   00329    0.4000   -1257.1228  0.5684 
   00330    0.3300   -1264.1351  0.5643 
   00331    0.4200   -1272.6278  0.5727 
   00332    0.3000   -1263.7014  0.5705 
   00333    0.3400   -1267.5636  0.5701 
   00334    0.4000   -1266.6780  0.5832 
   00335    0.3700   -1274.7296  0.5792 
   00336    0.2700   -1273.2210  0.5754 
   00337    0.3500   -1278.0370  0.5792 
   00338    0.3300   -1274.7273  0.5727 
   00339    0.3300   -1267.8302  0.5695 
   00340    0.3400   -1267.7758  0.5739 
   00341    0.2800   -1267.3472  0.5729 
   00342    0.3700   -1271.8876  0.5758 
   00343    0.3800   -1271.8436  0.5733 
   00344    0.2700   -1267.2868  0.5685 
   00345    0.3600   -1259.1301  0.5683 
   00346    0.3700   -1257.8830  0.5651 
   00347    0.3300   -1240.3935  0.5585 
   00348    0.3400   -1244.1983  0.5679 
   00349    0.3400   -1242.4887  0.5707 
   00350    0.3100   -1240.5210  0.5669 
   00351    0.3800   -1223.1749  0.5600 
   00352    0.3100   -1225.4115  0.5614 
   00353    0.2700   -1225.7276  0.5665 
   00354    0.3300   -1232.2058  0.5725 
   00355    0.3200   -1223.7478  0.5715 
   00356    0.3600   -1236.1697  0.5797 
   00357    0.3200   -1245.2840  0.5842 
   00358    0.3500   -1247.5331  0.5927 
   00359    0.3300   -1256.4808  0.5901 
   00360    0.2800   -1256.5524  0.5881 
   00361    0.2600   -1258.9641  0.5865 
   00362    0.3500   -1259.2491  0.5871 
   00363    0.3100   -1257.5230  0.5939 
   00364    0.3700   -1254.3036  0.5946 
   00365    0.3800   -1251.5196  0.5951 
   00366    0.3300   -1257.3185  0.5938 
   00367    0.3700   -1262.9630  0.5937 
   00368    0.3700   -1254.8393  0.5841 
   00369    0.3700   -1253.0330  0.5793 
   00370    0.3200   -1248.6178  0.5731 
   00371    0.3500   -1254.1653  0.5726 
   00372    0.2800   -1255.3974  0.5675 
   00373    0.2900   -1257.3279  0.5602 
   00374    0.3900   -1247.1485  0.5531 
   00375    0.3600   -1244.2989  0.5534 
   00376    0.4100   -1244.4257  0.5563 
   00377    0.4100   -1240.3167  0.5594 
   00378    0.3400   -1234.8921  0.5605 
   00379    0.3300   -1230.9794  0.5492 
   00380    0.3600   -1224.3050  0.5499 
   00381    0.2900   -1224.4313  0.5491 
   00382    0.4200   -1213.2672  0.5475 
   00383    0.3900   -1210.0306  0.5462 
   00384    0.3400   -1217.1120  0.5425 
   00385    0.4500   -1225.0457  0.5444 
   00386    0.3800   -1237.4559  0.5534 
   00387    0.3400   -1243.1176  0.5617 
   00388    0.2500   -1243.7242  0.5602 
   00389    0.3300   -1239.2254  0.5567 
   00390    0.3400   -1237.0475  0.5565 
   00391    0.2500   -1235.8215  0.5604 
   00392    0.3200   -1236.4690  0.5543 
   00393    0.2500   -1238.0372  0.5448 
   00394    0.3000   -1234.0107  0.5404 
   00395    0.3100   -1237.3179  0.5331 
   00396    0.3700   -1237.5295  0.5359 
   00397    0.3700   -1240.7351  0.5346 
   00398    0.3600   -1234.6746  0.5390 
   00399    0.3400   -1233.3585  0.5363 
   00400    0.3300   -1227.9838  0.5388 
   00401    0.3800   -1230.5815  0.5420 
   00402    0.3400   -1238.6012  0.5482 
   00403    0.3900   -1235.3367  0.5469 
   00404    0.3100   -1238.7309  0.5495 
   00405    0.4000   -1245.6082  0.5467 
   00406    0.3100   -1254.5141  0.5530 
   00407    0.3400   -1254.3985  0.5618 
   00408    0.3700   -1252.9789  0.5572 
   00409    0.2600   -1250.4440  0.5562 
   00410    0.3400   -1247.9972  0.5441 
   00411    0.3300   -1257.3730  0.5547 
   00412    0.2800   -1261.1990  0.5623 
   00413    0.2900   -1249.4560  0.5592 
   00414    0.3200   -1242.8776  0.5588 
   00415    0.3600   -1234.3899  0.5479 
   00416    0.4000   -1225.4364  0.5522 
   00417    0.3000   -1233.5500  0.5496 
   00418    0.3300   -1234.1830  0.5508 
   00419    0.3600   -1224.4245  0.5532 
   00420    0.3300   -1227.6922  0.5499 
   00421    0.3100   -1225.6337  0.5494 
   00422    0.3500   -1230.4105  0.5485 
   00423    0.3900   -1228.7831  0.5472 
   00424    0.3400   -1229.0973  0.5556 
   00425    0.3700   -1229.7472  0.5587 
   00426    0.4100   -1235.0822  0.5588 
   00427    0.2900   -1245.1468  0.5597 
   00428    0.3200   -1242.0818  0.5643 
   00429    0.3600   -1240.2618  0.5618 
   00430    0.3600   -1253.1849  0.5695 
   00431    0.2800   -1249.6047  0.5684 
   00432    0.2900   -1251.4185  0.5641 
   00433    0.3100   -1250.1752  0.5611 
   00434    0.3300   -1257.8530  0.5621 
   00435    0.3400   -1265.1720  0.5642 
   00436    0.3600   -1263.1315  0.5641 
   00437    0.3500   -1263.3299  0.5611 
   00438    0.3600   -1263.4010  0.5712 
   00439    0.3000   -1259.8979  0.5747 
   00440    0.3500   -1253.9409  0.5640 
   00441    0.3300   -1254.0722  0.5678 
   00442    0.3500   -1250.9911  0.5698 
   00443    0.4600   -1256.3719  0.5701 
   00444    0.3000   -1261.3429  0.5779 
   00445    0.4100   -1246.4450  0.5785 
   00446    0.2900   -1246.2416  0.5792 
   00447    0.3600   -1251.2590  0.5810 
   00448    0.3500   -1247.6227  0.5805 
   00449    0.3500   -1242.2845  0.5771 
   00450    0.3700   -1235.1200  0.5871 
   00451    0.3400   -1233.9338  0.5837 
   00452    0.2700   -1232.8760  0.5861 
   00453    0.2900   -1227.5039  0.5796 
   00454    0.3500   -1229.3144  0.5798 
   00455    0.2700   -1229.8877  0.5804 
   00456    0.2700   -1227.6593  0.5789 
   00457    0.3000   -1232.7613  0.5868 
   00458    0.2800   -1236.9875  0.5839 
   00459    0.3800   -1243.4572  0.5858 
   00460    0.2900   -1250.8827  0.5926 
   00461    0.2900   -1254.2135  0.5940 
   00462    0.3600   -1258.3799  0.5999 
   00463    0.3100   -1256.6766  0.6060 
   00464    0.2500   -1257.5695  0.5991 
   00465    0.3000   -1255.4003  0.5947 
   00466    0.2500   -1258.1606  0.5966 
   00467    0.2900   -1252.0795  0.5954 
   00468    0.3000   -1251.0595  0.5900 
   00469    0.4100   -1249.1071  0.5856 
   00470    0.3900   -1245.5136  0.5887 
   00471    0.2900   -1254.3991  0.5954 
   00472    0.3300   -1257.7626  0.5983 
   00473    0.3400   -1259.5440  0.5947 
   00474    0.3000   -1251.5456  0.5989 
   00475    0.3700   -1250.3773  0.6053 
   00476    0.2800   -1249.7339  0.6109 
   00477    0.3700   -1233.2468  0.6046 
   00478    0.3300   -1243.4483  0.6092 
   00479    0.3400   -1238.6115  0.6160 
   00480    0.2900   -1240.8891  0.6111 
   00481    0.3200   -1247.6313  0.6120 
   00482    0.3400   -1246.6553  0.6145 
   00483    0.3600   -1248.1384  0.6015 
   00484    0.2900   -1258.8998  0.6033 
   00485    0.2800   -1256.2068  0.6069 
   00486    0.3900   -1255.4887  0.6028 
   00487    0.3700   -1261.0788  0.6040 
   00488    0.4000   -1267.3072  0.6083 
   00489    0.3700   -1267.3762  0.6110 
   00490    0.3400   -1270.7256  0.6217 
   00491    0.2900   -1283.0157  0.6296 
   00492    0.3600   -1275.2390  0.6265 
   00493    0.3300   -1271.4753  0.6221 
   00494    0.2900   -1265.5300  0.6142 
   00495    0.3700   -1270.8231  0.6131 
   00496    0.3700   -1269.2525  0.6124 
   00497    0.4000   -1267.2970  0.6136 
   00498    0.3600   -1267.2140  0.6186 
   00499    0.3900   -1270.8762  0.6209 
   00500    0.3300   -1266.0955  0.6183 
   00501    0.3000   -1260.3464  0.6141 
   00502    0.3000   -1256.0298  0.6182 
   00503    0.4000   -1265.1354  0.6118 
   00504    0.2800   -1271.4817  0.6143 
   00505    0.3200   -1275.9403  0.6141 
   00506    0.3800   -1271.3948  0.6157 
   00507    0.3600   -1256.4916  0.6124 
   00508    0.3800   -1256.6482  0.6214 
   00509    0.4500   -1255.2314  0.6205 
   00510    0.3500   -1254.1751  0.6144 
   00511    0.3200   -1267.8113  0.6185 
   00512    0.3400   -1264.5222  0.6249 
   00513    0.2800   -1270.5260  0.6211 
   00514    0.3300   -1264.5253  0.6176 
   00515    0.2600   -1270.7655  0.6153 
   00516    0.3200   -1266.1434  0.6097 
   00517    0.2200   -1263.6746  0.6013 
   00518    0.3000   -1260.2390  0.6034 
   00519    0.3300   -1272.5161  0.6108 
   00520    0.3200   -1271.3664  0.6065 
   00521    0.4000   -1275.2056  0.6029 
   00522    0.2900   -1275.6574  0.6039 
   00523    0.3000   -1268.1130  0.5941 
   00524    0.4000   -1262.8828  0.5957 
   00525    0.3400   -1261.4670  0.5917 
   00526    0.3300   -1271.4866  0.5970 
   00527    0.3100   -1269.8487  0.6015 
   00528    0.3300   -1265.4845  0.5999 
   00529    0.2800   -1266.6912  0.5989 
   00530    0.3800   -1274.6733  0.5928 
   00531    0.3200   -1279.1777  0.6001 
   00532    0.2700   -1277.2090  0.5997 
   00533    0.2400   -1269.9204  0.6024 
   00534    0.2800   -1268.7621  0.6051 
   00535    0.3700   -1261.3875  0.6043 
   00536    0.2800   -1255.1849  0.5996 
   00537    0.3100   -1262.2280  0.6010 
   00538    0.2300   -1254.5204  0.6020 
   00539    0.3200   -1255.7973  0.5949 
   00540    0.2500   -1247.3846  0.6003 
   00541    0.3600   -1247.7617  0.6053 
   00542    0.3800   -1242.3906  0.6039 
   00543    0.3700   -1255.7464  0.6052 
   00544    0.3200   -1254.9348  0.6098 
   00545    0.2800   -1250.3845  0.6090 
   00546    0.2500   -1257.7215  0.6203 
   00547    0.3700   -1251.7833  0.6235 
   00548    0.3600   -1248.9527  0.6088 
   00549    0.3500   -1250.7715  0.6094 
   00550    0.3100   -1262.1217  0.6176 
   00551    0.2900   -1265.7789  0.6215 
   00552    0.3300   -1260.4192  0.6195 
   00553    0.3000   -1262.4284  0.6028 
   00554    0.4600   -1257.9660  0.5954 
   00555    0.3200   -1254.6535  0.5937 
   00556    0.3300   -1261.4318  0.5890 
   00557    0.3500   -1255.9804  0.5880 
   00558    0.3500   -1257.9003  0.5866 
   00559    0.3200   -1258.8086  0.5904 
   00560    0.3100   -1260.0628  0.5951 
   00561    0.4200   -1261.9523  0.6061 
   00562    0.3700   -1268.9824  0.6086 
   00563    0.3300   -1267.6690  0.6116 
   00564    0.3400   -1270.5189  0.6143 
   00565    0.2700   -1270.6177  0.6247 
   00566    0.4100   -1264.4738  0.6202 
   00567    0.2600   -1260.0359  0.6147 
   00568    0.3700   -1265.0559  0.6154 
   00569    0.3500   -1259.9697  0.6195 
   00570    0.3200   -1262.9463  0.6242 
   00571    0.3100   -1277.2715  0.6271 
   00572    0.3600   -1282.1231  0.6326 
   00573    0.3600   -1284.7907  0.6370 
   00574    0.3300   -1279.9867  0.6368 
   00575    0.2900   -1276.9609  0.6339 
   00576    0.3400   -1284.9539  0.6444 
   00577    0.3500   -1277.1645  0.6372 
   00578    0.2900   -1269.4298  0.6292 
   00579    0.3600   -1272.0003  0.6365 
   00580    0.3200   -1265.9831  0.6362 
   00581    0.3200   -1270.5714  0.6397 
   00582    0.4100   -1279.0352  0.6461 
   00583    0.3300   -1275.5911  0.6413 
   00584    0.3400   -1278.2885  0.6406 
   00585    0.3600   -1294.8616  0.6534 
   00586    0.3300   -1291.8888  0.6423 
   00587    0.2400   -1291.4959  0.6426 
   00588    0.3500   -1287.4182  0.6439 
   00589    0.3500   -1281.9184  0.6452 
   00590    0.2800   -1275.4224  0.6452 
   00591    0.3200   -1273.5784  0.6540 
   00592    0.3100   -1268.8990  0.6485 
   00593    0.3600   -1274.1672  0.6483 
   00594    0.3300   -1295.3730  0.6548 
   00595    0.3400   -1280.9824  0.6422 
   00596    0.3700   -1285.4392  0.6515 
   00597    0.4000   -1282.9488  0.6498 
   00598    0.2900   -1286.2829  0.6503 
   00599    0.3300   -1282.6276  0.6398 
   00600    0.2800   -1279.9499  0.6385 
   00601    0.2700   -1276.5296  0.6473 
   00602    0.4000   -1276.4324  0.6487 
   00603    0.3500   -1281.1112  0.6493 
   00604    0.3700   -1280.5284  0.6415 
   00605    0.3800   -1289.7609  0.6450 
   00606    0.3200   -1284.4494  0.6499 
   00607    0.3500   -1283.4597  0.6559 
   00608    0.3400   -1291.8832  0.6583 
   00609    0.2600   -1289.1658  0.6599 
   00610    0.3800   -1284.9165  0.6542 
   00611    0.3100   -1280.0733  0.6532 
   00612    0.2600   -1271.2427  0.6544 
   00613    0.2700   -1274.3004  0.6588 
   00614    0.3500   -1260.4023  0.6590 
   00615    0.3200   -1253.8220  0.6541 
   00616    0.3400   -1247.5383  0.6552 
   00617    0.3700   -1241.2734  0.6520 
   00618    0.2900   -1243.4456  0.6468 
   00619    0.3700   -1234.5932  0.6426 
   00620    0.3700   -1247.4246  0.6407 
   00621    0.3400   -1244.2018  0.6406 
   00622    0.3200   -1243.0850  0.6457 
   00623    0.3200   -1240.5162  0.6454 
   00624    0.3700   -1232.3634  0.6422 
   00625    0.3400   -1237.5043  0.6491 
   00626    0.3300   -1243.4760  0.6554 
   00627    0.3100   -1255.5692  0.6662 
   00628    0.4000   -1264.4176  0.6811 
   00629    0.2600   -1256.9802  0.6723 
   00630    0.2900   -1259.2930  0.6710 
   00631    0.2700   -1276.1521  0.6712 
   00632    0.4100   -1283.6711  0.6726 
   00633    0.2100   -1287.1557  0.6693 
   00634    0.3700   -1289.5520  0.6670 
   00635    0.3200   -1287.4462  0.6700 
   00636    0.3400   -1290.2427  0.6677 
   00637    0.2600   -1281.6614  0.6663 
   00638    0.3200   -1280.9876  0.6704 
   00639    0.3500   -1281.3665  0.6749 
   00640    0.2600   -1285.2251  0.6802 
   00641    0.2700   -1289.4440  0.6891 
   00642    0.3400   -1282.1565  0.6930 
   00643    0.3200   -1286.0295  0.6910 
   00644    0.3400   -1290.4904  0.6973 
   00645    0.3000   -1299.6012  0.7046 
   00646    0.3600   -1290.1248  0.7091 
   00647    0.2900   -1294.6052  0.7097 
   00648    0.3400   -1294.1720  0.7068 
   00649    0.3400   -1284.1944  0.7038 
   00650    0.2600   -1279.6004  0.7020 
   00651    0.3300   -1278.9316  0.6982 
   00652    0.3300   -1273.8421  0.6966 
   00653    0.3000   -1283.1937  0.6915 
   00654    0.3600   -1271.9093  0.6884 
   00655    0.3800   -1264.4411  0.6874 
   00656    0.2900   -1260.6682  0.6857 
   00657    0.2800   -1262.7664  0.6853 
   00658    0.3500   -1259.0545  0.6818 
   00659    0.3600   -1259.1274  0.6791 
   00660    0.3600   -1259.7003  0.6863 
   00661    0.3800   -1260.8420  0.6925 
   00662    0.2700   -1251.6291  0.6905 
   00663    0.3700   -1264.7463  0.6930 
   00664    0.4100   -1262.1879  0.6953 
   00665    0.3400   -1266.5603  0.6940 
   00666    0.3500   -1267.6320  0.6984 
   00667    0.3300   -1281.2954  0.6989 
   00668    0.3300   -1287.2892  0.6977 
   00669    0.2900   -1283.2517  0.6954 
   00670    0.3300   -1284.2974  0.6996 
   00671    0.3300   -1290.2476  0.7032 
   00672    0.3300   -1290.8294  0.7008 
   00673    0.3100   -1296.3043  0.7052 
   00674    0.3200   -1291.7911  0.7041 
   00675    0.2800   -1295.5542  0.7074 
   00676    0.3300   -1295.4836  0.7092 
   00677    0.3400   -1292.6868  0.7125 
   00678    0.3700   -1305.2175  0.7200 
   00679    0.2600   -1289.7293  0.7132 
   00680    0.2700   -1291.3396  0.7152 
   00681    0.3600   -1289.5372  0.7162 
   00682    0.3600   -1292.8110  0.7222 
   00683    0.2800   -1296.1220  0.7213 
   00684    0.3900   -1303.3397  0.7336 
   00685    0.3600   -1301.0983  0.7377 
   00686    0.4100   -1290.8264  0.7342 
   00687    0.4000   -1282.3999  0.7233 
   00688    0.3800   -1283.4129  0.7162 
   00689    0.4100   -1282.1134  0.7137 
   00690    0.2800   -1284.8318  0.7117 
   00691    0.3200   -1298.9177  0.7062 
   00692    0.3000   -1288.5858  0.7144 
   00693    0.3300   -1286.2769  0.7106 
   00694    0.3300   -1301.6345  0.7157 
   00695    0.2700   -1300.6875  0.7190 
   00696    0.3500   -1297.6763  0.7151 
   00697    0.3600   -1290.2024  0.7182 
   00698    0.2700   -1293.3061  0.7202 
   00699    0.3900   -1297.2518  0.7170 
   00700    0.3300   -1306.5777  0.7215 
   00701    0.3700   -1298.6302  0.7187 
   00702    0.3600   -1297.0371  0.7174 
   00703    0.3100   -1304.8361  0.7153 
   00704    0.3400   -1290.5000  0.7113 
   00705    0.2600   -1286.1724  0.7061 
   00706    0.3500   -1277.5720  0.7057 
   00707    0.4000   -1278.7720  0.7038 
   00708    0.4400   -1270.4783  0.7024 
   00709    0.3300   -1269.3650  0.6954 
   00710    0.3400   -1266.7476  0.6878 
   00711    0.3200   -1272.5974  0.6847 
   00712    0.4000   -1268.0726  0.6848 
   00713    0.3000   -1275.8713  0.6876 
   00714    0.3700   -1274.2205  0.6872 
   00715    0.3100   -1267.5726  0.6788 
   00716    0.2200   -1273.3423  0.6752 
   00717    0.3500   -1274.4721  0.6787 
   00718    0.2700   -1270.1564  0.6753 
   00719    0.3000   -1262.9148  0.6749 
   00720    0.3200   -1268.9272  0.6857 
   00721    0.2700   -1267.9876  0.6897 
   00722    0.3900   -1267.5411  0.6933 
   00723    0.3300   -1263.0369  0.6927 
   00724    0.3600   -1263.9279  0.6987 
   00725    0.3000   -1272.4379  0.6974 
   00726    0.2900   -1275.7686  0.6967 
   00727    0.2900   -1272.7767  0.6958 
   00728    0.2400   -1265.9348  0.6978 
   00729    0.2300   -1264.0834  0.6957 
   00730    0.3400   -1261.7045  0.6967 
   00731    0.3000   -1272.0052  0.6969 
   00732    0.3700   -1271.3014  0.7033 
   00733    0.4300   -1282.5642  0.7167 
   00734    0.3500   -1290.6970  0.7084 
   00735    0.4200   -1281.4883  0.7051 
   00736    0.3700   -1290.7306  0.7085 
   00737    0.3600   -1286.9563  0.7178 
   00738    0.3400   -1288.8152  0.7204 
   00739    0.2900   -1281.7381  0.7174 
   00740    0.3500   -1274.2492  0.7142 
   00741    0.2700   -1280.6357  0.7089 
   00742    0.2900   -1278.0414  0.7090 
   00743    0.3700   -1281.7011  0.7076 
   00744    0.3800   -1280.2931  0.7056 
   00745    0.3100   -1284.8258  0.7034 
   00746    0.3800   -1281.5211  0.6976 
   00747    0.3600   -1284.2071  0.6978 
   00748    0.3400   -1286.1576  0.7088 
   00749    0.3400   -1296.8515  0.7167 
   00750    0.3300   -1282.6002  0.7134 
   00751    0.3400   -1283.7304  0.7107 
   00752    0.2700   -1280.2309  0.7107 
   00753    0.3200   -1280.4406  0.7155 
   00754    0.3400   -1293.2341  0.7143 
   00755    0.3000   -1304.4623  0.7217 
   00756    0.3300   -1302.0174  0.7244 
   00757    0.2700   -1298.0114  0.7224 
   00758    0.3200   -1294.5923  0.7231 
   00759    0.3900   -1299.4697  0.7320 
   00760    0.3300   -1288.3201  0.7318 
   00761    0.3000   -1283.3409  0.7306 
   00762    0.3400   -1268.3629  0.7300 
   00763    0.2600   -1265.0375  0.7290 
   00764    0.3200   -1267.0658  0.7326 
   00765    0.2900   -1271.4281  0.7341 
   00766    0.3700   -1271.4132  0.7325 
   00767    0.3200   -1261.6167  0.7277 
   00768    0.3300   -1269.2612  0.7336 
   00769    0.2400   -1266.3210  0.7342 
   00770    0.3400   -1256.6553  0.7410 
   00771    0.2800   -1257.1416  0.7422 
   00772    0.4000   -1268.8386  0.7388 
   00773    0.3000   -1266.3255  0.7438 
   00774    0.3700   -1274.3886  0.7393 
   00775    0.3600   -1287.8085  0.7502 
   00776    0.2900   -1278.1076  0.7431 
   00777    0.3300   -1280.2996  0.7471 
   00778    0.3100   -1280.6744  0.7439 
   00779    0.4000   -1278.6944  0.7490 
   00780    0.3400   -1284.7700  0.7582 
   00781    0.3800   -1292.9189  0.7584 
   00782    0.3200   -1294.1380  0.7583 
   00783    0.4100   -1287.6102  0.7563 
   00784    0.3900   -1290.1986  0.7592 
   00785    0.4000   -1291.4303  0.7562 
   00786    0.2600   -1288.7631  0.7556 
   00787    0.2900   -1297.0189  0.7588 
   00788    0.3500   -1301.5859  0.7546 
   00789    0.3700   -1305.3452  0.7563 
   00790    0.3700   -1312.2293  0.7641 
   00791    0.3200   -1304.9819  0.7525 
   00792    0.3400   -1305.3464  0.7490 
   00793    0.3200   -1297.7356  0.7442 
   00794    0.4100   -1305.1033  0.7483 
   00795    0.2800   -1303.3348  0.7463 
   00796    0.3700   -1297.5976  0.7386 
   00797    0.3500   -1296.4849  0.7418 
   00798    0.3000   -1295.1233  0.7520 
   00799    0.3300   -1298.0514  0.7523 
   00800    0.3300   -1288.1047  0.7455 
   00801    0.3200   -1282.2445  0.7452 
   00802    0.3100   -1291.0017  0.7437 
   00803    0.2700   -1300.7302  0.7442 
   00804    0.2600   -1294.3580  0.7364 
   00805    0.2800   -1291.5003  0.7424 
   00806    0.2800   -1296.2625  0.7485 
   00807    0.3000   -1292.8326  0.7499 
   00808    0.2600   -1294.2977  0.7455 
   00809    0.4000   -1293.0077  0.7463 
   00810    0.2800   -1291.5673  0.7495 
   00811    0.2900   -1295.6963  0.7559 
   00812    0.3600   -1302.7886  0.7634 
   00813    0.2700   -1298.1815  0.7613 
   00814    0.3700   -1291.9072  0.7605 
   00815    0.3000   -1301.2980  0.7637 
   00816    0.2600   -1301.8690  0.7654 
   00817    0.3100   -1303.4014  0.7606 
   00818    0.2900   -1284.9293  0.7589 
   00819    0.2700   -1285.2939  0.7577 
   00820    0.2600   -1301.1287  0.7648 
   00821    0.4000   -1303.7311  0.7652 
   00822    0.3400   -1301.7988  0.7602 
   00823    0.2800   -1307.5036  0.7629 
   00824    0.3300   -1315.3582  0.7660 
   00825    0.2900   -1312.7260  0.7631 
   00826    0.3500   -1307.5544  0.7680 
   00827    0.3200   -1312.0720  0.7715 
   00828    0.2600   -1302.7489  0.7695 
   00829    0.3000   -1303.0772  0.7704 
   00830    0.3100   -1310.0820  0.7693 
   00831    0.3400   -1296.4921  0.7627 
   00832    0.2900   -1306.4940  0.7612 
   00833    0.4000   -1307.0407  0.7617 
   00834    0.3000   -1298.1583  0.7597 
   00835    0.4000   -1302.4399  0.7646 
   00836    0.3200   -1306.1630  0.7689 
   00837    0.3300   -1299.5462  0.7619 
   00838    0.2900   -1293.0072  0.7614 
   00839    0.2100   -1288.4525  0.7582 
   00840    0.3300   -1293.1090  0.7544 
   00841    0.3500   -1289.3608  0.7550 
   00842    0.3500   -1283.4253  0.7527 
   00843    0.2600   -1278.9452  0.7478 
   00844    0.3400   -1276.2090  0.7552 
   00845    0.3500   -1269.0254  0.7544 
   00846    0.3000   -1284.9065  0.7592 
   00847    0.4000   -1290.7683  0.7581 
   00848    0.3200   -1298.2081  0.7595 
   00849    0.3600   -1308.3160  0.7666 
   00850    0.3000   -1320.8642  0.7683 
   00851    0.3300   -1317.4766  0.7678 
   00852    0.3600   -1314.3371  0.7649 
   00853    0.3600   -1313.9535  0.7613 
   00854    0.3400   -1314.7015  0.7621 
   00855    0.3900   -1317.4043  0.7614 
   00856    0.3200   -1320.1767  0.7635 
   00857    0.2800   -1320.2154  0.7664 
   00858    0.2900   -1319.7833  0.7665 
   00859    0.3800   -1322.2380  0.7669 
   00860    0.3700   -1319.7468  0.7646 
   00861    0.2700   -1325.4289  0.7666 
   00862    0.3100   -1323.0955  0.7612 
   00863    0.2800   -1315.4176  0.7573 
   00864    0.2700   -1313.5557  0.7628 
   00865    0.2700   -1310.9200  0.7589 
   00866    0.3200   -1314.3781  0.7672 
   00867    0.2500   -1313.1064  0.7651 
   00868    0.2900   -1318.2702  0.7636 
   00869    0.3000   -1320.4200  0.7692 
   00870    0.2800   -1311.4610  0.7638 
   00871    0.4000   -1312.8272  0.7608 
   00872    0.3300   -1317.9599  0.7659 
   00873    0.3300   -1319.0132  0.7669 
   00874    0.3400   -1316.5730  0.7700 
   00875    0.3200   -1313.0743  0.7657 
   00876    0.2800   -1310.8466  0.7690 
   00877    0.3600   -1317.6173  0.7702 
   00878    0.3300   -1322.1141  0.7744 
   00879    0.3100   -1326.5465  0.7802 
   00880    0.2600   -1324.5709  0.7825 
   00881    0.2900   -1316.4969  0.7730 
   00882    0.3700   -1322.4799  0.7723 
   00883    0.3600   -1311.3547  0.7681 
   00884    0.3000   -1314.8331  0.7704 
   00885    0.3400   -1308.2307  0.7671 
   00886    0.3000   -1314.4366  0.7726 
   00887    0.4000   -1299.2500  0.7683 
   00888    0.3600   -1302.2767  0.7620 
   00889    0.2700   -1302.6846  0.7646 
   00890    0.3300   -1299.9340  0.7677 
   00891    0.3100   -1304.0428  0.7735 
   00892    0.2600   -1311.3090  0.7769 
   00893    0.3000   -1305.8409  0.7757 
   00894    0.2600   -1306.0971  0.7737 
   00895    0.3600   -1322.3687  0.7773 
   00896    0.3200   -1327.1697  0.7694 
   00897    0.3100   -1333.6276  0.7723 
   00898    0.3800   -1329.7219  0.7714 
   00899    0.3200   -1330.7996  0.7667 
   00900    0.3100   -1324.3587  0.7692 
   00901    0.3400   -1318.9068  0.7689 
   00902    0.2700   -1319.4959  0.7659 
   00903    0.3700   -1326.0686  0.7717 
   00904    0.2400   -1327.3139  0.7663 
   00905    0.2700   -1329.2311  0.7743 
   00906    0.2600   -1316.3805  0.7689 
   00907    0.4000   -1311.6344  0.7704 
   00908    0.3200   -1311.0853  0.7735 
   00909    0.3000   -1313.2539  0.7783 
   00910    0.2300   -1309.0216  0.7822 
   00911    0.3400   -1319.2068  0.7869 
   00912    0.3500   -1312.1307  0.7815 
   00913    0.3600   -1312.0465  0.7788 
   00914    0.3400   -1320.3426  0.7823 
   00915    0.2500   -1338.5970  0.7818 
   00916    0.3000   -1333.0169  0.7772 
   00917    0.2900   -1325.8117  0.7812 
   00918    0.2700   -1329.1896  0.7805 
   00919    0.3400   -1328.3450  0.7811 
   00920    0.3600   -1320.1784  0.7823 
   00921    0.3400   -1314.8124  0.7739 
   00922    0.2300   -1307.1215  0.7709 
   00923    0.3100   -1311.6921  0.7724 
   00924    0.3100   -1316.9768  0.7720 
   00925    0.2200   -1321.3635  0.7695 
   00926    0.2400   -1327.1353  0.7717 
   00927    0.4000   -1321.6035  0.7711 
   00928    0.3700   -1327.8845  0.7712 
   00929    0.3600   -1320.0269  0.7770 
   00930    0.3400   -1324.6170  0.7734 
   00931    0.3300   -1332.2320  0.7772 
   00932    0.3200   -1328.8299  0.7763 
   00933    0.3300   -1332.7162  0.7805 
   00934    0.2400   -1333.5354  0.7767 
   00935    0.3300   -1326.9932  0.7773 
   00936    0.2500   -1321.6211  0.7714 
   00937    0.2500   -1324.8311  0.7730 
   00938    0.3200   -1316.7301  0.7708 
   00939    0.3000   -1334.3562  0.7792 
   00940    0.3000   -1330.6833  0.7747 
   00941    0.3800   -1337.2266  0.7810 
   00942    0.4200   -1332.3995  0.7875 
   00943    0.2800   -1336.1809  0.7870 
   00944    0.3700   -1333.0300  0.7843 
   00945    0.2900   -1326.7230  0.7872 
   00946    0.2900   -1321.9110  0.7936 
   00947    0.2900   -1315.4640  0.7925 
   00948    0.2900   -1301.2191  0.7879 
   00949    0.2900   -1315.2027  0.7859 
   00950    0.3300   -1310.8286  0.7815 
   00951    0.2800   -1301.9789  0.7780 
   00952    0.3000   -1311.3831  0.7774 
   00953    0.3400   -1315.7389  0.7742 
   00954    0.3100   -1314.3477  0.7776 
   00955    0.3200   -1314.9090  0.7822 
   00956    0.3300   -1313.0105  0.7878 
   00957    0.2800   -1314.9353  0.7905 
   00958    0.3000   -1321.7737  0.7911 
   00959    0.3600   -1321.5258  0.7890 
   00960    0.3200   -1311.1831  0.7853 
   00961    0.2900   -1324.1708  0.7906 
   00962    0.3000   -1320.8475  0.7886 
   00963    0.3200   -1311.0191  0.7885 
   00964    0.4200   -1310.9209  0.7849 
   00965    0.3200   -1292.4614  0.7801 
   00966    0.2500   -1292.5136  0.7822 
   00967    0.2700   -1299.8292  0.7838 
   00968    0.3100   -1311.0486  0.7811 
   00969    0.3600   -1294.8381  0.7711 
   00970    0.3000   -1291.8642  0.7650 
   00971    0.3400   -1301.5779  0.7737 
   00972    0.3700   -1298.0733  0.7748 
   00973    0.4000   -1295.8337  0.7727 
   00974    0.2800   -1301.3568  0.7753 
   00975    0.3100   -1306.2148  0.7785 
   00976    0.3100   -1311.1896  0.7875 
   00977    0.3100   -1306.6487  0.7807 
   00978    0.2900   -1311.4594  0.7851 
   00979    0.3400   -1302.4276  0.7783 
   00980    0.3300   -1291.9450  0.7748 
   00981    0.2600   -1294.3303  0.7755 
   00982    0.3000   -1300.1362  0.7799 
   00983    0.3800   -1298.8009  0.7783 
   00984    0.3700   -1294.2969  0.7755 
   00985    0.3300   -1287.6958  0.7746 
   00986    0.3600   -1292.7045  0.7777 
   00987    0.3300   -1285.2568  0.7768 
   00988    0.2700   -1284.7157  0.7800 
   00989    0.3500   -1279.2804  0.7791 
   00990    0.3100   -1279.5744  0.7728 
   00991    0.2700   -1273.4734  0.7714 
   00992    0.2600   -1270.4631  0.7689 
   00993    0.2900   -1269.1692  0.7677 
   00994    0.3900   -1260.6556  0.7631 
   00995    0.4000   -1261.2140  0.7671 
   00996    0.2900   -1255.6996  0.7676 
   00997    0.3400   -1268.8282  0.7681 
   00998    0.2500   -1268.4217  0.7700 
   00999    0.4200   -1272.8380  0.7683 
   01000    0.3800   -1269.8883  0.7649 
