#=====================================================
# File created:        Mon-06-Nov-2023-at-12-27-00PM
# Size of lattice:     20x20
# Number of MC steps:  1000
# Reduced temperature: 0.600
# Run time (s):        2.203856
#=====================================================
# MC step:  Ratio:     Energy:   Order:
#=====================================================
   00000    0.5000    -423.4450  0.3065 
   00001    0.6925    -643.7247  0.3387 
   00002    0.6325    -757.0330  0.3708 
   00003    0.5900    -836.7689  0.3778 
   00004    0.5350    -897.5457  0.3877 
   00005    0.5125    -965.1771  0.4332 
   00006    0.5275    -983.3049  0.4398 
   00007    0.5125    -997.9133  0.4610 
   00008    0.5175   -1012.6933  0.4871 
   00009    0.5000   -1048.6162  0.5018 
   00010    0.5150   -1091.6647  0.5323 
   00011    0.3450   -1115.3311  0.5421 
   00012    0.4675   -1149.6514  0.5654 
   00013    0.3900   -1162.3920  0.5702 
   00014    0.4275   -1182.9503  0.5543 
   00015    0.4500   -1166.1604  0.5548 
   00016    0.3975   -1172.8120  0.5488 
   00017    0.4200   -1173.4850  0.5319 
   00018    0.4325   -1164.2432  0.5452 
   00019    0.4175   -1162.6557  0.5591 
   00020    0.4575   -1168.4022  0.5656 
   00021    0.4425   -1147.2883  0.5590 
   00022    0.4550   -1184.1671  0.5887 
   00023    0.4075   -1186.2909  0.6115 
   00024    0.4775   -1183.0978  0.6055 
   00025    0.4800   -1215.6815  0.6152 
   00026    0.4000   -1210.7695  0.6183 
   00027    0.4450   -1224.9371  0.6391 
   00028    0.4025   -1211.1099  0.6380 
   00029    0.4825   -1199.1242  0.6339 
   00030    0.4175   -1204.5748  0.6342 
   00031    0.3875   -1201.1702  0.6419 
   00032    0.4350   -1191.0507  0.6613 
   00033    0.4550   -1219.9778  0.6633 
   00034    0.4050   -1208.6919  0.6708 
   00035    0.4300   -1212.0124  0.6636 
   00036    0.3900   -1200.1791  0.6815 
   00037    0.4575   -1202.3027  0.6920 
   00038    0.4400   -1212.5834  0.6978 
   00039    0.4375   -1208.6594  0.6891 
   00040    0.4075   -1211.4078  0.6920 
   00041    0.4925   -1217.3080  0.7040 
   00042    0.3875   -1226.0249  0.7187 
   00043    0.4675   -1241.0892  0.7244 
   00044    0.4250   -1229.2286  0.7245 
   00045    0.3875   -1251.1306  0.7346 
   00046    0.4050   -1254.1555  0.7278 
   00047    0.4400   -1268.4100  0.7501 
   00048    0.4075   -1233.6573  0.7476 
   00049    0.3900   -1250.5166  0.7572 
   00050    0.4500   -1282.7645  0.7587 
   00051    0.4400   -1270.8171  0.7590 
   00052    0.4325   -1280.4152  0.7660 
   00053    0.4175   -1282.2294  0.7673 
   00054    0.3950   -1293.8370  0.7756 
   00055    0.3975   -1298.2851  0.7806 
   00056    0.3650   -1318.0660  0.7906 
   00057    0.4075   -1281.5099  0.7740 
   00058    0.4500   -1308.7513  0.7734 
   00059    0.4075   -1287.0690  0.7610 
   00060    0.3900   -1273.4326  0.7443 
   00061    0.4250   -1262.8873  0.7552 
   00062    0.4275   -1264.5905  0.7630 
   00063    0.4350   -1271.7491  0.7567 
   00064    0.4175   -1276.5676  0.7651 
   00065    0.4225   -1274.9035  0.7637 
   00066    0.3875   -1292.6941  0.7766 
   00067    0.4350   -1281.4542  0.7682 
   00068    0.4075   -1298.7016  0.7799 
   00069    0.3725   -1313.4213  0.7911 
   00070    0.3900   -1301.6097  0.7965 
   00071    0.3825   -1278.7834  0.7867 
   00072    0.4050   -1285.2640  0.7852 
   00073    0.3850   -1291.9209  0.7829 
   00074    0.3875   -1306.8301  0.7854 
   00075    0.3700   -1301.1197  0.7890 
   00076    0.3950   -1277.4900  0.7781 
   00077    0.3950   -1276.5226  0.7783 
   00078    0.4625   -1289.7834  0.7822 
   00079    0.3800   -1305.4221  0.7866 
   00080    0.4425   -1287.7967  0.7797 
   00081    0.4000   -1278.2943  0.7769 
   00082    0.3950   -1291.4475  0.7732 
   00083    0.3875   -1288.2867  0.7826 
   00084    0.4350   -1288.3255  0.7925 
   00085    0.3750   -1314.5585  0.7954 
   00086    0.3950   -1314.3107  0.8038 
   00087    0.4200   -1315.2220  0.8022 
   00088    0.3975   -1271.4441  0.7799 
   00089    0.4025   -1262.5648  0.7820 
   00090    0.4200   -1297.2084  0.7857 
   00091    0.3875   -1295.0284  0.7943 
   00092    0.3975   -1312.4871  0.8116 
   00093    0.4075   -1323.4123  0.8172 
   00094    0.3900   -1320.8894  0.8207 
   00095    0.3475   -1341.0438  0.8295 
   00096    0.3825   -1342.6108  0.8288 
   00097    0.3875   -1331.6881  0.8244 
   00098    0.4050   -1321.7028  0.8237 
   00099    0.4225   -1299.0404  0.8165 
   00100    0.4050   -1326.8265  0.8271 
   00101    0.3850   -1345.4991  0.8327 
   00102    0.3975   -1317.4610  0.8047 
   00103    0.4125   -1317.0678  0.8080 
   00104    0.4425   -1301.1255  0.8032 
   00105    0.3825   -1304.5669  0.8025 
   00106    0.3875   -1300.7695  0.7980 
   00107    0.4050   -1310.9968  0.7849 
   00108    0.4325   -1290.4328  0.7795 
   00109    0.4100   -1275.3914  0.7664 
   00110    0.4375   -1283.9825  0.7651 
   00111    0.4025   -1289.9469  0.7791 
   00112    0.3725   -1268.4309  0.7864 
   00113    0.4575   -1277.1294  0.7898 
   00114    0.4050   -1296.9474  0.8048 
   00115    0.4275   -1304.1033  0.7986 
   00116    0.4100   -1318.7766  0.7938 
   00117    0.3925   -1303.8052  0.7970 
   00118    0.4050   -1295.8637  0.8009 
   00119    0.4050   -1309.7455  0.8141 
   00120    0.4425   -1302.0674  0.8160 
   00121    0.4175   -1303.0868  0.8212 
   00122    0.3425   -1301.6212  0.8218 
   00123    0.4125   -1301.3815  0.8127 
   00124    0.4500   -1286.8546  0.8074 
   00125    0.4175   -1285.5592  0.8121 
   00126    0.3925   -1267.6966  0.8049 
   00127    0.3825   -1287.9224  0.8144 
   00128    0.4200   -1288.7873  0.8149 
   00129    0.3875   -1285.7390  0.8182 
   00130    0.3625   -1316.5501  0.8225 
   00131    0.4075   -1331.0304  0.8310 
   00132    0.3900   -1316.1493  0.8240 
   00133    0.3525   -1307.2201  0.8142 
   00134    0.4125   -1319.4379  0.8097 
   00135    0.3650   -1317.0395  0.8186 
   00136    0.3600   -1324.8808  0.8272 
   00137    0.3525   -1329.6676  0.8267 
   00138    0.4500   -1331.1628  0.8277 
   00139    0.4325   -1317.4813  0.8148 
   00140    0.4250   -1342.5170  0.8362 
   00141    0.3675   -1349.3624  0.8410 
   00142    0.4200   -1317.8551  0.8191 
   00143    0.3700   -1330.7691  0.8289 
   00144    0.4375   -1338.1613  0.8408 
   00145    0.4125   -1348.9512  0.8404 
   00146    0.4200   -1307.4739  0.8163 
   00147    0.3850   -1316.9041  0.8205 
   00148    0.3750   -1324.0590  0.8279 
   00149    0.4025   -1320.8402  0.8349 
   00150    0.4050   -1321.8410  0.8380 
   00151    0.3875   -1338.0407  0.8478 
   00152    0.4225   -1333.7011  0.8496 
   00153    0.3925   -1321.2474  0.8495 
   00154    0.4375   -1326.5178  0.8372 
   00155    0.3950   -1330.8606  0.8395 
   00156    0.4275   -1336.3660  0.8369 
   00157    0.4025   -1350.7711  0.8513 
   00158    0.3800   -1350.7049  0.8467 
   00159    0.4000   -1347.7388  0.8399 
   00160    0.3700   -1346.5121  0.8445 
   00161    0.4125   -1341.8071  0.8512 
   00162    0.4225   -1342.9064  0.8532 
   00163    0.4050   -1333.2174  0.8530 
   00164    0.3775   -1333.6296  0.8483 
   00165    0.3950   -1334.9233  0.8489 
   00166    0.3900   -1341.0954  0.8534 
   00167    0.3950   -1314.2950  0.8412 
   00168    0.4250   -1344.2306  0.8394 
   00169    0.3625   -1317.9636  0.8367 
   00170    0.4425   -1325.7937  0.8348 
   00171    0.3550   -1329.0081  0.8291 
   00172    0.4275   -1333.2347  0.8205 
   00173    0.3800   -1325.6679  0.8232 
   00174    0.3825   -1301.4308  0.8108 
   00175    0.4200   -1308.8714  0.8161 
   00176    0.3900   -1308.3653  0.8167 
   00177    0.4225   -1311.2155  0.8178 
   00178    0.3825   -1323.4853  0.8301 
   00179    0.3925   -1333.2682  0.8272 
   00180    0.3900   -1350.6476  0.8386 
   00181    0.4150   -1350.5121  0.8313 
   00182    0.4050   -1344.2457  0.8235 
   00183    0.3900   -1279.2715  0.8043 
   00184    0.3900   -1281.4021  0.8089 
   00185    0.3825   -1295.8023  0.8220 
   00186    0.3675   -1298.8818  0.8129 
   00187    0.4050   -1316.9422  0.8169 
   00188    0.4175   -1318.9134  0.8234 
   00189    0.3775   -1344.4828  0.8133 
   00190    0.3725   -1356.2032  0.8020 
   00191    0.4150   -1363.8730  0.8088 
   00192    0.3650   -1369.0868  0.8126 
   00193    0.4025   -1378.8205  0.8252 
   00194    0.4075   -1361.2034  0.8157 
   00195    0.3375   -1338.8888  0.8083 
   00196    0.3650   -1339.1373  0.8128 
   00197    0.3850   -1323.3685  0.8188 
   00198    0.3775   -1334.6233  0.8290 
   00199    0.4150   -1330.6193  0.8252 
   00200    0.3850   -1324.9511  0.8170 
   00201    0.3925   -1326.0660  0.8057 
   00202    0.3875   -1300.4018  0.7976 
   00203    0.3575   -1295.1339  0.7937 
   00204    0.4150   -1286.7949  0.7913 
   00205    0.3850   -1298.1825  0.7990 
   00206    0.4125   -1267.1026  0.7871 
   00207    0.4225   -1271.1017  0.7785 
   00208    0.4225   -1264.3691  0.7748 
   00209    0.4050   -1254.2415  0.7642 
   00210    0.4375   -1265.5967  0.7676 
   00211    0.4150   -1246.1509  0.7365 
   00212    0.3875   -1263.1061  0.7560 
   00213    0.4425   -1280.0411  0.7732 
   00214    0.3775   -1283.0302  0.7731 
   00215    0.3650   -1305.8761  0.7732 
   00216    0.4200   -1312.2367  0.7747 
   00217    0.3925   -1323.7343  0.7905 
   00218    0.3875   -1322.0273  0.7861 
   00219    0.4000   -1333.9418  0.7852 
   00220    0.4100   -1350.8672  0.8024 
   00221    0.3925   -1357.0549  0.8077 
   00222    0.3625   -1357.4693  0.8107 
   00223    0.3975   -1359.1466  0.8119 
   00224    0.4075   -1362.9463  0.8172 
   00225    0.3875   -1325.8215  0.7911 
   00226    0.3875   -1319.6277  0.7869 
   00227    0.4000   -1328.0954  0.7772 
   00228    0.4200   -1320.5435  0.7813 
   00229    0.3925   -1313.4080  0.7841 
   00230    0.3800   -1320.2832  0.7756 
   00231    0.4000   -1282.1885  0.7675 
   00232    0.4075   -1288.6379  0.7774 
   00233    0.3950   -1261.1259  0.7648 
   00234    0.4400   -1280.5438  0.7631 
   00235    0.4200   -1312.0054  0.7666 
   00236    0.3750   -1294.9925  0.7532 
   00237    0.4025   -1302.5597  0.7609 
   00238    0.4075   -1288.6479  0.7619 
   00239    0.4475   -1279.2954  0.7610 
   00240    0.4150   -1299.5904  0.7816 
   00241    0.3650   -1312.7116  0.7985 
   00242    0.3950   -1311.0866  0.7953 
   00243    0.3900   -1296.6993  0.8041 
   00244    0.4175   -1306.5291  0.7963 
   00245    0.4625   -1310.8141  0.8041 
   00246    0.3925   -1303.0578  0.8035 
   00247    0.3975   -1302.7289  0.8013 
   00248    0.4175   -1333.8396  0.8115 
   00249    0.4225   -1331.5872  0.8090 
   00250    0.4200   -1325.7055  0.8049 
   00251    0.3850   -1326.1352  0.8026 
   00252    0.4000   -1342.7053  0.8154 
   00253    0.3550   -1305.1087  0.8057 
   00254    0.3975   -1340.8446  0.8086 
   00255    0.4150   -1347.6972  0.8221 
   00256    0.3975   -1348.5295  0.8205 
   00257    0.3575   -1336.5653  0.8161 
   00258    0.3525   -1313.7833  0.8075 
   00259    0.4075   -1292.9964  0.7993 
   00260    0.3925   -1293.3687  0.7988 
   00261    0.3875   -1322.7743  0.7990 
   00262    0.3700   -1322.7173  0.7947 
   00263    0.4075   -1317.9148  0.8053 
   00264    0.4200   -1297.3666  0.8083 
   00265    0.4200   -1264.7725  0.7930 
   00266    0.3850   -1263.6825  0.7850 
   00267    0.3950   -1259.4070  0.7925 
   00268    0.4125   -1258.2004  0.8058 
   00269    0.4375   -1269.2649  0.8150 
   00270    0.4350   -1270.8790  0.8079 
   00271    0.3975   -1277.5044  0.8081 
   00272    0.4325   -1280.6160  0.8048 
   00273    0.3900   -1311.5568  0.8207 
   00274    0.4225   -1313.6184  0.8273 
   00275    0.3925   -1315.7346  0.8310 
   00276    0.4600   -1309.2301  0.8289 
   00277    0.3800   -1322.0075  0.8320 
   00278    0.3775   -1319.4548  0.8342 
   00279    0.4000   -1319.3287  0.8223 
   00280    0.3975   -1312.1246  0.8201 
   00281    0.4225   -1314.0219  0.8138 
   00282    0.4250   -1302.8185  0.8048 
   00283    0.3800   -1298.8280  0.8079 
   00284    0.4300   -1303.8884  0.8132 
   00285    0.4150   -1307.1082  0.8280 
   00286    0.4200   -1303.8521  0.8130 
   00287    0.4225   -1324.3367  0.8279 
   00288    0.4225   -1330.1359  0.8297 
   00289    0.3775   -1332.8810  0.8326 
   00290    0.3725   -1327.2197  0.8347 
   00291    0.3825   -1317.8917  0.8337 
   00292    0.4025   -1332.3749  0.8252 
   00293    0.4375   -1331.2122  0.8268 
   00294    0.4000   -1333.3585  0.8225 
   00295    0.4025   -1351.4720  0.8309 
   00296    0.4150   -1332.1615  0.8150 
   00297    0.3825   -1338.0627  0.8123 
   00298    0.4225   -1338.6944  0.8072 
   00299    0.3600   -1335.2319  0.7934 
   00300    0.3650   -1337.6342  0.7922 
   00301    0.3950   -1325.9405  0.7953 
   00302    0.3825   -1329.7082  0.8030 
   00303    0.3925   -1319.6287  0.8070 
   00304    0.3925   -1306.9910  0.7980 
   00305    0.3800   -1302.4868  0.8128 
   00306    0.3875   -1310.4279  0.8137 
   00307    0.3950   -1331.5808  0.8259 
   00308    0.3750   -1316.4102  0.8186 
   00309    0.4350   -1307.6148  0.8030 
   00310    0.4100   -1314.6333  0.8118 
   00311    0.3575   -1320.4343  0.8203 
   00312    0.4225   -1313.1081  0.8229 
   00313    0.4425   -1314.1916  0.8234 
   00314    0.4000   -1349.8870  0.8308 
   00315    0.3775   -1338.4533  0.8279 
   00316    0.4075   -1317.0873  0.8143 
   00317    0.4125   -1323.2182  0.8290 
   00318    0.4150   -1315.1667  0.8187 
   00319    0.3750   -1319.7245  0.8157 
   00320    0.4125   -1328.9769  0.8140 
   00321    0.3925   -1348.0103  0.8205 
   00322    0.3900   -1336.8729  0.8255 
   00323    0.4325   -1319.8496  0.8247 
   00324    0.4700   -1311.1927  0.8221 
   00325    0.4200   -1316.1682  0.8256 
   00326    0.3975   -1313.0061  0.8317 
   00327    0.4300   -1318.7491  0.8233 
   00328    0.3850   -1324.0624  0.8276 
   00329    0.3700   -1322.9457  0.8227 
   00330    0.3525   -1308.7989  0.8195 
   00331    0.3825   -1310.3252  0.8182 
   00332    0.3425   -1307.3560  0.8231 
   00333    0.4050   -1314.5198  0.8265 
   00334    0.4100   -1324.7096  0.8281 
   00335    0.4025   -1331.9168  0.8391 
   00336    0.4275   -1325.8764  0.8399 
   00337    0.3525   -1344.7683  0.8463 
   00338    0.3725   -1326.6661  0.8413 
   00339    0.3850   -1327.2251  0.8334 
   00340    0.4025   -1323.5507  0.8288 
   00341    0.4075   -1333.1149  0.8308 
   00342    0.4150   -1318.4743  0.8214 
   00343    0.4000   -1323.1781  0.8273 
   00344    0.3825   -1308.0280  0.8391 
   00345    0.3925   -1322.2819  0.8390 
   00346    0.4300   -1325.7852  0.8416 
   00347    0.4000   -1332.8884  0.8483 
   00348    0.3975   -1293.9795  0.8421 
   00349    0.4000   -1319.3902  0.8513 
   00350    0.3725   -1321.5196  0.8585 
   00351    0.4575   -1315.7095  0.8509 
   00352    0.4050   -1314.4927  0.8427 
   00353    0.3800   -1275.1147  0.8323 
   00354    0.4425   -1295.1045  0.8348 
   00355    0.4375   -1310.0535  0.8392 
   00356    0.4075   -1319.9287  0.8319 
   00357    0.4150   -1292.4354  0.8231 
   00358    0.4150   -1307.0793  0.8231 
   00359    0.4125   -1297.3418  0.8196 
   00360    0.3625   -1291.0232  0.8109 
   00361    0.4100   -1327.9129  0.8158 
   00362    0.3825   -1325.9485  0.8172 
   00363    0.4250   -1343.2388  0.8141 
   00364    0.3950   -1334.1566  0.8147 
   00365    0.3725   -1326.4600  0.7974 
   00366    0.3900   -1314.9796  0.7887 
   00367    0.4075   -1286.8723  0.7928 
   00368    0.3950   -1308.4777  0.7958 
   00369    0.3775   -1323.0922  0.7996 
   00370    0.3350   -1318.1640  0.8031 
   00371    0.3850   -1308.6667  0.7942 
   00372    0.3500   -1313.3480  0.8004 
   00373    0.4125   -1300.4011  0.7976 
   00374    0.3925   -1307.2333  0.8068 
   00375    0.4050   -1332.0852  0.8223 
   00376    0.4050   -1321.3899  0.8253 
   00377    0.4475   -1323.0794  0.8249 
   00378    0.3325   -1298.2083  0.8124 
   00379    0.3825   -1311.3843  0.8181 
   00380    0.3825   -1303.9591  0.8213 
   00381    0.3625   -1302.6992  0.8101 
   00382    0.4075   -1298.7039  0.8042 
   00383    0.4125   -1298.2940  0.7926 
   00384    0.4100   -1301.7535  0.7983 
   00385    0.3800   -1310.9147  0.8128 
   00386    0.3725   -1296.5590  0.8004 
   00387    0.3975   -1292.3267  0.7934 
   00388    0.3550   -1278.5775  0.7834 
   00389    0.4325   -1290.5569  0.8013 
   00390    0.4425   -1301.3044  0.7937 
   00391    0.4075   -1315.8306  0.8031 
   00392    0.3825   -1298.6162  0.8039 
   00393    0.4150   -1291.9580  0.7970 
   00394    0.4325   -1290.3530  0.7850 
   00395    0.4000   -1290.6196  0.7985 
   00396    0.4225   -1300.5058  0.7923 
   00397    0.3625   -1299.5237  0.8015 
   00398    0.4075   -1326.0267  0.8032 
   00399    0.3925   -1303.5954  0.7896 
   00400    0.3675   -1299.7641  0.7944 
   00401    0.4300   -1290.1031  0.7976 
   00402    0.3775   -1300.8830  0.8018 
   00403    0.4500   -1306.5174  0.7928 
   00404    0.4225   -1306.7280  0.7939 
   00405    0.4125   -1294.3225  0.7976 
   00406    0.4150   -1316.8394  0.7881 
   00407    0.4075   -1307.5291  0.7876 
   00408    0.3925   -1313.6836  0.7927 
   00409    0.3875   -1308.0274  0.7970 
   00410    0.4075   -1316.5528  0.7991 
   00411    0.4100   -1290.4032  0.7956 
   00412    0.4500   -1283.9495  0.8028 
   00413    0.3825   -1299.4250  0.8203 
   00414    0.3950   -1311.5295  0.8352 
   00415    0.3875   -1326.3220  0.8499 
   00416    0.3850   -1332.9629  0.8474 
   00417    0.4225   -1320.4850  0.8456 
   00418    0.4100   -1322.3940  0.8438 
   00419    0.4075   -1317.2574  0.8386 
   00420    0.4125   -1314.2468  0.8311 
   00421    0.4175   -1320.7877  0.8365 
   00422    0.3875   -1320.9636  0.8358 
   00423    0.4125   -1322.2935  0.8365 
   00424    0.4025   -1337.3370  0.8447 
   00425    0.3900   -1327.8738  0.8380 
   00426    0.4050   -1341.1051  0.8359 
   00427    0.3975   -1325.3825  0.8225 
   00428    0.3950   -1337.7020  0.8218 
   00429    0.4125   -1304.1585  0.8125 
   00430    0.3875   -1294.7550  0.8099 
   00431    0.4250   -1324.9820  0.8271 
   00432    0.3575   -1319.9311  0.8227 
   00433    0.3700   -1316.2571  0.8183 
   00434    0.3950   -1302.1849  0.8200 
   00435    0.4125   -1316.3522  0.8317 
   00436    0.4225   -1311.7431  0.8312 
   00437    0.4525   -1312.4458  0.8182 
   00438    0.4450   -1306.7547  0.8121 
   00439    0.3725   -1302.8727  0.8057 
   00440    0.3725   -1303.9773  0.8118 
   00441    0.4250   -1305.6331  0.8097 
   00442    0.4050   -1301.4823  0.8065 
   00443    0.4025   -1324.0838  0.8160 
   00444    0.3700   -1318.0818  0.8024 
   00445    0.4425   -1313.8125  0.7948 
   00446    0.3900   -1297.3083  0.7902 
   00447    0.4475   -1271.8060  0.7777 
   00448    0.4325   -1293.6003  0.7806 
   00449    0.4475   -1286.7463  0.7824 
   00450    0.4025   -1302.4585  0.7929 
   00451    0.3800   -1305.5080  0.7938 
   00452    0.4025   -1315.2260  0.7985 
   00453    0.3925   -1308.7048  0.7968 
   00454    0.4075   -1302.0637  0.7940 
   00455    0.3775   -1325.1841  0.8073 
   00456    0.4100   -1328.6477  0.8099 
   00457    0.4175   -1326.3994  0.8204 
   00458    0.3825   -1328.6745  0.8202 
   00459    0.4075   -1311.2756  0.8106 
   00460    0.4050   -1314.0492  0.8117 
   00461    0.3775   -1298.0902  0.8080 
   00462    0.4275   -1282.2099  0.8033 
   00463    0.4400   -1307.7810  0.8087 
   00464    0.3950   -1317.9257  0.8133 
   00465    0.4000   -1326.1303  0.8161 
   00466    0.3775   -1351.6486  0.8193 
   00467    0.4100   -1352.8572  0.8277 
   00468    0.4400   -1354.9350  0.8312 
   00469    0.4075   -1353.5751  0.8373 
   00470    0.3675   -1390.5258  0.8508 
   00471    0.4025   -1380.1637  0.8527 
   00472    0.4175   -1372.6463  0.8512 
   00473    0.4050   -1350.8681  0.8385 
   00474    0.3975   -1334.0228  0.8367 
   00475    0.4350   -1320.4422  0.8352 
   00476    0.4075   -1291.1176  0.8175 
   00477    0.4100   -1291.1291  0.8128 
   00478    0.3850   -1297.7001  0.8155 
   00479    0.4325   -1279.5264  0.8147 
   00480    0.4100   -1290.0136  0.8098 
   00481    0.4050   -1321.0770  0.8134 
   00482    0.4050   -1316.2195  0.8211 
   00483    0.3375   -1339.4006  0.8366 
   00484    0.4075   -1328.3792  0.8384 
   00485    0.4350   -1326.6060  0.8386 
   00486    0.3975   -1307.5868  0.8291 
   00487    0.4500   -1320.9489  0.8318 
   00488    0.4175   -1317.1663  0.8280 
   00489    0.4125   -1319.4594  0.8358 
   00490    0.4250   -1306.5107  0.8286 
   00491    0.4100   -1297.1316  0.8209 
   00492    0.4075   -1309.1266  0.8265 
   00493    0.4250   -1311.0716  0.8274 
   00494    0.3775   -1295.8157  0.8245 
   00495    0.4400   -1301.6823  0.8402 
   00496    0.3725   -1325.7240  0.8502 
   00497    0.4150   -1320.7614  0.8376 
   00498    0.3800   -1332.3157  0.8311 
   00499    0.3575   -1331.9183  0.8279 
   00500    0.4025   -1311.3373  0.8215 
   00501    0.4475   -1301.8781  0.8164 
   00502    0.3450   -1308.4227  0.8165 
   00503    0.4125   -1319.1720  0.8222 
   00504    0.4250   -1334.4079  0.8210 
   00505    0.3675   -1331.7190  0.8102 
   00506    0.4250   -1330.5850  0.8159 
   00507    0.3850   -1316.3814  0.8121 
   00508    0.4375   -1296.3269  0.8052 
   00509    0.4375   -1324.8275  0.8156 
   00510    0.4000   -1315.8954  0.8004 
   00511    0.3975   -1338.1694  0.8034 
   00512    0.4150   -1323.6643  0.7887 
   00513    0.4125   -1310.7029  0.7824 
   00514    0.4075   -1326.5695  0.7810 
   00515    0.4175   -1316.8931  0.7779 
   00516    0.3925   -1296.6344  0.7729 
   00517    0.3725   -1318.7211  0.7736 
   00518    0.3950   -1310.2639  0.7704 
   00519    0.3875   -1300.4091  0.7724 
   00520    0.4575   -1321.9758  0.7793 
   00521    0.4250   -1314.3800  0.7656 
   00522    0.4400   -1304.4651  0.7750 
   00523    0.3825   -1320.4185  0.7838 
   00524    0.3975   -1339.1381  0.7869 
   00525    0.3800   -1339.5602  0.7974 
   00526    0.3925   -1326.1362  0.7948 
   00527    0.4050   -1303.1631  0.7838 
   00528    0.4250   -1310.6754  0.7858 
   00529    0.3750   -1314.5467  0.7840 
   00530    0.3975   -1313.4099  0.7879 
   00531    0.4075   -1287.4830  0.7840 
   00532    0.3975   -1283.3843  0.7812 
   00533    0.3700   -1308.6657  0.7906 
   00534    0.4050   -1302.3044  0.7849 
   00535    0.3975   -1307.2450  0.7792 
   00536    0.3875   -1322.4566  0.7921 
   00537    0.4400   -1329.5652  0.7873 
   00538    0.3825   -1323.8412  0.7915 
   00539    0.3725   -1338.5416  0.7969 
   00540    0.4175   -1333.0327  0.8112 
   00541    0.3800   -1310.8534  0.8137 
   00542    0.4150   -1309.9641  0.8082 
   00543    0.4575   -1317.9251  0.8011 
   00544    0.3600   -1328.4779  0.8078 
   00545    0.3700   -1335.6814  0.8248 
   00546    0.3950   -1320.3673  0.8135 
   00547    0.3975   -1340.8254  0.8293 
   00548    0.3900   -1328.4296  0.8288 
   00549    0.3950   -1321.0722  0.8383 
   00550    0.3850   -1318.1465  0.8347 
   00551    0.4525   -1311.7021  0.8250 
   00552    0.4050   -1293.9684  0.8152 
   00553    0.3850   -1306.0611  0.8266 
   00554    0.4050   -1299.0805  0.8173 
   00555    0.3775   -1312.1629  0.8287 
   00556    0.3875   -1322.3458  0.8302 
   00557    0.3400   -1323.1782  0.8273 
   00558    0.3900   -1345.1974  0.8315 
   00559    0.3950   -1347.6740  0.8359 
   00560    0.3625   -1326.8690  0.8355 
   00561    0.3650   -1313.7683  0.8242 
   00562    0.4375   -1312.2865  0.8295 
   00563    0.3875   -1312.9360  0.8294 
   00564    0.4225   -1305.2020  0.8277 
   00565    0.3900   -1310.8092  0.8202 
   00566    0.4400   -1298.6754  0.8172 
   00567    0.4775   -1299.9655  0.8170 
   00568    0.4250   -1308.3016  0.8251 
   00569    0.4175   -1311.7197  0.8168 
   00570    0.3900   -1310.2845  0.8198 
   00571    0.4075   -1333.2438  0.8183 
   00572    0.3975   -1327.5605  0.8196 
   00573    0.3925   -1332.3310  0.8222 
   00574    0.3775   -1328.9533  0.8307 
   00575    0.4000   -1316.9210  0.8268 
   00576    0.4025   -1313.2006  0.8270 
   00577    0.4200   -1331.8073  0.8316 
   00578    0.4400   -1309.1791  0.8221 
   00579    0.3800   -1314.2668  0.8259 
   00580    0.3850   -1306.4680  0.8231 
   00581    0.4200   -1326.5073  0.8249 
   00582    0.3400   -1347.7637  0.8406 
   00583    0.3950   -1346.9233  0.8459 
   00584    0.3775   -1360.7692  0.8458 
   00585    0.4025   -1341.1016  0.8486 
   00586    0.4000   -1351.3236  0.8589 
   00587    0.4500   -1338.4752  0.8421 
   00588    0.4275   -1335.5615  0.8468 
   00589    0.3975   -1337.1077  0.8348 
   00590    0.4100   -1334.9136  0.8376 
   00591    0.4400   -1340.4352  0.8282 
   00592    0.4100   -1353.9843  0.8321 
   00593    0.3825   -1354.7088  0.8291 
   00594    0.3975   -1355.4460  0.8221 
   00595    0.3950   -1349.1275  0.8210 
   00596    0.4200   -1347.8327  0.8348 
   00597    0.3925   -1346.2665  0.8364 
   00598    0.4150   -1336.4055  0.8378 
   00599    0.3950   -1327.6272  0.8341 
   00600    0.4525   -1315.4059  0.8437 
   00601    0.3775   -1318.5976  0.8506 
   00602    0.3875   -1333.8626  0.8527 
   00603    0.3875   -1346.2108  0.8593 
   00604    0.4050   -1339.7840  0.8626 
   00605    0.3900   -1332.3197  0.8590 
   00606    0.3725   -1348.5607  0.8544 
   00607    0.4150   -1360.4438  0.8655 
   00608    0.3800   -1359.8167  0.8667 
   00609    0.4025   -1342.2094  0.8639 
   00610    0.4100   -1348.5620  0.8685 
   00611    0.4050   -1349.3944  0.8635 
   00612    0.4075   -1368.5143  0.8820 
   00613    0.3950   -1366.6207  0.8753 
   00614    0.3450   -1365.1057  0.8791 
   00615    0.4000   -1375.2611  0.8800 
   00616    0.3875   -1361.2430  0.8661 
   00617    0.4250   -1360.4754  0.8668 
   00618    0.3775   -1347.4631  0.8593 
   00619    0.3700   -1350.0680  0.8592 
   00620    0.3875   -1335.2623  0.8524 
   00621    0.3825   -1337.9778  0.8575 
   00622    0.4000   -1334.4702  0.8477 
   00623    0.3775   -1334.3402  0.8494 
   00624    0.3675   -1330.6084  0.8476 
   00625    0.3975   -1341.2203  0.8523 
   00626    0.3725   -1373.5204  0.8643 
   00627    0.3775   -1364.0840  0.8639 
   00628    0.3925   -1340.9078  0.8445 
   00629    0.4600   -1348.1826  0.8497 
   00630    0.3825   -1325.5015  0.8412 
   00631    0.4025   -1306.3407  0.8415 
   00632    0.3725   -1311.5260  0.8388 
   00633    0.4425   -1296.3950  0.8372 
   00634    0.4225   -1311.8649  0.8449 
   00635    0.4075   -1307.6213  0.8479 
   00636    0.4100   -1315.8620  0.8521 
   00637    0.3725   -1315.4016  0.8487 
   00638    0.4125   -1323.8379  0.8381 
   00639    0.3725   -1327.6597  0.8497 
   00640    0.4075   -1317.5688  0.8405 
   00641    0.4275   -1337.3184  0.8438 
   00642    0.3775   -1337.3166  0.8382 
   00643    0.3700   -1340.4273  0.8339 
   00644    0.4200   -1331.1712  0.8331 
   00645    0.4050   -1328.1940  0.8363 
   00646    0.4025   -1348.0775  0.8513 
   00647    0.4675   -1328.1418  0.8457 
   00648    0.3950   -1355.6026  0.8552 
   00649    0.3800   -1342.8908  0.8517 
   00650    0.3900   -1329.1063  0.8513 
   00651    0.4000   -1313.1604  0.8384 
   00652    0.3975   -1307.0477  0.8445 
   00653    0.4450   -1307.7564  0.8351 
   00654    0.4075   -1290.5613  0.8298 
   00655    0.4225   -1297.3169  0.8295 
   00656    0.3950   -1291.1633  0.8289 
   00657    0.4425   -1308.1074  0.8269 
   00658    0.3850   -1294.3061  0.8228 
   00659    0.3800   -1293.2780  0.8199 
   00660    0.3750   -1310.4492  0.8180 
   00661    0.3950   -1317.7304  0.8223 
   00662    0.3925   -1326.3169  0.8383 
   00663    0.4375   -1324.1178  0.8336 
   00664    0.3750   -1327.7823  0.8401 
   00665    0.4325   -1332.1698  0.8444 
   00666    0.3750   -1311.3507  0.8345 
   00667    0.4125   -1322.5218  0.8431 
   00668    0.3625   -1331.7015  0.8363 
   00669    0.3575   -1300.1797  0.8143 
   00670    0.3775   -1281.2328  0.8089 
   00671    0.4450   -1276.3018  0.8036 
   00672    0.4075   -1292.9225  0.8114 
   00673    0.4100   -1290.0775  0.8121 
   00674    0.4050   -1290.7062  0.8132 
   00675    0.4275   -1292.2692  0.7996 
   00676    0.3700   -1298.1437  0.8043 
   00677    0.4150   -1298.9797  0.8087 
   00678    0.3700   -1322.9977  0.8123 
   00679    0.3600   -1336.1488  0.8186 
   00680    0.4025   -1337.1716  0.8180 
   00681    0.3800   -1308.4899  0.8052 
   00682    0.3925   -1295.6182  0.7936 
   00683    0.4200   -1313.9850  0.8089 
   00684    0.3875   -1299.7618  0.7950 
   00685    0.4125   -1299.2483  0.7955 
   00686    0.4400   -1300.2826  0.7999 
   00687    0.3625   -1305.8110  0.7990 
   00688    0.3950   -1307.3106  0.8023 
   00689    0.4600   -1299.8196  0.7931 
   00690    0.4025   -1283.0093  0.7893 
   00691    0.3975   -1281.7831  0.7934 
   00692    0.3700   -1302.7972  0.7956 
   00693    0.4050   -1321.5288  0.8046 
   00694    0.3900   -1319.7240  0.8089 
   00695    0.4100   -1310.3894  0.8065 
   00696    0.3925   -1310.8364  0.8072 
   00697    0.4000   -1313.1032  0.8078 
   00698    0.3750   -1300.4911  0.8034 
   00699    0.4425   -1295.0675  0.8011 
   00700    0.4225   -1282.4450  0.8012 
   00701    0.3975   -1296.7742  0.8101 
   00702    0.3825   -1287.6365  0.8133 
   00703    0.3800   -1320.8476  0.8321 
   00704    0.4250   -1332.8929  0.8369 
   00705    0.4225   -1344.8164  0.8435 
   00706    0.4275   -1335.9526  0.8364 
   00707    0.3875   -1322.7078  0.8383 
   00708    0.3975   -1310.9248  0.8336 
   00709    0.3625   -1306.8206  0.8301 
   00710    0.3775   -1328.4346  0.8313 
   00711    0.4100   -1301.3702  0.8160 
   00712    0.4350   -1296.2098  0.8049 
   00713    0.4075   -1272.5322  0.7903 
   00714    0.4450   -1262.6157  0.7853 
   00715    0.4175   -1258.3459  0.7802 
   00716    0.4200   -1284.1323  0.7904 
   00717    0.4025   -1305.8706  0.8015 
   00718    0.4225   -1301.3138  0.8028 
   00719    0.4275   -1304.7076  0.8117 
   00720    0.4600   -1286.8289  0.8131 
   00721    0.3650   -1305.1367  0.8254 
   00722    0.4000   -1307.2682  0.8159 
   00723    0.4350   -1308.2126  0.8152 
   00724    0.4525   -1311.0841  0.8125 
   00725    0.3800   -1305.4150  0.8146 
   00726    0.3925   -1278.5144  0.8077 
   00727    0.3800   -1258.8867  0.8113 
   00728    0.4375   -1272.6743  0.8160 
   00729    0.4025   -1268.3935  0.8206 
   00730    0.4050   -1264.7024  0.8095 
   00731    0.4350   -1285.2959  0.8173 
   00732    0.4175   -1305.6513  0.8296 
   00733    0.4175   -1291.1244  0.8257 
   00734    0.4575   -1279.4087  0.8329 
   00735    0.3850   -1293.2900  0.8483 
   00736    0.4325   -1288.2363  0.8445 
   00737    0.4200   -1293.8441  0.8391 
   00738    0.4100   -1319.8941  0.8578 
   00739    0.4225   -1312.5352  0.8529 
   00740    0.3950   -1297.5790  0.8441 
   00741    0.4250   -1307.7539  0.8405 
   00742    0.3800   -1301.7617  0.8396 
   00743    0.4275   -1319.8202  0.8419 
   00744    0.3925   -1321.4122  0.8461 
   00745    0.4100   -1325.2472  0.8452 
   00746    0.3775   -1299.3005  0.8280 
   00747    0.3900   -1288.9597  0.8224 
   00748    0.4050   -1279.8086  0.8205 
   00749    0.4275   -1274.0117  0.8191 
   00750    0.4125   -1292.7503  0.8315 
   00751    0.4050   -1284.9399  0.8234 
   00752    0.4050   -1284.7886  0.8229 
   00753    0.4025   -1272.5427  0.8069 
   00754    0.4050   -1276.5280  0.8106 
   00755    0.4125   -1282.6937  0.8169 
   00756    0.4025   -1286.6675  0.8147 
   00757    0.4175   -1307.6561  0.8284 
   00758    0.4125   -1322.4993  0.8476 
   00759    0.3625   -1322.4047  0.8405 
   00760    0.3625   -1331.2472  0.8530 
   00761    0.4125   -1319.1474  0.8453 
   00762    0.3900   -1335.0876  0.8557 
   00763    0.4025   -1321.7227  0.8516 
   00764    0.3875   -1305.2151  0.8508 
   00765    0.3875   -1316.2106  0.8469 
   00766    0.4275   -1347.6842  0.8587 
   00767    0.3975   -1329.5323  0.8514 
   00768    0.3875   -1350.4995  0.8511 
   00769    0.4175   -1345.1650  0.8637 
   00770    0.4175   -1362.6798  0.8789 
   00771    0.3650   -1380.0888  0.8856 
   00772    0.3875   -1374.0275  0.8776 
   00773    0.3575   -1356.1596  0.8710 
   00774    0.4300   -1347.3558  0.8679 
   00775    0.4325   -1360.0796  0.8756 
   00776    0.4150   -1343.0772  0.8619 
   00777    0.3700   -1322.3195  0.8531 
   00778    0.4350   -1311.4344  0.8455 
   00779    0.4075   -1310.7960  0.8446 
   00780    0.3675   -1308.0768  0.8445 
   00781    0.4350   -1308.1135  0.8316 
   00782    0.4000   -1278.4664  0.8255 
   00783    0.4300   -1298.0744  0.8370 
   00784    0.4625   -1304.7314  0.8354 
   00785    0.3850   -1304.3995  0.8381 
   00786    0.4125   -1282.9440  0.8326 
   00787    0.4350   -1298.2368  0.8305 
   00788    0.4300   -1286.8980  0.8283 
   00789    0.4075   -1293.1848  0.8237 
   00790    0.4175   -1318.1381  0.8374 
   00791    0.4100   -1334.0885  0.8449 
   00792    0.3900   -1328.8227  0.8463 
   00793    0.3750   -1331.2713  0.8521 
   00794    0.3875   -1322.2003  0.8401 
   00795    0.4350   -1292.4090  0.8198 
   00796    0.3925   -1319.1801  0.8325 
   00797    0.3950   -1312.5806  0.8409 
   00798    0.3900   -1326.0402  0.8352 
   00799    0.4425   -1302.8321  0.8373 
   00800    0.4200   -1313.6544  0.8389 
   00801    0.4100   -1317.2103  0.8475 
   00802    0.3950   -1351.0305  0.8523 
   00803    0.3850   -1361.1092  0.8554 
   00804    0.3925   -1349.4591  0.8494 
   00805    0.4150   -1330.3896  0.8410 
   00806    0.4150   -1334.9559  0.8353 
   00807    0.3550   -1347.3876  0.8380 
   00808    0.3650   -1349.4901  0.8380 
   00809    0.4075   -1325.2319  0.8286 
   00810    0.4100   -1315.7964  0.8358 
   00811    0.3725   -1319.5025  0.8433 
   00812    0.4225   -1311.2667  0.8333 
   00813    0.3800   -1324.6097  0.8335 
   00814    0.4125   -1317.6040  0.8339 
   00815    0.3875   -1312.9804  0.8234 
   00816    0.4350   -1314.6991  0.8149 
   00817    0.3975   -1319.5883  0.8165 
   00818    0.4175   -1323.4139  0.8229 
   00819    0.3900   -1325.8372  0.8244 
   00820    0.3750   -1327.8309  0.8350 
   00821    0.3975   -1340.8529  0.8322 
   00822    0.3750   -1321.7393  0.8371 
   00823    0.4250   -1308.3607  0.8324 
   00824    0.4225   -1326.9444  0.8508 
   00825    0.3850   -1313.0740  0.8374 
   00826    0.3925   -1306.6392  0.8334 
   00827    0.4150   -1324.0346  0.8443 
   00828    0.3675   -1326.3386  0.8529 
   00829    0.4375   -1326.1737  0.8475 
   00830    0.3850   -1329.2331  0.8497 
   00831    0.3800   -1313.9276  0.8422 
   00832    0.4325   -1328.4490  0.8500 
   00833    0.3850   -1293.5118  0.8362 
   00834    0.3825   -1293.7868  0.8302 
   00835    0.4225   -1288.6224  0.8303 
   00836    0.3850   -1311.7525  0.8395 
   00837    0.3950   -1290.6522  0.8248 
   00838    0.4200   -1269.1855  0.8229 
   00839    0.4500   -1288.1605  0.8300 
   00840    0.4050   -1281.7351  0.8334 
   00841    0.4350   -1279.4729  0.8226 
   00842    0.3950   -1292.7061  0.8357 
   00843    0.3775   -1304.2115  0.8432 
   00844    0.4400   -1320.2709  0.8542 
   00845    0.3800   -1326.0414  0.8490 
   00846    0.4350   -1322.9468  0.8489 
   00847    0.3725   -1291.1057  0.8386 
   00848    0.3925   -1288.4514  0.8367 
   00849    0.3825   -1298.2304  0.8416 
   00850    0.4000   -1321.3603  0.8509 
   00851    0.4075   -1305.8856  0.8441 
   00852    0.3850   -1313.9230  0.8341 
   00853    0.3975   -1313.6076  0.8393 
   00854    0.4050   -1306.4573  0.8383 
   00855    0.4075   -1319.2545  0.8315 
   00856    0.3900   -1315.8099  0.8193 
   00857    0.4225   -1312.1766  0.8283 
   00858    0.3950   -1307.3633  0.8221 
   00859    0.3825   -1303.2339  0.8165 
   00860    0.4425   -1306.5626  0.8092 
   00861    0.4125   -1317.8219  0.8166 
   00862    0.4225   -1303.5149  0.8224 
   00863    0.3800   -1295.2884  0.8166 
   00864    0.3875   -1289.2223  0.8118 
   00865    0.3775   -1303.6755  0.8300 
   00866    0.4050   -1314.0841  0.8312 
   00867    0.4175   -1325.2787  0.8395 
   00868    0.4075   -1336.6387  0.8430 
   00869    0.3825   -1319.8711  0.8435 
   00870    0.3950   -1348.0929  0.8451 
   00871    0.3500   -1354.4431  0.8395 
   00872    0.3975   -1353.2159  0.8336 
   00873    0.4000   -1350.9399  0.8348 
   00874    0.3975   -1334.1221  0.8298 
   00875    0.4075   -1326.5954  0.8266 
   00876    0.4050   -1349.4385  0.8377 
   00877    0.4375   -1345.0317  0.8258 
   00878    0.4175   -1322.5136  0.8101 
   00879    0.3950   -1314.7375  0.8072 
   00880    0.3950   -1326.6504  0.8107 
   00881    0.4000   -1319.5584  0.8101 
   00882    0.4100   -1301.6323  0.7963 
   00883    0.4300   -1282.2121  0.7908 
   00884    0.4450   -1284.2150  0.7953 
   00885    0.4075   -1319.7085  0.8074 
   00886    0.4175   -1320.6321  0.7997 
   00887    0.4025   -1308.1512  0.7977 
   00888    0.3700   -1304.5989  0.7820 
   00889    0.3875   -1302.0054  0.7879 
   00890    0.4400   -1298.5922  0.7823 
   00891    0.4225   -1330.0580  0.7772 
   00892    0.4275   -1321.6632  0.7768 
   00893    0.3950   -1301.9140  0.7607 
   00894    0.4100   -1294.3686  0.7584 
   00895    0.4450   -1303.0523  0.7527 
   00896    0.4225   -1293.0363  0.7475 
   00897    0.3825   -1302.7956  0.7480 
   00898    0.4425   -1308.3468  0.7362 
   00899    0.3875   -1293.0385  0.7267 
   00900    0.4000   -1296.3895  0.7391 
   00901    0.4125   -1285.3832  0.7359 
   00902    0.3800   -1302.6013  0.7494 
   00903    0.3750   -1316.7429  0.7451 
   00904    0.3725   -1322.7343  0.7538 
   00905    0.4025   -1324.5015  0.7528 
   00906    0.4000   -1316.0038  0.7636 
   00907    0.4100   -1289.7549  0.7536 
   00908    0.4125   -1313.1121  0.7706 
   00909    0.3550   -1300.0210  0.7602 
   00910    0.4150   -1299.8806  0.7599 
   00911    0.3600   -1301.9026  0.7664 
   00912    0.3900   -1305.8169  0.7624 
   00913    0.3825   -1311.3434  0.7661 
   00914    0.3600   -1320.9425  0.7685 
   00915    0.4125   -1313.7425  0.7655 
   00916    0.4025   -1290.5026  0.7619 
   00917    0.4125   -1289.4093  0.7737 
   00918    0.4625   -1323.9403  0.7842 
   00919    0.4125   -1329.5261  0.7979 
   00920    0.3825   -1314.4273  0.8043 
   00921    0.4075   -1310.5512  0.8087 
   00922    0.4275   -1295.6536  0.8070 
   00923    0.4100   -1309.1897  0.8060 
   00924    0.3900   -1305.3654  0.8077 
   00925    0.4000   -1290.7739  0.8061 
   00926    0.4150   -1323.1497  0.8266 
   00927    0.4425   -1301.0113  0.8220 
   00928    0.3950   -1311.4832  0.8321 
   00929    0.3600   -1322.9747  0.8380 
   00930    0.3700   -1324.5423  0.8486 
   00931    0.3750   -1318.1536  0.8356 
   00932    0.3900   -1319.9852  0.8291 
   00933    0.4200   -1317.1489  0.8239 
   00934    0.3825   -1332.0757  0.8300 
   00935    0.3975   -1338.8015  0.8335 
   00936    0.3650   -1336.3827  0.8249 
   00937    0.3825   -1330.5745  0.8189 
   00938    0.3600   -1320.4580  0.8239 
   00939    0.3900   -1326.8704  0.8264 
   00940    0.4450   -1350.5597  0.8286 
   00941    0.3825   -1359.6863  0.8353 
   00942    0.3350   -1358.7220  0.8320 
   00943    0.3850   -1331.6649  0.8269 
   00944    0.3850   -1305.1665  0.8171 
   00945    0.4375   -1315.9092  0.8203 
   00946    0.3525   -1308.6657  0.8133 
   00947    0.4325   -1306.1279  0.8131 
   00948    0.4075   -1315.8248  0.8244 
   00949    0.4075   -1311.9417  0.8191 
   00950    0.4150   -1299.6657  0.8185 
   00951    0.4325   -1297.5786  0.8074 
   00952    0.3925   -1298.5200  0.8094 
   00953    0.4100   -1301.5344  0.8137 
   00954    0.4425   -1301.2298  0.8210 
   00955    0.3950   -1295.1642  0.8108 
   00956    0.3800   -1299.1621  0.8150 
   00957    0.4400   -1308.6062  0.8245 
   00958    0.4025   -1301.2473  0.8328 
   00959    0.4050   -1328.1261  0.8373 
   00960    0.4300   -1320.9575  0.8391 
   00961    0.3900   -1320.2704  0.8378 
   00962    0.3975   -1313.6644  0.8364 
   00963    0.4050   -1313.0825  0.8380 
   00964    0.3950   -1328.7446  0.8482 
   00965    0.4125   -1312.2033  0.8360 
   00966    0.4025   -1315.9447  0.8361 
   00967    0.3600   -1313.8587  0.8366 
   00968    0.4475   -1303.7651  0.8253 
   00969    0.4700   -1305.6951  0.8294 
   00970    0.3925   -1307.3414  0.8336 
   00971    0.4050   -1329.8768  0.8447 
   00972    0.4250   -1332.1582  0.8488 
   00973    0.4175   -1339.9984  0.8499 
   00974    0.3950   -1336.2804  0.8532 
   00975    0.3800   -1351.0666  0.8604 
   00976    0.4050   -1340.6823  0.8499 
   00977    0.4300   -1350.0396  0.8419 
   00978    0.4225   -1340.9916  0.8324 
   00979    0.3675   -1360.6473  0.8445 
   00980    0.4175   -1350.3769  0.8431 
   00981    0.4250   -1344.2727  0.8460 
   00982    0.4075   -1353.5428  0.8434 
   00983    0.3900   -1364.9702  0.8516 
   00984    0.3825   -1330.5760  0.8299 
   00985    0.3900   -1321.7160  0.8238 
   00986    0.4325   -1332.0460  0.8286 
   00987    0.3775   -1342.7518  0.8294 
   00988    0.4050   -1339.7649  0.8314 
   00989    0.4175   -1346.3465  0.8305 
   00990    0.4350   -1338.5553  0.8265 
   00991    0.4500   -1331.8730  0.8323 
   00992    0.4250   -1332.4609  0.8325 
   00993    0.3525   -1317.0399  0.8277 
   00994    0.3925   -1332.6974  0.8408 
   00995    0.3700   -1314.9880  0.8274 
   00996    0.3850   -1326.0150  0.8302 
   00997    0.4300   -1322.2824  0.8171 
   00998    0.3675   -1351.0788  0.8426 
   00999    0.4000   -1358.0548  0.8500 
   01000    0.4175   -1358.1663  0.8453 
