#=====================================================
# File created:        Mon-06-Nov-2023-at-11-34-55AM
# Size of lattice:     80x80
# Number of MC steps:  1000
# Reduced temperature: 0.800
# Run time (s):        158.964410
#=====================================================
# MC step:  Ratio:     Energy:   Order:
#=====================================================
   00000    0.5000   -6265.4469  0.2650 
   00001    0.6806   -7352.9545  0.2641 
   00002    0.6581   -8201.0714  0.2724 
   00003    0.6331   -8873.5771  0.2781 
   00004    0.6225   -9481.6698  0.2776 
   00005    0.6056  -10014.3754  0.2714 
   00006    0.5731  -10559.3586  0.2741 
   00007    0.5925  -11008.4816  0.2729 
   00008    0.5763  -11422.2172  0.2771 
   00009    0.5719  -11769.0240  0.2793 
   00010    0.5456  -12154.8415  0.2871 
   00011    0.5506  -12424.5133  0.2864 
   00012    0.5256  -12619.2045  0.2895 
   00013    0.5288  -12742.9401  0.2896 
   00014    0.5250  -12951.0156  0.2924 
   00015    0.5337  -13211.7389  0.2913 
   00016    0.5012  -13329.1378  0.2850 
   00017    0.5125  -13530.8229  0.2810 
   00018    0.5025  -13668.2340  0.2784 
   00019    0.5025  -13722.6735  0.2786 
   00020    0.5125  -13829.2306  0.2805 
   00021    0.5044  -13960.2489  0.2788 
   00022    0.4975  -14118.7001  0.2817 
   00023    0.5000  -14302.3765  0.2819 
   00024    0.4719  -14346.6812  0.2879 
   00025    0.4950  -14445.1603  0.2864 
   00026    0.4869  -14550.3575  0.2849 
   00027    0.4981  -14675.1697  0.2873 
   00028    0.4713  -14724.4394  0.2875 
   00029    0.4863  -14821.8798  0.2888 
   00030    0.4900  -14937.6547  0.2887 
   00031    0.4675  -15075.7465  0.2906 
   00032    0.4719  -15151.8440  0.2864 
   00033    0.4637  -15235.2088  0.2832 
   00034    0.4738  -15231.5214  0.2863 
   00035    0.4612  -15312.1264  0.2837 
   00036    0.4794  -15360.7894  0.2857 
   00037    0.4788  -15437.6854  0.2839 
   00038    0.4500  -15404.5382  0.2845 
   00039    0.4587  -15491.5367  0.2851 
   00040    0.4631  -15510.4990  0.2874 
   00041    0.4619  -15690.7680  0.2856 
   00042    0.4637  -15733.7438  0.2923 
   00043    0.4487  -15787.6991  0.2965 
   00044    0.4406  -15828.0737  0.2958 
   00045    0.4625  -15855.3205  0.2961 
   00046    0.4575  -15915.3052  0.2961 
   00047    0.4363  -16009.8755  0.2968 
   00048    0.4437  -15998.9971  0.2983 
   00049    0.4506  -16021.4751  0.2978 
   00050    0.4556  -16044.3184  0.2987 
   00051    0.4531  -16016.4377  0.3008 
   00052    0.4475  -16038.2315  0.2985 
   00053    0.4481  -16036.1398  0.2974 
   00054    0.4500  -16086.9312  0.2989 
   00055    0.4363  -16174.5959  0.3015 
   00056    0.4363  -16235.7316  0.3025 
   00057    0.4637  -16288.6610  0.3047 
   00058    0.4300  -16425.5771  0.3033 
   00059    0.4481  -16423.7685  0.3009 
   00060    0.4269  -16435.9532  0.3026 
   00061    0.4475  -16521.4272  0.3020 
   00062    0.4250  -16533.1729  0.3035 
   00063    0.4519  -16541.9888  0.3053 
   00064    0.4250  -16587.3233  0.3022 
   00065    0.4338  -16575.2037  0.3013 
   00066    0.4363  -16608.3678  0.3019 
   00067    0.4425  -16606.1196  0.3051 
   00068    0.4425  -16650.3112  0.3062 
   00069    0.4644  -16624.9765  0.3068 
   00070    0.4231  -16700.1660  0.3044 
   00071    0.4338  -16737.8900  0.3024 
   00072    0.4281  -16810.3619  0.3038 
   00073    0.4181  -16793.5068  0.3035 
   00074    0.4419  -16689.3331  0.3020 
   00075    0.4400  -16756.5458  0.2979 
   00076    0.4325  -16754.9746  0.2949 
   00077    0.4425  -16818.5076  0.2965 
   00078    0.4363  -16843.2458  0.2985 
   00079    0.4000  -16902.6598  0.2961 
   00080    0.4325  -16931.6591  0.2953 
   00081    0.4213  -16972.1367  0.2959 
   00082    0.4294  -17002.4075  0.2933 
   00083    0.4238  -17013.6017  0.2960 
   00084    0.4269  -16982.1672  0.2962 
   00085    0.4069  -17042.9810  0.2963 
   00086    0.4050  -17013.2248  0.2933 
   00087    0.4306  -17079.9142  0.2921 
   00088    0.4494  -17068.7511  0.2926 
   00089    0.4281  -17082.3093  0.2900 
   00090    0.4313  -17084.9342  0.2883 
   00091    0.4319  -17070.0343  0.2884 
   00092    0.4175  -16978.3218  0.2903 
   00093    0.4069  -17017.0964  0.2884 
   00094    0.4363  -17100.1456  0.2908 
   00095    0.4431  -17124.1655  0.2870 
   00096    0.4356  -17175.3437  0.2847 
   00097    0.4113  -17159.0939  0.2854 
   00098    0.4419  -17133.5148  0.2866 
   00099    0.4138  -17069.5516  0.2874 
   00100    0.4238  -17149.6084  0.2898 
   00101    0.4344  -17184.7053  0.2919 
   00102    0.4062  -17226.4209  0.2921 
   00103    0.4213  -17272.6679  0.2921 
   00104    0.4163  -17246.4425  0.2926 
   00105    0.4350  -17192.6451  0.2927 
   00106    0.4012  -17190.0501  0.2922 
   00107    0.4231  -17197.1333  0.2912 
   00108    0.4313  -17248.8274  0.2914 
   00109    0.4062  -17230.8753  0.2928 
   00110    0.4194  -17203.4046  0.2941 
   00111    0.4175  -17169.7683  0.2936 
   00112    0.4338  -17195.8342  0.2935 
   00113    0.4169  -17270.0385  0.2934 
   00114    0.4050  -17305.8252  0.2895 
   00115    0.4369  -17296.5821  0.2916 
   00116    0.4306  -17338.6657  0.2904 
   00117    0.4350  -17302.6374  0.2909 
   00118    0.4025  -17309.6261  0.2901 
   00119    0.4125  -17258.5913  0.2868 
   00120    0.4150  -17241.4995  0.2871 
   00121    0.4194  -17233.3045  0.2875 
   00122    0.4462  -17251.9923  0.2854 
   00123    0.4188  -17242.2042  0.2816 
   00124    0.4019  -17281.3364  0.2818 
   00125    0.4213  -17365.3022  0.2807 
   00126    0.4319  -17403.1199  0.2773 
   00127    0.4131  -17458.7390  0.2805 
   00128    0.4150  -17472.9811  0.2841 
   00129    0.4381  -17482.9091  0.2839 
   00130    0.4300  -17446.6442  0.2825 
   00131    0.4138  -17504.4028  0.2826 
   00132    0.4125  -17516.7983  0.2839 
   00133    0.4188  -17490.6692  0.2849 
   00134    0.4200  -17497.8516  0.2836 
   00135    0.4150  -17493.0981  0.2857 
   00136    0.4106  -17487.3947  0.2848 
   00137    0.4100  -17497.6605  0.2807 
   00138    0.4025  -17574.4233  0.2802 
   00139    0.4056  -17596.4212  0.2818 
   00140    0.4000  -17574.8134  0.2832 
   00141    0.4156  -17513.3106  0.2822 
   00142    0.4181  -17558.3698  0.2822 
   00143    0.3969  -17584.5017  0.2825 
   00144    0.4200  -17640.5107  0.2815 
   00145    0.4175  -17657.3426  0.2829 
   00146    0.4119  -17632.8407  0.2831 
   00147    0.3987  -17626.3869  0.2822 
   00148    0.3806  -17636.5617  0.2849 
   00149    0.3962  -17625.1756  0.2810 
   00150    0.4219  -17661.7403  0.2820 
   00151    0.3919  -17632.8560  0.2832 
   00152    0.3931  -17605.5750  0.2817 
   00153    0.4138  -17565.3342  0.2815 
   00154    0.4138  -17570.7383  0.2805 
   00155    0.4094  -17607.7241  0.2790 
   00156    0.4119  -17641.0865  0.2770 
   00157    0.4369  -17632.6595  0.2758 
   00158    0.4150  -17611.6714  0.2780 
   00159    0.4437  -17604.0609  0.2791 
   00160    0.4131  -17668.2283  0.2794 
   00161    0.4100  -17594.3226  0.2805 
   00162    0.4125  -17588.5038  0.2815 
   00163    0.4125  -17599.5326  0.2818 
   00164    0.4181  -17512.4427  0.2836 
   00165    0.4200  -17505.7304  0.2844 
   00166    0.4169  -17539.3195  0.2798 
   00167    0.3900  -17522.0529  0.2798 
   00168    0.4188  -17593.9299  0.2796 
   00169    0.4125  -17652.3933  0.2783 
   00170    0.4225  -17632.8053  0.2798 
   00171    0.4088  -17634.0113  0.2791 
   00172    0.3975  -17642.0888  0.2791 
   00173    0.4106  -17663.0900  0.2788 
   00174    0.4231  -17590.2036  0.2766 
   00175    0.4119  -17608.7224  0.2767 
   00176    0.4113  -17547.7070  0.2781 
   00177    0.4144  -17531.9414  0.2794 
   00178    0.4169  -17517.0921  0.2769 
   00179    0.4044  -17567.0666  0.2777 
   00180    0.4056  -17567.1411  0.2797 
   00181    0.3787  -17585.7252  0.2836 
   00182    0.4238  -17637.2208  0.2834 
   00183    0.3906  -17639.4558  0.2827 
   00184    0.4244  -17669.3257  0.2818 
   00185    0.4200  -17664.3068  0.2828 
   00186    0.4275  -17614.6220  0.2823 
   00187    0.4263  -17677.9211  0.2793 
   00188    0.3962  -17719.8398  0.2814 
   00189    0.4169  -17798.6709  0.2855 
   00190    0.4238  -17797.7782  0.2851 
   00191    0.4075  -17751.5779  0.2839 
   00192    0.4094  -17737.4412  0.2793 
   00193    0.4244  -17773.8626  0.2790 
   00194    0.4300  -17752.5757  0.2807 
   00195    0.4106  -17762.9453  0.2812 
   00196    0.4062  -17847.3801  0.2794 
   00197    0.4219  -17850.1268  0.2788 
   00198    0.3994  -17822.1264  0.2792 
   00199    0.4056  -17847.6689  0.2756 
   00200    0.3987  -17849.9047  0.2742 
   00201    0.4044  -17889.3694  0.2757 
   00202    0.3975  -17889.4964  0.2768 
   00203    0.4219  -17848.0818  0.2785 
   00204    0.4031  -17801.8894  0.2747 
   00205    0.4175  -17810.5343  0.2772 
   00206    0.4044  -17741.6388  0.2809 
   00207    0.3981  -17732.6657  0.2810 
   00208    0.4219  -17781.1629  0.2810 
   00209    0.4094  -17830.4089  0.2838 
   00210    0.4088  -17837.2913  0.2813 
   00211    0.4256  -17884.4106  0.2803 
   00212    0.4031  -17859.2047  0.2786 
   00213    0.4150  -17790.7618  0.2794 
   00214    0.4175  -17844.8137  0.2792 
   00215    0.3969  -17847.2718  0.2761 
   00216    0.3994  -17852.2064  0.2794 
   00217    0.3975  -17836.3752  0.2807 
   00218    0.4125  -17853.8627  0.2823 
   00219    0.4031  -17840.0644  0.2804 
   00220    0.3969  -17814.9083  0.2797 
   00221    0.3981  -17860.4752  0.2785 
   00222    0.4094  -17835.5705  0.2778 
   00223    0.4088  -17843.6074  0.2749 
   00224    0.3900  -17836.1189  0.2760 
   00225    0.4025  -17779.9295  0.2789 
   00226    0.4075  -17760.9170  0.2785 
   00227    0.4056  -17731.5591  0.2802 
   00228    0.4163  -17774.2469  0.2787 
   00229    0.4169  -17739.1484  0.2808 
   00230    0.4062  -17752.4403  0.2806 
   00231    0.4131  -17713.6565  0.2790 
   00232    0.4156  -17803.7116  0.2782 
   00233    0.4094  -17745.0684  0.2793 
   00234    0.4138  -17774.3967  0.2825 
   00235    0.4075  -17783.2754  0.2828 
   00236    0.4181  -17779.4285  0.2835 
   00237    0.4231  -17904.0210  0.2848 
   00238    0.3950  -17943.2094  0.2842 
   00239    0.4188  -17875.4132  0.2859 
   00240    0.4050  -17820.2912  0.2871 
   00241    0.4194  -17871.0496  0.2893 
   00242    0.4088  -17868.4671  0.2930 
   00243    0.4188  -17819.4474  0.2873 
   00244    0.4019  -17819.5291  0.2869 
   00245    0.4062  -17878.9654  0.2837 
   00246    0.4156  -17835.2603  0.2823 
   00247    0.3994  -17919.0064  0.2827 
   00248    0.4138  -17986.7314  0.2818 
   00249    0.4006  -18004.0960  0.2821 
   00250    0.4113  -18019.5274  0.2823 
   00251    0.4150  -18062.4242  0.2837 
   00252    0.3856  -18076.7387  0.2833 
   00253    0.4119  -17987.5270  0.2826 
   00254    0.4269  -18056.8738  0.2806 
   00255    0.4113  -17972.6823  0.2821 
   00256    0.4025  -18045.8680  0.2804 
   00257    0.4119  -18029.8080  0.2802 
   00258    0.3962  -18051.6455  0.2796 
   00259    0.4031  -18115.9054  0.2779 
   00260    0.3937  -18159.4182  0.2773 
   00261    0.3956  -18132.7913  0.2779 
   00262    0.4144  -18124.4993  0.2783 
   00263    0.3987  -18107.5604  0.2739 
   00264    0.3925  -18105.8915  0.2739 
   00265    0.4238  -18086.0277  0.2772 
   00266    0.4100  -18133.4257  0.2780 
   00267    0.4131  -18120.4448  0.2812 
   00268    0.4156  -18115.8098  0.2845 
   00269    0.3950  -18111.6701  0.2899 
   00270    0.3900  -18130.7828  0.2900 
   00271    0.3731  -18124.1469  0.2889 
   00272    0.4031  -18086.4429  0.2876 
   00273    0.4106  -18030.9281  0.2888 
   00274    0.3762  -17983.0992  0.2882 
   00275    0.4094  -18053.6727  0.2872 
   00276    0.4106  -18043.8171  0.2884 
   00277    0.4056  -18071.7227  0.2877 
   00278    0.4281  -17993.2321  0.2891 
   00279    0.3900  -17973.4874  0.2855 
   00280    0.4169  -17921.6249  0.2887 
   00281    0.3962  -17937.4883  0.2863 
   00282    0.4025  -17924.5201  0.2885 
   00283    0.3944  -17948.1101  0.2873 
   00284    0.3975  -17966.5065  0.2876 
   00285    0.3825  -17932.1020  0.2876 
   00286    0.4238  -17918.9252  0.2871 
   00287    0.4037  -17907.0001  0.2884 
   00288    0.4106  -17916.0328  0.2879 
   00289    0.4106  -17894.8624  0.2851 
   00290    0.3969  -17834.7937  0.2840 
   00291    0.3956  -17814.1987  0.2828 
   00292    0.4019  -17861.9005  0.2804 
   00293    0.3756  -17839.7042  0.2801 
   00294    0.4181  -17799.9670  0.2793 
   00295    0.4344  -17849.5548  0.2772 
   00296    0.4006  -17920.9904  0.2763 
   00297    0.4012  -17937.9860  0.2749 
   00298    0.4169  -18028.3769  0.2742 
   00299    0.3950  -17988.5816  0.2748 
   00300    0.4156  -17986.9322  0.2729 
   00301    0.3994  -17932.8775  0.2711 
   00302    0.4269  -17958.1783  0.2703 
   00303    0.4069  -17921.2757  0.2731 
   00304    0.4075  -17869.9103  0.2714 
   00305    0.4125  -17864.1542  0.2706 
   00306    0.3887  -17895.8294  0.2707 
   00307    0.4288  -17896.2816  0.2711 
   00308    0.4056  -17871.6612  0.2713 
   00309    0.3925  -17964.5643  0.2718 
   00310    0.4156  -18041.9139  0.2705 
   00311    0.3956  -18080.6183  0.2705 
   00312    0.4037  -18066.0479  0.2724 
   00313    0.4313  -18136.8714  0.2721 
   00314    0.4069  -18113.3884  0.2715 
   00315    0.4369  -18105.8211  0.2718 
   00316    0.4019  -18123.5025  0.2726 
   00317    0.3887  -18116.5937  0.2724 
   00318    0.3981  -18094.8486  0.2746 
   00319    0.3887  -18070.2143  0.2772 
   00320    0.3781  -18048.7767  0.2769 
   00321    0.4144  -18056.6742  0.2778 
   00322    0.3962  -18088.9236  0.2761 
   00323    0.4200  -18148.9888  0.2767 
   00324    0.4125  -18157.9809  0.2776 
   00325    0.4213  -18200.2006  0.2827 
   00326    0.3981  -18206.8539  0.2849 
   00327    0.4019  -18272.1266  0.2838 
   00328    0.3906  -18225.5147  0.2827 
   00329    0.3937  -18177.0135  0.2837 
   00330    0.3994  -18195.5188  0.2840 
   00331    0.3906  -18191.6502  0.2845 
   00332    0.4031  -18230.6025  0.2846 
   00333    0.4106  -18177.3439  0.2827 
   00334    0.3887  -18171.4851  0.2832 
   00335    0.4175  -18181.6479  0.2860 
   00336    0.3919  -18167.4928  0.2857 
   00337    0.4000  -18166.9087  0.2848 
   00338    0.3919  -18144.6859  0.2835 
   00339    0.4037  -18097.1543  0.2854 
   00340    0.3800  -18046.2807  0.2877 
   00341    0.4194  -18037.7499  0.2877 
   00342    0.4138  -18044.9869  0.2868 
   00343    0.4044  -18034.4356  0.2878 
   00344    0.4144  -18032.3648  0.2876 
   00345    0.3881  -18027.4537  0.2899 
   00346    0.4081  -17965.7610  0.2907 
   00347    0.4037  -17967.7949  0.2913 
   00348    0.4163  -17976.7560  0.2930 
   00349    0.4131  -17977.4527  0.2956 
   00350    0.3769  -17942.4652  0.2921 
   00351    0.4025  -17878.2496  0.2935 
   00352    0.4088  -17889.1526  0.2960 
   00353    0.3994  -17905.5791  0.2957 
   00354    0.3994  -17854.7141  0.2968 
   00355    0.4113  -17797.7067  0.2961 
   00356    0.4425  -17786.2010  0.2953 
   00357    0.4144  -17760.5282  0.2929 
   00358    0.4094  -17770.5077  0.2938 
   00359    0.4375  -17730.2552  0.2943 
   00360    0.4288  -17701.5911  0.2931 
   00361    0.3900  -17682.8266  0.2907 
   00362    0.4081  -17625.9516  0.2915 
   00363    0.4050  -17702.9622  0.2899 
   00364    0.4006  -17710.3193  0.2895 
   00365    0.3994  -17644.8725  0.2894 
   00366    0.4181  -17674.8695  0.2896 
   00367    0.3962  -17767.0593  0.2894 
   00368    0.4119  -17695.4539  0.2867 
   00369    0.4188  -17698.2519  0.2835 
   00370    0.4062  -17673.3853  0.2841 
   00371    0.4244  -17653.8638  0.2842 
   00372    0.4144  -17667.0241  0.2835 
   00373    0.4100  -17653.8010  0.2815 
   00374    0.4006  -17660.9437  0.2823 
   00375    0.4163  -17704.1021  0.2860 
   00376    0.4144  -17664.6147  0.2840 
   00377    0.4006  -17738.8604  0.2864 
   00378    0.4069  -17761.7743  0.2894 
   00379    0.4119  -17686.2154  0.2899 
   00380    0.4012  -17717.8174  0.2911 
   00381    0.4300  -17754.7585  0.2885 
   00382    0.3987  -17815.6406  0.2865 
   00383    0.4031  -17821.2834  0.2855 
   00384    0.4300  -17797.3615  0.2859 
   00385    0.3925  -17824.2988  0.2883 
   00386    0.4394  -17834.4661  0.2873 
   00387    0.3975  -17868.9490  0.2863 
   00388    0.4069  -17890.9514  0.2877 
   00389    0.3925  -17915.4957  0.2876 
   00390    0.3869  -17929.2772  0.2896 
   00391    0.4062  -17938.2812  0.2922 
   00392    0.4000  -17941.1314  0.2985 
   00393    0.3987  -17876.5604  0.2983 
   00394    0.4050  -17854.1941  0.2982 
   00395    0.4138  -17966.1788  0.2986 
   00396    0.4181  -17952.1930  0.2988 
   00397    0.3944  -17996.2820  0.2984 
   00398    0.4062  -17983.1656  0.2988 
   00399    0.4244  -17992.0265  0.3000 
   00400    0.3794  -18129.7967  0.2990 
   00401    0.4012  -18162.6392  0.2983 
   00402    0.3850  -18095.0195  0.2972 
   00403    0.4263  -18107.1083  0.2961 
   00404    0.4075  -18075.4696  0.2966 
   00405    0.4106  -18105.2027  0.2974 
   00406    0.4062  -18034.4813  0.2952 
   00407    0.4119  -18038.2718  0.2920 
   00408    0.3994  -18032.3239  0.2926 
   00409    0.4069  -18029.6883  0.2931 
   00410    0.4269  -18055.7566  0.2943 
   00411    0.4000  -18000.6955  0.2940 
   00412    0.4025  -17929.6533  0.2912 
   00413    0.4131  -17914.5552  0.2913 
   00414    0.3944  -17928.4069  0.2897 
   00415    0.3969  -17987.8423  0.2897 
   00416    0.3850  -17954.9427  0.2921 
   00417    0.3919  -17981.6813  0.2947 
   00418    0.3931  -18036.3882  0.2971 
   00419    0.4144  -18007.6384  0.2961 
   00420    0.4012  -17993.5739  0.2922 
   00421    0.4106  -17997.6850  0.2928 
   00422    0.4069  -18028.0808  0.2943 
   00423    0.3956  -18022.4704  0.2940 
   00424    0.3981  -18069.1094  0.3004 
   00425    0.4106  -18066.3459  0.2988 
   00426    0.4163  -18043.5682  0.2986 
   00427    0.4356  -18027.9244  0.2986 
   00428    0.4006  -18034.3128  0.2976 
   00429    0.3887  -18078.6929  0.2958 
   00430    0.4106  -18070.3593  0.2972 
   00431    0.3975  -17968.6999  0.2956 
   00432    0.3881  -17945.1827  0.2958 
   00433    0.4106  -17935.6407  0.2967 
   00434    0.4094  -17887.8287  0.2949 
   00435    0.4081  -17904.7269  0.2921 
   00436    0.4175  -17920.4598  0.2905 
   00437    0.4106  -17928.4658  0.2916 
   00438    0.4144  -17965.9824  0.2942 
   00439    0.3975  -17943.0933  0.2954 
   00440    0.4069  -17929.3523  0.2914 
   00441    0.4025  -18002.4996  0.2905 
   00442    0.4081  -18007.8464  0.2902 
   00443    0.4206  -18040.6670  0.2917 
   00444    0.3931  -18032.0218  0.2926 
   00445    0.3925  -18058.4997  0.2947 
   00446    0.4131  -18017.3828  0.2933 
   00447    0.4256  -17976.4848  0.2942 
   00448    0.3994  -17981.9353  0.2942 
   00449    0.3925  -17989.7925  0.2939 
   00450    0.4069  -17925.9999  0.2958 
   00451    0.4088  -17903.5705  0.2947 
   00452    0.4119  -17881.9145  0.2931 
   00453    0.4225  -17883.6833  0.2921 
   00454    0.4050  -17895.9743  0.2960 
   00455    0.4062  -18007.3062  0.2942 
   00456    0.4094  -17985.0470  0.2926 
   00457    0.4012  -17989.8309  0.2922 
   00458    0.4075  -18014.7810  0.2948 
   00459    0.3937  -18028.3091  0.2947 
   00460    0.4019  -18014.8647  0.2936 
   00461    0.3994  -18021.6364  0.2958 
   00462    0.4338  -17970.3660  0.2948 
   00463    0.3944  -17960.6262  0.2989 
   00464    0.4238  -17966.4329  0.2970 
   00465    0.3794  -17912.0717  0.2973 
   00466    0.4188  -17981.0692  0.2988 
   00467    0.4181  -18005.7796  0.3003 
   00468    0.4037  -18062.0405  0.2992 
   00469    0.3987  -18049.8807  0.2966 
   00470    0.4088  -18052.2239  0.2939 
   00471    0.4075  -18084.6661  0.2941 
   00472    0.3787  -18053.3314  0.2935 
   00473    0.3794  -17984.0012  0.2962 
   00474    0.3831  -17925.6107  0.2957 
   00475    0.3881  -17839.1411  0.2923 
   00476    0.4369  -17782.9852  0.2948 
   00477    0.4275  -17891.2853  0.2944 
   00478    0.4044  -17912.3698  0.2939 
   00479    0.4163  -17895.5564  0.2954 
   00480    0.3925  -17937.5724  0.2955 
   00481    0.4106  -17928.4394  0.2947 
   00482    0.3981  -17909.4483  0.2923 
   00483    0.4181  -17905.5659  0.2883 
   00484    0.4081  -17908.3154  0.2873 
   00485    0.4081  -17890.6504  0.2877 
   00486    0.4113  -17921.3166  0.2859 
   00487    0.4156  -17898.3263  0.2856 
   00488    0.4100  -17917.3497  0.2830 
   00489    0.3994  -17987.5155  0.2815 
   00490    0.3912  -18031.8332  0.2798 
   00491    0.4294  -18018.0752  0.2770 
   00492    0.3906  -18049.4376  0.2749 
   00493    0.4044  -18038.1200  0.2765 
   00494    0.4163  -18042.7446  0.2741 
   00495    0.3994  -18089.0605  0.2708 
   00496    0.4106  -18133.9638  0.2721 
   00497    0.4056  -18112.4560  0.2713 
   00498    0.3825  -18087.6211  0.2739 
   00499    0.4056  -18073.2928  0.2705 
   00500    0.3956  -18032.2630  0.2749 
   00501    0.4031  -18071.3674  0.2746 
   00502    0.4144  -18131.8094  0.2741 
   00503    0.3969  -18130.6754  0.2737 
   00504    0.4131  -18184.7423  0.2776 
   00505    0.4050  -18193.4072  0.2766 
   00506    0.4006  -18240.9858  0.2757 
   00507    0.4075  -18288.5643  0.2757 
   00508    0.4206  -18275.2293  0.2746 
   00509    0.3962  -18218.7292  0.2735 
   00510    0.3981  -18197.8954  0.2735 
   00511    0.3987  -18169.4205  0.2734 
   00512    0.4037  -18143.5927  0.2761 
   00513    0.4088  -18094.9153  0.2753 
   00514    0.4144  -18056.5314  0.2767 
   00515    0.3894  -18058.8579  0.2774 
   00516    0.4156  -18083.7864  0.2763 
   00517    0.4006  -18163.3245  0.2742 
   00518    0.4169  -18177.4451  0.2727 
   00519    0.3850  -18091.0894  0.2715 
   00520    0.4031  -18093.7832  0.2740 
   00521    0.3856  -18110.5887  0.2739 
   00522    0.4044  -18153.6967  0.2734 
   00523    0.3869  -18093.7552  0.2731 
   00524    0.4056  -18070.4853  0.2740 
   00525    0.3994  -18064.3824  0.2755 
   00526    0.3994  -17991.2249  0.2739 
   00527    0.3856  -17963.7060  0.2726 
   00528    0.4181  -17975.6207  0.2726 
   00529    0.4144  -17988.1383  0.2673 
   00530    0.4081  -17974.0328  0.2671 
   00531    0.4037  -17952.9493  0.2644 
   00532    0.4019  -17932.3879  0.2628 
   00533    0.4050  -17893.0082  0.2589 
   00534    0.3931  -17879.2067  0.2596 
   00535    0.4050  -17881.8123  0.2601 
   00536    0.3869  -17843.7924  0.2606 
   00537    0.4150  -17827.7911  0.2603 
   00538    0.3944  -17786.3578  0.2627 
   00539    0.4238  -17789.9189  0.2623 
   00540    0.3994  -17826.6936  0.2641 
   00541    0.3981  -17870.3105  0.2683 
   00542    0.4125  -17921.3386  0.2690 
   00543    0.4100  -17920.4047  0.2668 
   00544    0.4019  -17906.5644  0.2640 
   00545    0.4238  -17857.5503  0.2645 
   00546    0.3825  -17923.3520  0.2652 
   00547    0.4156  -17959.6083  0.2645 
   00548    0.4250  -17913.9421  0.2651 
   00549    0.4075  -17925.8284  0.2638 
   00550    0.4219  -17953.8249  0.2625 
   00551    0.4106  -17939.3136  0.2635 
   00552    0.4050  -17933.9299  0.2586 
   00553    0.4313  -17915.9908  0.2591 
   00554    0.4156  -17913.5546  0.2622 
   00555    0.4044  -17846.5812  0.2626 
   00556    0.4019  -17887.0548  0.2602 
   00557    0.3856  -17832.7127  0.2599 
   00558    0.4019  -17866.0854  0.2603 
   00559    0.3969  -17952.6316  0.2609 
   00560    0.4075  -17939.3248  0.2615 
   00561    0.3969  -17971.8810  0.2611 
   00562    0.4088  -17926.4962  0.2618 
   00563    0.3887  -17960.8022  0.2581 
   00564    0.3906  -17969.5689  0.2598 
   00565    0.4225  -17984.4745  0.2594 
   00566    0.3937  -18023.8027  0.2611 
   00567    0.3912  -17998.6376  0.2609 
   00568    0.3975  -18023.3146  0.2626 
   00569    0.4031  -17954.7049  0.2615 
   00570    0.4088  -18022.2503  0.2612 
   00571    0.4125  -18029.4679  0.2637 
   00572    0.3975  -17984.8755  0.2663 
   00573    0.4256  -17934.8036  0.2637 
   00574    0.3962  -17935.4404  0.2604 
   00575    0.3844  -17918.2282  0.2628 
   00576    0.4019  -17990.8546  0.2660 
   00577    0.3994  -17990.9492  0.2660 
   00578    0.4081  -17913.4821  0.2642 
   00579    0.3975  -17859.3608  0.2618 
   00580    0.3975  -17841.3561  0.2619 
   00581    0.3906  -17803.9611  0.2644 
   00582    0.3975  -17770.9598  0.2671 
   00583    0.4138  -17776.8297  0.2665 
   00584    0.4225  -17855.9386  0.2675 
   00585    0.4075  -17945.5926  0.2676 
   00586    0.3994  -17941.4130  0.2689 
   00587    0.4050  -17980.6164  0.2704 
   00588    0.4044  -17985.4530  0.2669 
   00589    0.4006  -17987.9536  0.2705 
   00590    0.4206  -17947.2280  0.2727 
   00591    0.4050  -17948.9906  0.2729 
   00592    0.4200  -17897.0195  0.2716 
   00593    0.4031  -17927.3950  0.2718 
   00594    0.3994  -17992.5303  0.2682 
   00595    0.3925  -18009.8210  0.2628 
   00596    0.4125  -17973.5327  0.2615 
   00597    0.4094  -17958.3109  0.2627 
   00598    0.4037  -17978.2159  0.2651 
   00599    0.4069  -18024.7964  0.2642 
   00600    0.3969  -17947.9324  0.2644 
   00601    0.4081  -17918.5000  0.2651 
   00602    0.4000  -17878.5998  0.2669 
   00603    0.4113  -17920.9230  0.2659 
   00604    0.3950  -17829.8852  0.2659 
   00605    0.4113  -17887.3855  0.2674 
   00606    0.4113  -17959.1311  0.2676 
   00607    0.4106  -17957.8012  0.2668 
   00608    0.3844  -17911.2905  0.2655 
   00609    0.4138  -17865.1653  0.2660 
   00610    0.3919  -17875.0234  0.2644 
   00611    0.4244  -17888.6768  0.2674 
   00612    0.4225  -17937.5602  0.2688 
   00613    0.3837  -17947.1205  0.2715 
   00614    0.3919  -17935.0522  0.2731 
   00615    0.4294  -17871.2114  0.2704 
   00616    0.4081  -17948.7601  0.2715 
   00617    0.3994  -17987.5218  0.2715 
   00618    0.4156  -17964.9509  0.2716 
   00619    0.3956  -17942.9551  0.2687 
   00620    0.4131  -17965.2985  0.2710 
   00621    0.4025  -17954.6080  0.2755 
   00622    0.4150  -17909.0485  0.2755 
   00623    0.3987  -17835.9705  0.2742 
   00624    0.4219  -17913.1589  0.2760 
   00625    0.4131  -17906.0104  0.2798 
   00626    0.4075  -17994.8549  0.2808 
   00627    0.4100  -17861.4693  0.2814 
   00628    0.4206  -17888.4153  0.2853 
   00629    0.4088  -17855.3094  0.2878 
   00630    0.4238  -17812.4495  0.2863 
   00631    0.4156  -17817.2064  0.2835 
   00632    0.4231  -17785.5417  0.2807 
   00633    0.4150  -17791.3042  0.2773 
   00634    0.4000  -17793.7552  0.2778 
   00635    0.4125  -17850.3919  0.2820 
   00636    0.4050  -17823.5341  0.2819 
   00637    0.4075  -17829.2796  0.2821 
   00638    0.3894  -17839.2879  0.2779 
   00639    0.4031  -17835.6663  0.2814 
   00640    0.4163  -17902.1318  0.2818 
   00641    0.4169  -17844.6917  0.2814 
   00642    0.3975  -17841.9726  0.2812 
   00643    0.4006  -17855.1962  0.2788 
   00644    0.4119  -17853.1671  0.2783 
   00645    0.3956  -17839.4774  0.2804 
   00646    0.3975  -17894.2173  0.2806 
   00647    0.3994  -17953.7591  0.2836 
   00648    0.4269  -17934.5805  0.2843 
   00649    0.4144  -17885.7338  0.2848 
   00650    0.3956  -17822.1880  0.2870 
   00651    0.4075  -17809.8619  0.2861 
   00652    0.4200  -17820.1924  0.2853 
   00653    0.4144  -17750.8970  0.2864 
   00654    0.4269  -17673.9118  0.2851 
   00655    0.4144  -17662.0505  0.2870 
   00656    0.3819  -17703.1128  0.2878 
   00657    0.4044  -17774.4665  0.2887 
   00658    0.4100  -17806.0056  0.2881 
   00659    0.3812  -17835.5402  0.2887 
   00660    0.4069  -17798.9480  0.2894 
   00661    0.4256  -17837.7762  0.2856 
   00662    0.3944  -17800.1853  0.2852 
   00663    0.4300  -17769.6693  0.2880 
   00664    0.4094  -17869.1859  0.2877 
   00665    0.4025  -17882.3361  0.2877 
   00666    0.4081  -17807.8015  0.2864 
   00667    0.4131  -17842.6870  0.2885 
   00668    0.4444  -17851.2887  0.2861 
   00669    0.4062  -17911.6714  0.2860 
   00670    0.3956  -18019.1327  0.2842 
   00671    0.4363  -17973.4059  0.2861 
   00672    0.4000  -17896.4511  0.2850 
   00673    0.4075  -17869.5694  0.2855 
   00674    0.4194  -17806.9117  0.2887 
   00675    0.3919  -17845.5076  0.2858 
   00676    0.4119  -17910.2218  0.2860 
   00677    0.4069  -17906.3558  0.2890 
   00678    0.4006  -17964.3547  0.2907 
   00679    0.3906  -18004.0392  0.2902 
   00680    0.3794  -17999.6805  0.2896 
   00681    0.4281  -18060.6626  0.2867 
   00682    0.4194  -17968.8830  0.2882 
   00683    0.3825  -18000.6150  0.2911 
   00684    0.4281  -18017.6387  0.2915 
   00685    0.4131  -18016.0199  0.2908 
   00686    0.3969  -18056.1113  0.2912 
   00687    0.4006  -18053.7937  0.2933 
   00688    0.3975  -18174.6647  0.2955 
   00689    0.4188  -18198.5285  0.2933 
   00690    0.4056  -18228.3503  0.2937 
   00691    0.4019  -18217.3514  0.2921 
   00692    0.3962  -18241.8754  0.2937 
   00693    0.3925  -18242.1334  0.2938 
   00694    0.4094  -18277.6844  0.2922 
   00695    0.4094  -18257.0974  0.2939 
   00696    0.4012  -18255.8559  0.2930 
   00697    0.3837  -18257.7187  0.2929 
   00698    0.4031  -18278.3558  0.2944 
   00699    0.3950  -18260.6326  0.2956 
   00700    0.4062  -18257.5691  0.2911 
   00701    0.3806  -18288.6830  0.2921 
   00702    0.3925  -18270.5575  0.2900 
   00703    0.4075  -18215.0403  0.2888 
   00704    0.3887  -18196.7103  0.2887 
   00705    0.3925  -18171.5160  0.2892 
   00706    0.3981  -18168.2061  0.2894 
   00707    0.3862  -18181.4623  0.2928 
   00708    0.4300  -18242.4466  0.2920 
   00709    0.4062  -18222.5314  0.2934 
   00710    0.3956  -18276.4157  0.2914 
   00711    0.4050  -18290.3981  0.2911 
   00712    0.4219  -18361.2479  0.2918 
   00713    0.3931  -18366.4147  0.2904 
   00714    0.3962  -18331.4348  0.2902 
   00715    0.3987  -18341.6024  0.2909 
   00716    0.4069  -18358.8557  0.2971 
   00717    0.3831  -18326.5928  0.2951 
   00718    0.3869  -18324.0914  0.2953 
   00719    0.4250  -18252.2112  0.2966 
   00720    0.4206  -18236.2534  0.2975 
   00721    0.3894  -18211.1716  0.2963 
   00722    0.4050  -18167.8185  0.2979 
   00723    0.4144  -18184.3638  0.2942 
   00724    0.4081  -18189.3903  0.2913 
   00725    0.4238  -18149.5464  0.2901 
   00726    0.4113  -18122.0851  0.2899 
   00727    0.4119  -18101.9660  0.2867 
   00728    0.3713  -18084.7609  0.2863 
   00729    0.4119  -18035.0736  0.2869 
   00730    0.3931  -18023.8946  0.2897 
   00731    0.4175  -18011.4294  0.2916 
   00732    0.4113  -18025.2665  0.2909 
   00733    0.3881  -18040.0578  0.2926 
   00734    0.3900  -17973.3407  0.2924 
   00735    0.4062  -17941.1574  0.2963 
   00736    0.3981  -17954.3261  0.2970 
   00737    0.4044  -17976.1485  0.2964 
   00738    0.4219  -17966.6906  0.2958 
   00739    0.3962  -18018.6989  0.2992 
   00740    0.4062  -18024.5180  0.3023 
   00741    0.3944  -18050.6283  0.3031 
   00742    0.3962  -17956.5178  0.3049 
   00743    0.3919  -17954.2374  0.3053 
   00744    0.3944  -17968.1234  0.3023 
   00745    0.4113  -18061.4372  0.3026 
   00746    0.4269  -18095.4158  0.3051 
   00747    0.3912  -18121.9095  0.3038 
   00748    0.3719  -18176.2402  0.3063 
   00749    0.4213  -18141.7093  0.3035 
   00750    0.4081  -18169.9045  0.3036 
   00751    0.4175  -18172.9315  0.3025 
   00752    0.3944  -18150.6543  0.3032 
   00753    0.3969  -18079.9987  0.3037 
   00754    0.4113  -18086.7045  0.3032 
   00755    0.4144  -18104.9642  0.3009 
   00756    0.3969  -18019.7706  0.3006 
   00757    0.3831  -17982.5072  0.3019 
   00758    0.4375  -17981.1133  0.3018 
   00759    0.4288  -17970.9853  0.3037 
   00760    0.4194  -17902.9118  0.3048 
   00761    0.4138  -17886.5164  0.3065 
   00762    0.4075  -17887.5654  0.3085 
   00763    0.3975  -17825.8138  0.3068 
   00764    0.4113  -17863.1793  0.3069 
   00765    0.3944  -17883.6419  0.3042 
   00766    0.4106  -17857.3941  0.3052 
   00767    0.4012  -17885.3390  0.3065 
   00768    0.4250  -17858.1928  0.3059 
   00769    0.4113  -17880.5719  0.3049 
   00770    0.3994  -17912.5772  0.3073 
   00771    0.4031  -17893.1796  0.3063 
   00772    0.3956  -17851.0939  0.3050 
   00773    0.4156  -17898.1882  0.3042 
   00774    0.3850  -17867.0340  0.3057 
   00775    0.4062  -17873.6433  0.3050 
   00776    0.3700  -17768.5670  0.3057 
   00777    0.3856  -17800.8914  0.3069 
   00778    0.4325  -17847.6799  0.3047 
   00779    0.3806  -17844.8831  0.3038 
   00780    0.4206  -17817.2282  0.3033 
   00781    0.4012  -17821.1743  0.3019 
   00782    0.4269  -17813.6745  0.3020 
   00783    0.4169  -17846.5217  0.3059 
   00784    0.4344  -17713.6326  0.3061 
   00785    0.4163  -17850.1192  0.3047 
   00786    0.4069  -17868.0641  0.3007 
   00787    0.4225  -17900.3738  0.3011 
   00788    0.4144  -17895.2461  0.3042 
   00789    0.4213  -17900.8089  0.3051 
   00790    0.4163  -17900.1640  0.3021 
   00791    0.4150  -17910.2168  0.3032 
   00792    0.3887  -17963.2392  0.3038 
   00793    0.4163  -18002.9188  0.3032 
   00794    0.4025  -18029.6546  0.3035 
   00795    0.4263  -17983.3425  0.2997 
   00796    0.3987  -18055.8876  0.3000 
   00797    0.4019  -18073.0985  0.3034 
   00798    0.4163  -18108.1054  0.3046 
   00799    0.3969  -18081.4260  0.3080 
   00800    0.4012  -18117.4203  0.3073 
   00801    0.3987  -18059.2028  0.3061 
   00802    0.4181  -17974.1010  0.3061 
   00803    0.4075  -17992.2394  0.3087 
   00804    0.4150  -18052.1184  0.3091 
   00805    0.4200  -18020.3419  0.3062 
   00806    0.3962  -17992.9475  0.3072 
   00807    0.3925  -17989.9020  0.3058 
   00808    0.4175  -17972.7886  0.3067 
   00809    0.4094  -17869.9576  0.3065 
   00810    0.4075  -17843.9760  0.3066 
   00811    0.4069  -17899.5137  0.3078 
   00812    0.3887  -17866.6138  0.3087 
   00813    0.3975  -17898.1172  0.3066 
   00814    0.3987  -17873.9855  0.3099 
   00815    0.4006  -17848.1420  0.3104 
   00816    0.4069  -17850.5898  0.3085 
   00817    0.4113  -17907.5944  0.3090 
   00818    0.3944  -17921.3874  0.3070 
   00819    0.3944  -17867.1526  0.3073 
   00820    0.4019  -17842.8176  0.3063 
   00821    0.4156  -17760.4974  0.3078 
   00822    0.4225  -17768.3818  0.3096 
   00823    0.4194  -17785.0491  0.3094 
   00824    0.4363  -17808.4762  0.3115 
   00825    0.4244  -17793.9020  0.3122 
   00826    0.3912  -17772.6059  0.3119 
   00827    0.4294  -17810.4999  0.3106 
   00828    0.4113  -17862.6909  0.3126 
   00829    0.4181  -17837.1158  0.3116 
   00830    0.4088  -17798.3664  0.3139 
   00831    0.3931  -17786.2750  0.3116 
   00832    0.4225  -17770.8013  0.3094 
   00833    0.4181  -17798.6707  0.3131 
   00834    0.4275  -17822.5391  0.3097 
   00835    0.4144  -17790.9764  0.3066 
   00836    0.4325  -17762.6801  0.3084 
   00837    0.4206  -17764.4698  0.3065 
   00838    0.4025  -17818.6151  0.3032 
   00839    0.4100  -17827.7889  0.3015 
   00840    0.4225  -17895.2250  0.3054 
   00841    0.4044  -17924.2931  0.3035 
   00842    0.4169  -17895.9125  0.3047 
   00843    0.3950  -17899.2067  0.3074 
   00844    0.4088  -17819.0534  0.3051 
   00845    0.3950  -17825.4470  0.3044 
   00846    0.4163  -17875.3334  0.3052 
   00847    0.4206  -17799.8136  0.3022 
   00848    0.4194  -17782.8406  0.3028 
   00849    0.4225  -17750.3341  0.3035 
   00850    0.4056  -17787.3277  0.3034 
   00851    0.4131  -17799.1297  0.3051 
   00852    0.4144  -17836.7853  0.3074 
   00853    0.4175  -17834.6892  0.3054 
   00854    0.4169  -17923.1994  0.3039 
   00855    0.4300  -17939.6745  0.3050 
   00856    0.4125  -17863.2648  0.3076 
   00857    0.3906  -17906.1949  0.3085 
   00858    0.3887  -17948.5121  0.3120 
   00859    0.4181  -17956.2497  0.3138 
   00860    0.4012  -17924.8720  0.3155 
   00861    0.3856  -17908.4708  0.3178 
   00862    0.3925  -17887.1630  0.3195 
   00863    0.4012  -17905.6588  0.3205 
   00864    0.4075  -17943.4608  0.3183 
   00865    0.3944  -17881.8486  0.3177 
   00866    0.4044  -17895.8600  0.3188 
   00867    0.4256  -17934.9798  0.3202 
   00868    0.4075  -17978.5301  0.3194 
   00869    0.3856  -17966.1817  0.3177 
   00870    0.4206  -17955.8019  0.3166 
   00871    0.3825  -17990.7260  0.3168 
   00872    0.4181  -17978.2812  0.3149 
   00873    0.3950  -17989.8920  0.3182 
   00874    0.4119  -17957.2514  0.3159 
   00875    0.4050  -17997.5542  0.3174 
   00876    0.4194  -18005.6216  0.3171 
   00877    0.4125  -17983.3009  0.3144 
   00878    0.3969  -17988.9920  0.3173 
   00879    0.4000  -17958.0892  0.3174 
   00880    0.4094  -18024.8367  0.3180 
   00881    0.4006  -18040.0609  0.3168 
   00882    0.4056  -18081.4911  0.3196 
   00883    0.3912  -18045.5191  0.3202 
   00884    0.4113  -18027.5735  0.3207 
   00885    0.3987  -17946.7583  0.3194 
   00886    0.3937  -17953.6289  0.3194 
   00887    0.4144  -17871.0042  0.3204 
   00888    0.3944  -17959.0387  0.3242 
   00889    0.4100  -17990.3465  0.3263 
   00890    0.4238  -18015.4529  0.3264 
   00891    0.4138  -17993.2018  0.3267 
   00892    0.4387  -18029.3920  0.3264 
   00893    0.3744  -18079.6528  0.3267 
   00894    0.3950  -18042.5988  0.3255 
   00895    0.3969  -18051.8530  0.3254 
   00896    0.3969  -18084.6839  0.3255 
   00897    0.4244  -18136.8420  0.3243 
   00898    0.3994  -18088.6245  0.3268 
   00899    0.3887  -18090.6545  0.3310 
   00900    0.4037  -18108.3588  0.3284 
   00901    0.4069  -18063.9086  0.3273 
   00902    0.3837  -18058.5914  0.3295 
   00903    0.3881  -18017.5132  0.3291 
   00904    0.3981  -18088.1427  0.3293 
   00905    0.4219  -18063.2143  0.3286 
   00906    0.4106  -18119.1547  0.3308 
   00907    0.4056  -18090.6589  0.3330 
   00908    0.4044  -18058.6522  0.3352 
   00909    0.4050  -18060.4308  0.3332 
   00910    0.4000  -18015.2492  0.3298 
   00911    0.4156  -17980.4195  0.3308 
   00912    0.3950  -17949.4363  0.3310 
   00913    0.4113  -17897.1709  0.3270 
   00914    0.4331  -17870.6290  0.3289 
   00915    0.3987  -17896.7961  0.3313 
   00916    0.4325  -17853.7531  0.3302 
   00917    0.3894  -17833.2052  0.3297 
   00918    0.4081  -17834.8273  0.3343 
   00919    0.4231  -17819.9962  0.3344 
   00920    0.4156  -17846.9498  0.3339 
   00921    0.3975  -17920.3992  0.3349 
   00922    0.3919  -17976.2353  0.3360 
   00923    0.3869  -17910.2409  0.3378 
   00924    0.4069  -17884.7372  0.3343 
   00925    0.3900  -17873.2326  0.3348 
   00926    0.4000  -17783.8708  0.3332 
   00927    0.4194  -17771.7307  0.3344 
   00928    0.4062  -17768.6725  0.3329 
   00929    0.4219  -17793.7688  0.3347 
   00930    0.4138  -17806.7417  0.3338 
   00931    0.3869  -17856.8651  0.3347 
   00932    0.4194  -17845.5320  0.3333 
   00933    0.4062  -17835.0316  0.3329 
   00934    0.3994  -17822.7905  0.3349 
   00935    0.4269  -17869.3555  0.3362 
   00936    0.4169  -17845.9570  0.3366 
   00937    0.3912  -17845.2087  0.3346 
   00938    0.4169  -17826.1749  0.3327 
   00939    0.4250  -17763.8333  0.3330 
   00940    0.4431  -17742.0285  0.3331 
   00941    0.4000  -17696.8450  0.3319 
   00942    0.4294  -17618.9401  0.3324 
   00943    0.4275  -17693.0603  0.3301 
   00944    0.4313  -17690.4723  0.3287 
   00945    0.4100  -17699.1816  0.3281 
   00946    0.4188  -17662.5391  0.3311 
   00947    0.4113  -17718.4269  0.3296 
   00948    0.4056  -17752.3975  0.3272 
   00949    0.4169  -17742.9454  0.3279 
   00950    0.4231  -17760.4334  0.3310 
   00951    0.3937  -17841.9907  0.3274 
   00952    0.4206  -17785.9884  0.3271 
   00953    0.4294  -17774.6233  0.3254 
   00954    0.4106  -17783.8445  0.3285 
   00955    0.4044  -17826.6645  0.3282 
   00956    0.4156  -17931.9236  0.3298 
   00957    0.4094  -17940.7421  0.3284 
   00958    0.4062  -18007.0585  0.3272 
   00959    0.4075  -18025.0429  0.3265 
   00960    0.4106  -18000.3154  0.3300 
   00961    0.4181  -17958.6071  0.3305 
   00962    0.4094  -17880.3218  0.3306 
   00963    0.4081  -17885.3232  0.3309 
   00964    0.3969  -17942.2878  0.3306 
   00965    0.4075  -17900.7977  0.3309 
   00966    0.4238  -17868.8108  0.3303 
   00967    0.4113  -17896.7222  0.3287 
   00968    0.3975  -17837.5214  0.3275 
   00969    0.4119  -17907.1610  0.3279 
   00970    0.3906  -17859.4057  0.3335 
   00971    0.4150  -17879.1622  0.3337 
   00972    0.4037  -17920.1761  0.3334 
   00973    0.4062  -17895.7348  0.3309 
   00974    0.4281  -17898.4155  0.3331 
   00975    0.3962  -17832.3071  0.3314 
   00976    0.4244  -17885.8541  0.3327 
   00977    0.4019  -17816.8042  0.3329 
   00978    0.3950  -17847.6017  0.3311 
   00979    0.4206  -17839.1218  0.3317 
   00980    0.4275  -17797.2880  0.3324 
   00981    0.3944  -17767.3929  0.3303 
   00982    0.4044  -17813.1974  0.3298 
   00983    0.4019  -17850.0422  0.3324 
   00984    0.4056  -17899.1424  0.3350 
   00985    0.3919  -17945.7535  0.3378 
   00986    0.4144  -17961.9780  0.3397 
   00987    0.3931  -17968.0896  0.3414 
   00988    0.4119  -17962.6854  0.3417 
   00989    0.4206  -17967.0816  0.3392 
   00990    0.3875  -17925.1312  0.3365 
   00991    0.4081  -18018.2452  0.3349 
   00992    0.3806  -17968.9005  0.3349 
   00993    0.4256  -17971.5958  0.3362 
   00994    0.4094  -17934.0817  0.3366 
   00995    0.3837  -17923.1526  0.3385 
   00996    0.4037  -17961.8686  0.3377 
   00997    0.3994  -17886.6027  0.3365 
   00998    0.4081  -17833.0212  0.3322 
   00999    0.4100  -17857.2589  0.3314 
   01000    0.4219  -17896.6780  0.3298 
