#=====================================================
# File created:        Tue-07-Nov-2023-at-11-57-11AM
# Size of lattice:     20x20
# Number of MC steps:  1000
# Reduced temperature: 1.400
# Run time (s):        12.521666
#=====================================================
# MC step:  Ratio:     Energy:   Order:
#=====================================================
   00000    0.5000    -413.5238  0.2849 
   00001    0.7225    -643.1406  0.2667 
   00002    0.6750    -673.6180  0.3242 
   00003    0.6200    -707.2654  0.3283 
   00004    0.6100    -742.4149  0.3034 
   00005    0.6450    -752.1898  0.2792 
   00006    0.6375    -776.8528  0.3139 
   00007    0.6100    -763.2247  0.2948 
   00008    0.6375    -782.0783  0.3469 
   00009    0.6050    -758.0156  0.3021 
   00010    0.6625    -733.0738  0.3034 
   00011    0.6075    -734.6166  0.3126 
   00012    0.6825    -749.6494  0.3283 
   00013    0.5800    -787.2884  0.3192 
   00014    0.5725    -769.3067  0.2858 
   00015    0.6000    -760.7488  0.2835 
   00016    0.6300    -763.2394  0.3057 
   00017    0.6150    -746.1391  0.2718 
   00018    0.6725    -754.2034  0.2836 
   00019    0.6375    -736.3020  0.3132 
   00020    0.5625    -725.6910  0.3114 
   00021    0.6150    -742.5956  0.3327 
   00022    0.6300    -714.9564  0.3309 
   00023    0.6100    -722.1315  0.3337 
   00024    0.6025    -728.9868  0.3097 
   00025    0.5975    -789.9192  0.2850 
   00026    0.5875    -772.7461  0.2798 
   00027    0.6425    -742.9843  0.2937 
   00028    0.6225    -722.2783  0.3139 
   00029    0.6375    -707.0099  0.3022 
   00030    0.6750    -699.5241  0.3147 
   00031    0.6825    -756.4129  0.3454 
   00032    0.5850    -754.0800  0.3371 
   00033    0.6125    -746.1575  0.3407 
   00034    0.6075    -759.3380  0.3572 
   00035    0.5900    -703.8644  0.3426 
   00036    0.6425    -746.9237  0.3683 
   00037    0.5975    -790.6939  0.3513 
   00038    0.6500    -717.7577  0.3116 
   00039    0.6575    -732.2453  0.3467 
   00040    0.6050    -740.0099  0.3554 
   00041    0.6275    -758.7978  0.3441 
   00042    0.6175    -730.8076  0.3359 
   00043    0.5875    -733.0217  0.3493 
   00044    0.6625    -731.1149  0.3074 
   00045    0.5925    -754.9337  0.2939 
   00046    0.5900    -722.6523  0.2835 
   00047    0.6350    -675.7153  0.2874 
   00048    0.6475    -750.8474  0.3174 
   00049    0.6500    -747.7945  0.3130 
   00050    0.6500    -716.3212  0.3382 
   00051    0.6325    -773.1945  0.3297 
   00052    0.5900    -777.4570  0.3036 
   00053    0.5900    -801.5202  0.3270 
   00054    0.6150    -777.0614  0.3286 
   00055    0.5675    -817.1831  0.3234 
   00056    0.5950    -791.4948  0.3612 
   00057    0.5950    -782.1909  0.3372 
   00058    0.6125    -765.6493  0.3178 
   00059    0.6475    -764.0891  0.3190 
   00060    0.6200    -717.9273  0.3181 
   00061    0.6475    -739.8501  0.3159 
   00062    0.6675    -750.1006  0.2936 
   00063    0.6325    -744.4538  0.2816 
   00064    0.6175    -748.7954  0.2918 
   00065    0.5700    -746.7584  0.3005 
   00066    0.6325    -739.7359  0.2897 
   00067    0.6100    -762.5978  0.3174 
   00068    0.5925    -807.0651  0.3452 
   00069    0.5775    -785.7377  0.3158 
   00070    0.6075    -729.9332  0.2636 
   00071    0.5950    -753.5726  0.3142 
   00072    0.6250    -715.4095  0.3141 
   00073    0.6475    -751.6769  0.2851 
   00074    0.6300    -742.8841  0.2823 
   00075    0.6275    -730.0402  0.2569 
   00076    0.6750    -724.9186  0.3338 
   00077    0.6175    -770.8783  0.3088 
   00078    0.5900    -769.3463  0.3293 
   00079    0.6175    -746.9605  0.3593 
   00080    0.6225    -739.7339  0.3298 
   00081    0.6400    -771.2994  0.3243 
   00082    0.6500    -738.5140  0.3232 
   00083    0.5850    -801.8173  0.3674 
   00084    0.5800    -767.1683  0.4029 
   00085    0.5925    -814.3733  0.3884 
   00086    0.6000    -770.5631  0.3917 
   00087    0.6275    -747.1160  0.3649 
   00088    0.6300    -761.5746  0.3685 
   00089    0.5975    -785.1617  0.3623 
   00090    0.6100    -732.5638  0.3239 
   00091    0.6375    -726.0971  0.3315 
   00092    0.5625    -767.0455  0.3607 
   00093    0.5975    -760.9504  0.3733 
   00094    0.6300    -783.2247  0.3445 
   00095    0.5950    -736.7308  0.3297 
   00096    0.6400    -747.1484  0.3215 
   00097    0.6550    -736.3645  0.2977 
   00098    0.6225    -756.5768  0.2863 
   00099    0.6350    -765.8067  0.2803 
   00100    0.6150    -752.5087  0.2944 
   00101    0.5875    -749.9642  0.2962 
   00102    0.5875    -774.8656  0.3163 
   00103    0.6250    -759.6879  0.3170 
   00104    0.6225    -797.8793  0.3002 
   00105    0.5525    -780.5132  0.2986 
   00106    0.5975    -758.2021  0.2635 
   00107    0.6225    -741.8099  0.2951 
   00108    0.6350    -733.8722  0.2956 
   00109    0.6500    -755.4415  0.2749 
   00110    0.6350    -716.8647  0.3136 
   00111    0.6250    -733.1746  0.2983 
   00112    0.6200    -750.0580  0.2702 
   00113    0.6175    -780.3432  0.2660 
   00114    0.5525    -764.0684  0.2785 
   00115    0.6175    -772.7325  0.2893 
   00116    0.5975    -790.6564  0.2725 
   00117    0.5900    -766.8947  0.2984 
   00118    0.6100    -801.0087  0.2699 
   00119    0.5700    -828.2745  0.2830 
   00120    0.6225    -786.8350  0.2995 
   00121    0.5850    -764.4141  0.2981 
   00122    0.6275    -791.3770  0.3004 
   00123    0.5700    -808.0077  0.2751 
   00124    0.5850    -792.6206  0.2591 
   00125    0.5775    -779.8246  0.2607 
   00126    0.6150    -779.3274  0.3077 
   00127    0.5825    -759.5649  0.2887 
   00128    0.5725    -752.4642  0.2865 
   00129    0.5950    -774.5547  0.2777 
   00130    0.5675    -824.1499  0.2973 
   00131    0.6375    -774.4184  0.2925 
   00132    0.6825    -758.5646  0.2867 
   00133    0.6025    -754.3618  0.3419 
   00134    0.6050    -782.6255  0.3838 
   00135    0.5725    -775.4379  0.3282 
   00136    0.5400    -781.6764  0.2836 
   00137    0.5900    -822.6453  0.2706 
   00138    0.6200    -741.2775  0.2791 
   00139    0.6325    -786.5476  0.2836 
   00140    0.6125    -763.2468  0.2632 
   00141    0.6275    -820.3134  0.2948 
   00142    0.6275    -797.8834  0.2709 
   00143    0.5875    -777.6206  0.3126 
   00144    0.6175    -761.8586  0.2961 
   00145    0.6175    -764.9682  0.2966 
   00146    0.6425    -742.0298  0.3105 
   00147    0.6300    -756.5097  0.3415 
   00148    0.5725    -743.0156  0.3226 
   00149    0.6200    -729.8559  0.3035 
   00150    0.6275    -723.1635  0.2555 
   00151    0.5850    -740.1804  0.2751 
   00152    0.6025    -719.4329  0.2610 
   00153    0.6275    -715.0821  0.2770 
   00154    0.6375    -699.7033  0.3261 
   00155    0.6225    -691.9026  0.3053 
   00156    0.6250    -748.5236  0.3402 
   00157    0.6000    -747.3044  0.3132 
   00158    0.6000    -723.4078  0.2917 
   00159    0.6625    -698.9770  0.3183 
   00160    0.6625    -768.3413  0.3439 
   00161    0.6400    -773.8574  0.3546 
   00162    0.5975    -776.2883  0.3568 
   00163    0.5575    -775.0733  0.3299 
   00164    0.6275    -792.0490  0.3280 
   00165    0.6475    -804.7006  0.3753 
   00166    0.6150    -796.2140  0.3370 
   00167    0.6000    -753.1285  0.3264 
   00168    0.6700    -795.0824  0.3070 
   00169    0.6225    -743.3057  0.3034 
   00170    0.5650    -803.5001  0.2999 
   00171    0.5525    -839.9254  0.2568 
   00172    0.5675    -789.9786  0.2640 
   00173    0.6075    -766.2711  0.2675 
   00174    0.5625    -825.7245  0.2819 
   00175    0.6100    -816.4439  0.3170 
   00176    0.6200    -803.4247  0.3378 
   00177    0.6225    -741.4139  0.3388 
   00178    0.6350    -769.6788  0.3380 
   00179    0.5875    -729.5088  0.3231 
   00180    0.6100    -717.8026  0.3365 
   00181    0.6350    -759.1667  0.3073 
   00182    0.6375    -781.5997  0.2732 
   00183    0.5925    -732.1330  0.2741 
   00184    0.6075    -742.2221  0.3088 
   00185    0.6350    -792.7254  0.3171 
   00186    0.5900    -788.6311  0.3423 
   00187    0.5700    -783.5154  0.3694 
   00188    0.5675    -795.7108  0.3698 
   00189    0.5800    -780.4654  0.3315 
   00190    0.5975    -766.2887  0.3434 
   00191    0.5900    -785.0014  0.3259 
   00192    0.6350    -773.9444  0.3136 
   00193    0.5950    -798.7956  0.2953 
   00194    0.6125    -794.1199  0.3289 
   00195    0.6225    -759.2131  0.3483 
   00196    0.6000    -776.3122  0.3198 
   00197    0.5850    -749.6867  0.3222 
   00198    0.6300    -714.5998  0.2872 
   00199    0.6100    -769.3333  0.2685 
   00200    0.5875    -742.5700  0.2836 
   00201    0.6475    -735.6889  0.2706 
   00202    0.6150    -710.8250  0.3113 
   00203    0.6125    -758.2263  0.3073 
   00204    0.5950    -762.4077  0.3165 
   00205    0.6275    -758.3515  0.2822 
   00206    0.6150    -754.8911  0.3167 
   00207    0.6050    -752.8478  0.3476 
   00208    0.5800    -737.6334  0.3420 
   00209    0.6075    -791.3898  0.3255 
   00210    0.5925    -785.2645  0.2851 
   00211    0.5875    -776.4693  0.3226 
   00212    0.6200    -753.2048  0.3086 
   00213    0.6575    -752.7802  0.2946 
   00214    0.6525    -784.6593  0.3460 
   00215    0.6100    -764.7594  0.3426 
   00216    0.6575    -718.9977  0.3269 
   00217    0.6650    -756.1457  0.3711 
   00218    0.6125    -744.7553  0.3873 
   00219    0.6400    -758.5750  0.3960 
   00220    0.6475    -712.9611  0.3381 
   00221    0.6825    -656.7247  0.3619 
   00222    0.6600    -703.4819  0.3876 
   00223    0.6300    -705.9720  0.3962 
   00224    0.5875    -722.3715  0.4308 
   00225    0.6175    -739.8716  0.4424 
   00226    0.6525    -742.0093  0.4182 
   00227    0.5925    -743.7220  0.4247 
   00228    0.6750    -724.0769  0.3960 
   00229    0.6425    -774.0886  0.3923 
   00230    0.6125    -752.4179  0.3575 
   00231    0.5775    -787.4912  0.3653 
   00232    0.6200    -809.9296  0.3565 
   00233    0.5450    -825.8882  0.3327 
   00234    0.5100    -824.1133  0.3431 
   00235    0.5925    -820.9421  0.3363 
   00236    0.6075    -768.2438  0.3394 
   00237    0.5525    -822.4334  0.3373 
   00238    0.5700    -789.2923  0.3740 
   00239    0.6250    -756.0453  0.3801 
   00240    0.6250    -756.0295  0.3375 
   00241    0.5775    -766.6173  0.3000 
   00242    0.5725    -748.0474  0.2929 
   00243    0.5900    -762.2390  0.3313 
   00244    0.6200    -789.6904  0.3112 
   00245    0.6150    -785.4342  0.3183 
   00246    0.5950    -796.3588  0.3179 
   00247    0.6175    -807.0146  0.3300 
   00248    0.5900    -787.7079  0.2895 
   00249    0.5850    -798.6488  0.3039 
   00250    0.6100    -787.4270  0.3361 
   00251    0.6350    -791.2076  0.3651 
   00252    0.5575    -781.3315  0.3633 
   00253    0.6000    -731.8274  0.2888 
   00254    0.6750    -720.8989  0.2847 
   00255    0.6125    -766.3402  0.3028 
   00256    0.6000    -793.5997  0.3026 
   00257    0.6025    -771.2239  0.2882 
   00258    0.5925    -755.4804  0.2654 
   00259    0.6000    -739.5593  0.2533 
   00260    0.5475    -760.2202  0.2898 
   00261    0.6600    -723.3402  0.3430 
   00262    0.6350    -685.9520  0.3059 
   00263    0.6525    -721.7596  0.3160 
   00264    0.6525    -702.6834  0.3238 
   00265    0.6375    -717.9877  0.3014 
   00266    0.6025    -713.3201  0.2783 
   00267    0.6150    -755.4982  0.3105 
   00268    0.6225    -735.6829  0.2645 
   00269    0.6525    -774.6771  0.2798 
   00270    0.6250    -779.2325  0.2885 
   00271    0.6075    -751.9204  0.3538 
   00272    0.6150    -743.7457  0.3310 
   00273    0.5850    -699.7168  0.3161 
   00274    0.6525    -690.7868  0.3660 
   00275    0.6725    -698.7648  0.3784 
   00276    0.5775    -739.6778  0.4002 
   00277    0.6425    -731.7661  0.3652 
   00278    0.5925    -750.6218  0.3626 
   00279    0.5925    -741.7966  0.3752 
   00280    0.6125    -730.3923  0.3903 
   00281    0.6450    -767.8448  0.4265 
   00282    0.5950    -794.4291  0.4134 
   00283    0.6000    -800.3484  0.4145 
   00284    0.6325    -737.8253  0.3898 
   00285    0.5650    -807.1189  0.4100 
   00286    0.5900    -795.3284  0.4331 
   00287    0.5825    -775.3657  0.3902 
   00288    0.5725    -730.1015  0.3737 
   00289    0.6750    -730.5981  0.3872 
   00290    0.6400    -756.3134  0.3696 
   00291    0.5750    -757.5301  0.3594 
   00292    0.5900    -738.4105  0.3401 
   00293    0.6125    -716.8052  0.3216 
   00294    0.5950    -745.8974  0.3280 
   00295    0.6000    -753.7433  0.3450 
   00296    0.5975    -733.7163  0.3352 
   00297    0.6550    -737.0607  0.3011 
   00298    0.6150    -759.2059  0.3375 
   00299    0.6025    -773.3841  0.3486 
   00300    0.6350    -805.5813  0.3390 
   00301    0.5725    -758.5902  0.3362 
   00302    0.5800    -811.1850  0.3168 
   00303    0.6075    -738.6090  0.3227 
   00304    0.6275    -727.9530  0.3236 
   00305    0.6525    -746.9587  0.3140 
   00306    0.6075    -730.8800  0.3039 
   00307    0.5925    -729.1140  0.3215 
   00308    0.6475    -767.4733  0.2978 
   00309    0.5600    -760.0066  0.2831 
   00310    0.6575    -766.7690  0.3136 
   00311    0.5600    -774.8399  0.3201 
   00312    0.5875    -787.3307  0.2926 
   00313    0.6250    -773.8863  0.2919 
   00314    0.6150    -789.7300  0.3280 
   00315    0.6325    -756.8452  0.2832 
   00316    0.6200    -766.0720  0.3179 
   00317    0.6125    -747.7595  0.3059 
   00318    0.6175    -772.5820  0.3071 
   00319    0.5875    -786.0866  0.3312 
   00320    0.6025    -804.9440  0.3249 
   00321    0.6025    -775.2710  0.3346 
   00322    0.6275    -756.7878  0.3092 
   00323    0.5925    -794.0190  0.3469 
   00324    0.6000    -742.0646  0.3475 
   00325    0.6175    -745.4690  0.3381 
   00326    0.6250    -731.5482  0.2969 
   00327    0.6600    -677.1501  0.2967 
   00328    0.6650    -661.7952  0.2968 
   00329    0.6525    -672.7012  0.2954 
   00330    0.6775    -713.6785  0.3329 
   00331    0.5825    -780.2032  0.3807 
   00332    0.6100    -759.6394  0.3583 
   00333    0.6250    -739.5130  0.3294 
   00334    0.5725    -745.5590  0.3427 
   00335    0.6150    -707.6639  0.3354 
   00336    0.6600    -757.6521  0.3431 
   00337    0.5700    -758.7969  0.3377 
   00338    0.6425    -704.7287  0.3370 
   00339    0.6750    -700.4562  0.3313 
   00340    0.6525    -719.9051  0.3428 
   00341    0.6250    -708.3958  0.3242 
   00342    0.5800    -743.9242  0.3357 
   00343    0.5825    -782.6171  0.3237 
   00344    0.6700    -764.7367  0.3109 
   00345    0.5975    -732.7352  0.2979 
   00346    0.6150    -757.5747  0.3127 
   00347    0.6650    -800.8094  0.3432 
   00348    0.5750    -774.1031  0.3234 
   00349    0.6250    -782.9149  0.3528 
   00350    0.6200    -752.8206  0.3481 
   00351    0.5750    -773.5981  0.3681 
   00352    0.5775    -821.2982  0.3354 
   00353    0.6125    -829.4378  0.3256 
   00354    0.6100    -803.8477  0.3482 
   00355    0.5800    -781.5465  0.3641 
   00356    0.6050    -805.3566  0.3565 
   00357    0.5625    -754.2509  0.3008 
   00358    0.6400    -779.5535  0.3166 
   00359    0.5950    -768.2870  0.2822 
   00360    0.6050    -761.8273  0.2952 
   00361    0.6075    -801.7788  0.2870 
   00362    0.6125    -813.3190  0.3128 
   00363    0.5900    -758.7621  0.2693 
   00364    0.6250    -792.3795  0.2970 
   00365    0.5750    -753.6132  0.3041 
   00366    0.6225    -745.5117  0.3120 
   00367    0.6125    -711.2109  0.3064 
   00368    0.6125    -718.1271  0.2686 
   00369    0.6025    -732.2469  0.3217 
   00370    0.5825    -760.1356  0.2973 
   00371    0.5850    -746.8319  0.2973 
   00372    0.6100    -769.7914  0.2693 
   00373    0.6175    -730.9010  0.2672 
   00374    0.6425    -711.9706  0.2625 
   00375    0.6075    -758.2533  0.2871 
   00376    0.5900    -771.3787  0.3243 
   00377    0.6375    -748.0119  0.3066 
   00378    0.6050    -775.3273  0.3132 
   00379    0.6600    -738.5103  0.2987 
   00380    0.6075    -768.8659  0.2765 
   00381    0.5925    -799.1525  0.2974 
   00382    0.5975    -777.9613  0.2692 
   00383    0.6275    -751.9878  0.2720 
   00384    0.6200    -723.1546  0.2843 
   00385    0.6275    -747.6379  0.3109 
   00386    0.6100    -762.4287  0.3047 
   00387    0.6300    -720.8400  0.2900 
   00388    0.6550    -729.6565  0.2910 
   00389    0.6375    -726.4645  0.2662 
   00390    0.5900    -780.8729  0.2847 
   00391    0.5725    -776.4336  0.3152 
   00392    0.5975    -772.6265  0.3236 
   00393    0.6325    -774.1214  0.2768 
   00394    0.6125    -783.0310  0.2949 
   00395    0.6200    -728.6094  0.2792 
   00396    0.6300    -742.1616  0.2865 
   00397    0.6625    -759.0741  0.2904 
   00398    0.6400    -751.1938  0.2795 
   00399    0.5750    -774.2474  0.2776 
   00400    0.5800    -781.5366  0.3322 
   00401    0.6000    -740.0037  0.3291 
   00402    0.6475    -695.8513  0.2771 
   00403    0.6650    -739.6191  0.2609 
   00404    0.6575    -738.0773  0.3130 
   00405    0.5650    -784.5973  0.3275 
   00406    0.6150    -819.9990  0.3244 
   00407    0.5875    -804.6947  0.3103 
   00408    0.6125    -811.6560  0.3221 
   00409    0.6050    -741.5268  0.3345 
   00410    0.6400    -722.5585  0.3097 
   00411    0.6200    -736.8247  0.3001 
   00412    0.6375    -782.1180  0.2705 
   00413    0.5975    -777.7181  0.2972 
   00414    0.6125    -741.5368  0.2956 
   00415    0.6075    -754.1157  0.2759 
   00416    0.6025    -718.4683  0.2920 
   00417    0.6075    -710.4842  0.2973 
   00418    0.5950    -690.1427  0.2814 
   00419    0.6825    -702.6783  0.2896 
   00420    0.6150    -725.3474  0.2876 
   00421    0.6625    -726.2352  0.2696 
   00422    0.6225    -691.7250  0.3261 
   00423    0.6625    -697.4603  0.3163 
   00424    0.6375    -715.8512  0.3071 
   00425    0.6200    -693.3439  0.3180 
   00426    0.6625    -695.6677  0.3075 
   00427    0.6225    -697.5976  0.2924 
   00428    0.6575    -721.6165  0.2898 
   00429    0.6725    -730.6644  0.3448 
   00430    0.5800    -738.0937  0.3550 
   00431    0.6425    -777.3925  0.3565 
   00432    0.6050    -736.5740  0.3388 
   00433    0.5950    -793.2256  0.3782 
   00434    0.5775    -789.2341  0.3729 
   00435    0.6200    -806.0328  0.3149 
   00436    0.5700    -806.8693  0.3131 
   00437    0.5900    -812.5702  0.2953 
   00438    0.5475    -855.5077  0.2961 
   00439    0.5725    -806.2699  0.3111 
   00440    0.5900    -773.0541  0.3107 
   00441    0.6150    -814.8402  0.2926 
   00442    0.5600    -794.9145  0.3105 
   00443    0.6175    -786.6381  0.2842 
   00444    0.5850    -788.7621  0.3109 
   00445    0.5950    -797.7744  0.3146 
   00446    0.6000    -877.6851  0.2931 
   00447    0.5275    -843.6383  0.3157 
   00448    0.6000    -795.6677  0.3006 
   00449    0.5600    -812.3945  0.3011 
   00450    0.6125    -810.3100  0.2620 
   00451    0.5975    -777.7229  0.2813 
   00452    0.6450    -758.9946  0.2751 
   00453    0.5825    -777.4613  0.2882 
   00454    0.5675    -799.9908  0.2551 
   00455    0.5875    -747.2692  0.2952 
   00456    0.5800    -791.1191  0.2834 
   00457    0.6200    -763.4523  0.2652 
   00458    0.6100    -735.3201  0.2737 
   00459    0.6300    -765.6573  0.2957 
   00460    0.6000    -751.1291  0.2762 
   00461    0.6150    -744.9012  0.2817 
   00462    0.6375    -693.3730  0.2921 
   00463    0.6700    -650.9430  0.2675 
   00464    0.6450    -721.5531  0.2700 
   00465    0.6625    -730.4558  0.2875 
   00466    0.6450    -733.0004  0.2845 
   00467    0.6000    -741.5882  0.3071 
   00468    0.6550    -726.5682  0.3080 
   00469    0.6450    -739.8935  0.3009 
   00470    0.6125    -737.8096  0.3080 
   00471    0.5675    -794.2955  0.3262 
   00472    0.6150    -769.2366  0.2894 
   00473    0.6200    -735.2596  0.3329 
   00474    0.5950    -736.9312  0.3313 
   00475    0.5950    -752.3716  0.3742 
   00476    0.6250    -753.6531  0.3946 
   00477    0.5775    -790.6748  0.3986 
   00478    0.6225    -770.2294  0.3569 
   00479    0.5975    -783.6664  0.3545 
   00480    0.6100    -755.9730  0.3641 
   00481    0.6525    -726.4479  0.3258 
   00482    0.5950    -755.0983  0.3429 
   00483    0.6150    -788.0659  0.3509 
   00484    0.6675    -741.5783  0.3262 
   00485    0.6250    -753.0252  0.3572 
   00486    0.6000    -756.5271  0.3462 
   00487    0.6400    -751.5104  0.3068 
   00488    0.6150    -735.4413  0.3086 
   00489    0.6525    -755.7141  0.3438 
   00490    0.6275    -768.9789  0.3399 
   00491    0.5925    -734.4855  0.3561 
   00492    0.6200    -714.3558  0.3403 
   00493    0.6575    -731.1458  0.3681 
   00494    0.6350    -731.6900  0.3299 
   00495    0.6750    -715.6849  0.3039 
   00496    0.6250    -714.4188  0.3021 
   00497    0.6175    -763.5853  0.3104 
   00498    0.6050    -745.3989  0.3298 
   00499    0.5925    -781.0535  0.3612 
   00500    0.6450    -711.5310  0.3719 
   00501    0.6025    -754.3495  0.3481 
   00502    0.5900    -781.9968  0.3906 
   00503    0.6175    -760.1156  0.4184 
   00504    0.6075    -726.0708  0.4242 
   00505    0.6175    -798.1812  0.4171 
   00506    0.6300    -779.7608  0.3827 
   00507    0.6100    -770.2111  0.3883 
   00508    0.6525    -723.7253  0.3754 
   00509    0.5700    -776.1800  0.3831 
   00510    0.5850    -790.2603  0.3636 
   00511    0.6425    -768.1065  0.3717 
   00512    0.5800    -746.3041  0.3631 
   00513    0.6600    -731.3172  0.3454 
   00514    0.6750    -710.0436  0.3261 
   00515    0.6550    -719.0436  0.3357 
   00516    0.5725    -763.9076  0.3173 
   00517    0.6125    -780.9244  0.3358 
   00518    0.5700    -831.0801  0.3402 
   00519    0.5775    -796.9518  0.3161 
   00520    0.5975    -766.4537  0.2990 
   00521    0.6175    -714.1927  0.3041 
   00522    0.6250    -774.9050  0.3303 
   00523    0.5875    -768.6377  0.3417 
   00524    0.6300    -758.5461  0.3650 
   00525    0.5675    -817.2742  0.4098 
   00526    0.6100    -773.8347  0.3668 
   00527    0.6050    -799.8037  0.3675 
   00528    0.5975    -785.0897  0.3783 
   00529    0.5875    -788.0347  0.3822 
   00530    0.6200    -759.2525  0.3881 
   00531    0.6125    -693.0629  0.3352 
   00532    0.6600    -682.4748  0.3483 
   00533    0.6875    -702.9408  0.3653 
   00534    0.6825    -768.8448  0.3737 
   00535    0.6125    -750.3697  0.3911 
   00536    0.6150    -710.8755  0.3810 
   00537    0.6300    -740.1565  0.3419 
   00538    0.6550    -741.2392  0.2968 
   00539    0.6275    -738.5178  0.2993 
   00540    0.5850    -789.9990  0.3009 
   00541    0.6100    -748.0390  0.2851 
   00542    0.6150    -737.7361  0.3195 
   00543    0.6500    -705.3681  0.3712 
   00544    0.6300    -723.9829  0.4092 
   00545    0.6250    -698.4651  0.4115 
   00546    0.6250    -692.7565  0.4176 
   00547    0.6525    -758.5955  0.4169 
   00548    0.6250    -762.4610  0.3993 
   00549    0.5950    -753.6108  0.4090 
   00550    0.6550    -770.1899  0.3670 
   00551    0.5550    -762.1741  0.3755 
   00552    0.6500    -788.7555  0.3848 
   00553    0.5975    -779.1867  0.3955 
   00554    0.5850    -777.2667  0.3582 
   00555    0.5975    -751.7229  0.3437 
   00556    0.6175    -767.6822  0.4095 
   00557    0.6650    -800.1728  0.3590 
   00558    0.6300    -787.3626  0.3887 
   00559    0.6175    -792.7612  0.3761 
   00560    0.5800    -804.7121  0.3869 
   00561    0.5925    -787.2864  0.3595 
   00562    0.6175    -832.9239  0.3610 
   00563    0.6225    -738.2131  0.3173 
   00564    0.5925    -709.6429  0.3047 
   00565    0.6650    -720.9246  0.2809 
   00566    0.6050    -752.1118  0.2824 
   00567    0.5725    -748.1543  0.2893 
   00568    0.5875    -742.3773  0.2982 
   00569    0.6200    -772.4101  0.2684 
   00570    0.5850    -710.5902  0.3117 
   00571    0.6000    -757.3551  0.2737 
   00572    0.6550    -746.6513  0.3254 
   00573    0.6100    -747.4517  0.3151 
   00574    0.6275    -762.8119  0.3460 
   00575    0.5825    -790.5036  0.3303 
   00576    0.6200    -793.7159  0.3083 
   00577    0.5975    -759.2494  0.3251 
   00578    0.6125    -755.7778  0.2978 
   00579    0.5950    -752.3210  0.2774 
   00580    0.5975    -770.2233  0.2952 
   00581    0.6350    -768.0429  0.3109 
   00582    0.5850    -770.5575  0.3151 
   00583    0.6500    -722.9601  0.3178 
   00584    0.6675    -718.8384  0.2907 
   00585    0.5675    -761.3164  0.2996 
   00586    0.5925    -735.4049  0.2827 
   00587    0.6400    -746.8884  0.3128 
   00588    0.6075    -754.5029  0.3605 
   00589    0.6350    -691.3187  0.3562 
   00590    0.6725    -720.3919  0.3081 
   00591    0.6025    -714.6269  0.2840 
   00592    0.6275    -722.9955  0.3089 
   00593    0.6350    -690.9714  0.2825 
   00594    0.6100    -761.8269  0.3086 
   00595    0.6100    -741.5447  0.3292 
   00596    0.6375    -724.7613  0.3687 
   00597    0.6100    -761.3292  0.3678 
   00598    0.5800    -731.1567  0.3667 
   00599    0.6200    -773.3830  0.3384 
   00600    0.5875    -775.1915  0.3544 
   00601    0.5825    -759.4429  0.3675 
   00602    0.6150    -774.8521  0.3605 
   00603    0.5400    -813.2422  0.3333 
   00604    0.6225    -762.3194  0.3193 
   00605    0.6525    -736.6707  0.3380 
   00606    0.6250    -769.3187  0.3629 
   00607    0.6375    -791.3810  0.3844 
   00608    0.6275    -804.6191  0.3994 
   00609    0.5950    -732.2335  0.3944 
   00610    0.6500    -710.0789  0.3639 
   00611    0.5875    -747.6914  0.3639 
   00612    0.6525    -723.2820  0.3327 
   00613    0.5725    -731.6476  0.3246 
   00614    0.6550    -773.5283  0.3250 
   00615    0.6225    -784.2263  0.3216 
   00616    0.5700    -801.3762  0.3230 
   00617    0.5625    -807.4380  0.3260 
   00618    0.6175    -785.4228  0.3433 
   00619    0.5775    -774.1902  0.2916 
   00620    0.6075    -768.6856  0.3460 
   00621    0.5925    -808.5964  0.3522 
   00622    0.5625    -827.4826  0.3547 
   00623    0.6150    -829.8699  0.3222 
   00624    0.5475    -828.6836  0.3279 
   00625    0.5600    -830.8639  0.3078 
   00626    0.5875    -820.4308  0.2820 
   00627    0.5875    -765.5528  0.2908 
   00628    0.5875    -804.0765  0.3022 
   00629    0.6225    -729.5442  0.3252 
   00630    0.6150    -748.1957  0.3359 
   00631    0.6000    -702.1987  0.3356 
   00632    0.6525    -693.2808  0.3035 
   00633    0.6550    -700.2473  0.3213 
   00634    0.6225    -720.1283  0.3306 
   00635    0.6400    -737.0184  0.3531 
   00636    0.6225    -743.9176  0.3447 
   00637    0.5875    -762.8359  0.2908 
   00638    0.6175    -789.2991  0.3146 
   00639    0.6075    -805.4104  0.3407 
   00640    0.5875    -845.4270  0.3294 
   00641    0.5875    -814.4094  0.3201 
   00642    0.5925    -811.7835  0.3012 
   00643    0.5575    -799.2146  0.3086 
   00644    0.5850    -762.9555  0.2933 
   00645    0.5900    -749.7222  0.2802 
   00646    0.6100    -750.8907  0.3137 
   00647    0.6200    -764.0458  0.3076 
   00648    0.6150    -730.8888  0.3194 
   00649    0.5975    -773.9755  0.3064 
   00650    0.6150    -748.1059  0.2884 
   00651    0.6300    -713.0725  0.3633 
   00652    0.6350    -719.9664  0.3514 
   00653    0.6475    -712.0336  0.3353 
   00654    0.6325    -714.1389  0.3798 
   00655    0.6000    -747.6956  0.4015 
   00656    0.6275    -734.6808  0.3802 
   00657    0.5925    -701.9311  0.3702 
   00658    0.6350    -696.0346  0.3642 
   00659    0.6175    -756.3954  0.3543 
   00660    0.6250    -770.1085  0.3723 
   00661    0.6525    -779.6091  0.3764 
   00662    0.6475    -776.5543  0.3826 
   00663    0.6225    -755.2500  0.3937 
   00664    0.6650    -744.9136  0.4075 
   00665    0.6200    -724.9143  0.4264 
   00666    0.6400    -753.2001  0.4357 
   00667    0.6700    -697.8655  0.3817 
   00668    0.6300    -701.1291  0.4000 
   00669    0.6525    -675.8678  0.3622 
   00670    0.6675    -722.8833  0.3604 
   00671    0.6250    -696.4489  0.3242 
   00672    0.5950    -750.8370  0.3605 
   00673    0.5775    -733.4733  0.3783 
   00674    0.6150    -692.0735  0.3706 
   00675    0.6350    -714.1882  0.3341 
   00676    0.6150    -718.7806  0.3160 
   00677    0.6350    -714.4790  0.3564 
   00678    0.6425    -744.2479  0.3930 
   00679    0.5925    -741.7196  0.4105 
   00680    0.6500    -719.5716  0.3743 
   00681    0.6575    -735.2376  0.3802 
   00682    0.6600    -779.3483  0.3850 
   00683    0.6225    -789.0487  0.3260 
   00684    0.5900    -800.0477  0.3159 
   00685    0.6125    -770.7844  0.2975 
   00686    0.6200    -769.1064  0.3247 
   00687    0.5925    -769.4942  0.3243 
   00688    0.6400    -724.9733  0.3281 
   00689    0.6150    -731.1273  0.3415 
   00690    0.6000    -770.8298  0.3890 
   00691    0.6275    -799.8341  0.4088 
   00692    0.5525    -781.3281  0.4279 
   00693    0.5800    -783.9714  0.4286 
   00694    0.5875    -789.2013  0.4101 
   00695    0.6175    -748.1750  0.4186 
   00696    0.6400    -749.4543  0.3581 
   00697    0.6675    -801.7748  0.3936 
   00698    0.6250    -741.5267  0.3523 
   00699    0.6575    -713.9440  0.3153 
   00700    0.6600    -703.2638  0.2967 
   00701    0.6100    -721.9036  0.2779 
   00702    0.6450    -756.7035  0.2725 
   00703    0.5925    -798.9782  0.2997 
   00704    0.5600    -793.4806  0.2683 
   00705    0.6025    -816.1367  0.2828 
   00706    0.6150    -796.0112  0.2835 
   00707    0.5800    -768.1003  0.3068 
   00708    0.6050    -784.2298  0.3089 
   00709    0.6175    -763.6106  0.2633 
   00710    0.6100    -742.4821  0.2583 
   00711    0.5975    -767.4995  0.2729 
   00712    0.5775    -786.9484  0.2741 
   00713    0.5875    -809.4655  0.3256 
   00714    0.6350    -767.7955  0.3639 
   00715    0.5975    -756.8958  0.3859 
   00716    0.6050    -737.6207  0.3844 
   00717    0.6275    -734.2144  0.3918 
   00718    0.6375    -720.3924  0.3738 
   00719    0.6150    -747.1430  0.3491 
   00720    0.5775    -736.8500  0.3599 
   00721    0.6100    -744.4109  0.3785 
   00722    0.6200    -731.7154  0.3486 
   00723    0.5800    -743.7836  0.3299 
   00724    0.6550    -774.7945  0.3702 
   00725    0.6025    -823.3848  0.3911 
   00726    0.5800    -821.2217  0.3875 
   00727    0.5325    -822.6788  0.4061 
   00728    0.5800    -820.5955  0.3939 
   00729    0.5675    -832.4946  0.3843 
   00730    0.5925    -790.1191  0.3566 
   00731    0.5850    -803.7003  0.3721 
   00732    0.6275    -741.6104  0.3450 
   00733    0.6175    -736.5723  0.3376 
   00734    0.6475    -736.3162  0.3206 
   00735    0.6000    -756.7942  0.2876 
   00736    0.6525    -789.2811  0.2801 
   00737    0.6250    -757.1324  0.2681 
   00738    0.6050    -756.7036  0.3052 
   00739    0.6100    -737.4502  0.2948 
   00740    0.6200    -774.9352  0.2794 
   00741    0.6175    -750.1778  0.2983 
   00742    0.6525    -729.6934  0.2968 
   00743    0.6000    -723.8575  0.2696 
   00744    0.6050    -733.5078  0.2821 
   00745    0.6225    -767.7277  0.2830 
   00746    0.6125    -740.6012  0.2621 
   00747    0.5900    -780.7753  0.2600 
   00748    0.6275    -775.9772  0.2954 
   00749    0.6400    -762.4475  0.2807 
   00750    0.6375    -762.8554  0.2772 
   00751    0.6850    -722.1611  0.2995 
   00752    0.6200    -743.1649  0.2860 
   00753    0.6075    -736.4966  0.3029 
   00754    0.6475    -739.1893  0.2574 
   00755    0.6150    -733.2135  0.2973 
   00756    0.6525    -796.9993  0.2859 
   00757    0.5800    -799.7707  0.2865 
   00758    0.5775    -759.8205  0.2769 
   00759    0.6075    -818.0661  0.2789 
   00760    0.6175    -777.9147  0.2995 
   00761    0.6350    -778.9021  0.2954 
   00762    0.6000    -770.2180  0.2794 
   00763    0.6250    -782.1387  0.2878 
   00764    0.6150    -729.6674  0.2959 
   00765    0.6500    -709.1896  0.3085 
   00766    0.6550    -790.5687  0.3466 
   00767    0.5950    -774.4153  0.3606 
   00768    0.6050    -766.7762  0.3593 
   00769    0.6100    -758.3478  0.3530 
   00770    0.6300    -765.3222  0.3593 
   00771    0.6325    -735.9046  0.3542 
   00772    0.6325    -719.0441  0.3379 
   00773    0.6425    -714.4274  0.3332 
   00774    0.6450    -687.2297  0.2872 
   00775    0.6350    -724.5684  0.3020 
   00776    0.5950    -730.4906  0.2894 
   00777    0.6400    -711.4962  0.2666 
   00778    0.6425    -710.4917  0.3064 
   00779    0.6225    -701.1417  0.3163 
   00780    0.6700    -697.8296  0.3149 
   00781    0.6125    -705.3982  0.2981 
   00782    0.6375    -693.6060  0.2527 
   00783    0.6725    -702.5145  0.3010 
   00784    0.6700    -720.1807  0.3342 
   00785    0.6575    -757.2276  0.3287 
   00786    0.5975    -758.7755  0.3464 
   00787    0.6650    -716.9156  0.3147 
   00788    0.6075    -710.8277  0.3026 
   00789    0.6775    -750.6150  0.3172 
   00790    0.6025    -704.8595  0.3067 
   00791    0.6700    -729.2632  0.2861 
   00792    0.5900    -779.2057  0.2567 
   00793    0.5950    -762.9503  0.3045 
   00794    0.6050    -753.8746  0.3041 
   00795    0.5825    -747.3689  0.2992 
   00796    0.6350    -765.9796  0.2885 
   00797    0.6450    -760.8575  0.2950 
   00798    0.6450    -781.8835  0.3033 
   00799    0.6050    -732.6483  0.2972 
   00800    0.6475    -759.9410  0.3034 
   00801    0.6125    -727.8039  0.3148 
   00802    0.6550    -745.1033  0.3714 
   00803    0.6550    -778.1150  0.3581 
   00804    0.6200    -743.3812  0.3399 
   00805    0.6525    -740.0630  0.3155 
   00806    0.6225    -748.4671  0.3532 
   00807    0.5675    -750.5093  0.3626 
   00808    0.6500    -725.2142  0.3562 
   00809    0.5900    -761.4592  0.3634 
   00810    0.6400    -741.7635  0.3860 
   00811    0.6475    -771.3321  0.3793 
   00812    0.5825    -789.1744  0.3942 
   00813    0.6450    -728.7170  0.3654 
   00814    0.6425    -706.8617  0.3454 
   00815    0.6400    -748.4245  0.3159 
   00816    0.5900    -808.1940  0.2967 
   00817    0.5975    -769.5087  0.3439 
   00818    0.6425    -761.5528  0.3350 
   00819    0.6350    -725.3729  0.3337 
   00820    0.5900    -753.8678  0.3019 
   00821    0.6325    -746.4541  0.2957 
   00822    0.6225    -760.4502  0.3027 
   00823    0.6200    -766.7384  0.2941 
   00824    0.5950    -752.4085  0.2643 
   00825    0.6625    -745.6661  0.2605 
   00826    0.6175    -744.1017  0.2772 
   00827    0.6075    -714.4677  0.2822 
   00828    0.6125    -737.7894  0.2653 
   00829    0.5750    -776.6866  0.2803 
   00830    0.6175    -774.7734  0.2656 
   00831    0.5475    -785.7137  0.2927 
   00832    0.6125    -791.2855  0.3277 
   00833    0.6100    -770.9885  0.3514 
   00834    0.6175    -744.1877  0.3258 
   00835    0.5550    -745.0831  0.2938 
   00836    0.5950    -736.8178  0.2830 
   00837    0.6275    -716.9733  0.2856 
   00838    0.6425    -692.3230  0.3222 
   00839    0.6475    -703.7801  0.2971 
   00840    0.6700    -694.4550  0.2684 
   00841    0.6500    -714.0299  0.2793 
   00842    0.5775    -723.8625  0.3020 
   00843    0.6250    -722.7489  0.2952 
   00844    0.6075    -728.3031  0.2566 
   00845    0.6075    -723.4638  0.2707 
   00846    0.6125    -716.0029  0.2827 
   00847    0.6475    -710.3178  0.3106 
   00848    0.6550    -719.4658  0.3021 
   00849    0.6050    -757.0064  0.3392 
   00850    0.6225    -754.9619  0.3412 
   00851    0.6375    -737.6001  0.3049 
   00852    0.6475    -708.4680  0.3055 
   00853    0.6025    -756.2225  0.3079 
   00854    0.5550    -797.9473  0.3000 
   00855    0.5750    -775.9810  0.2986 
   00856    0.5850    -731.6693  0.3145 
   00857    0.6175    -780.1463  0.2951 
   00858    0.6375    -737.1843  0.2765 
   00859    0.6175    -761.2546  0.2964 
   00860    0.6475    -774.4858  0.2943 
   00861    0.6150    -722.9042  0.2830 
   00862    0.6375    -727.8448  0.2984 
   00863    0.6550    -763.5601  0.3136 
   00864    0.6325    -799.1321  0.3658 
   00865    0.5550    -829.5138  0.3531 
   00866    0.5750    -796.6039  0.3172 
   00867    0.5650    -776.4651  0.2791 
   00868    0.6125    -765.4264  0.2570 
   00869    0.6150    -761.0829  0.2913 
   00870    0.6400    -800.3200  0.3088 
   00871    0.6300    -716.7917  0.2961 
   00872    0.6425    -763.2048  0.2992 
   00873    0.6375    -722.2502  0.2792 
   00874    0.5950    -778.3813  0.2931 
   00875    0.6150    -724.8316  0.3190 
   00876    0.6450    -788.4612  0.2925 
   00877    0.5825    -774.3413  0.3167 
   00878    0.5825    -799.2070  0.3360 
   00879    0.6175    -773.0985  0.3174 
   00880    0.6300    -726.9827  0.3190 
   00881    0.6075    -729.8790  0.3693 
   00882    0.5975    -772.0506  0.4108 
   00883    0.5875    -802.8479  0.4097 
   00884    0.6200    -783.4759  0.3469 
   00885    0.5800    -783.1492  0.3304 
   00886    0.6000    -768.9120  0.3316 
   00887    0.5825    -773.5726  0.3960 
   00888    0.6075    -777.5468  0.3842 
   00889    0.5925    -796.1346  0.3739 
   00890    0.5825    -808.8611  0.3824 
   00891    0.5550    -818.3866  0.3403 
   00892    0.5975    -786.6766  0.3669 
   00893    0.6150    -770.6562  0.3647 
   00894    0.6325    -754.1831  0.3888 
   00895    0.5950    -824.1687  0.4260 
   00896    0.6275    -790.4156  0.3779 
   00897    0.5800    -799.1540  0.4096 
   00898    0.5625    -818.5608  0.4341 
   00899    0.5700    -765.3966  0.4273 
   00900    0.6325    -771.3282  0.3934 
   00901    0.5550    -785.4434  0.3636 
   00902    0.5950    -737.5612  0.3492 
   00903    0.6500    -731.9150  0.3649 
   00904    0.6425    -756.8400  0.3626 
   00905    0.5875    -765.1544  0.3206 
   00906    0.6100    -754.4688  0.3295 
   00907    0.6125    -757.2363  0.3314 
   00908    0.6125    -801.4646  0.3197 
   00909    0.5775    -802.6354  0.3626 
   00910    0.6300    -807.7214  0.3304 
   00911    0.6000    -751.5600  0.2980 
   00912    0.6175    -797.9786  0.2930 
   00913    0.6000    -780.5471  0.2978 
   00914    0.5950    -829.2733  0.2768 
   00915    0.5550    -799.2755  0.2693 
   00916    0.6375    -775.0452  0.3139 
   00917    0.6200    -792.1905  0.3196 
   00918    0.5900    -779.8884  0.3511 
   00919    0.5950    -731.0922  0.3591 
   00920    0.6200    -753.7713  0.3605 
   00921    0.5850    -756.6596  0.3768 
   00922    0.6175    -733.0856  0.3463 
   00923    0.6000    -781.1472  0.3488 
   00924    0.6050    -779.7203  0.3229 
   00925    0.6625    -748.3187  0.3265 
   00926    0.6250    -750.5161  0.3288 
   00927    0.6250    -799.9069  0.3028 
   00928    0.5750    -776.6664  0.2809 
   00929    0.5800    -769.4803  0.2738 
   00930    0.6750    -748.1555  0.2712 
   00931    0.6250    -756.6976  0.2527 
   00932    0.5875    -781.1744  0.2790 
   00933    0.6250    -806.7577  0.2632 
   00934    0.5375    -790.0146  0.2615 
   00935    0.6125    -750.6067  0.2695 
   00936    0.6000    -749.7038  0.2622 
   00937    0.6375    -766.6409  0.3024 
   00938    0.6025    -723.6668  0.3457 
   00939    0.6025    -766.7738  0.2595 
   00940    0.6125    -777.6940  0.2908 
   00941    0.5875    -779.1482  0.2795 
   00942    0.5750    -773.1841  0.3119 
   00943    0.6675    -784.6608  0.3270 
   00944    0.6000    -764.1202  0.3126 
   00945    0.6325    -768.5063  0.3180 
   00946    0.5700    -795.6230  0.3222 
   00947    0.5925    -729.5232  0.2943 
   00948    0.5925    -734.3250  0.2908 
   00949    0.6400    -709.2240  0.3151 
   00950    0.6050    -755.6150  0.3215 
   00951    0.5950    -764.7772  0.3496 
   00952    0.6075    -794.5679  0.3272 
   00953    0.6100    -781.3609  0.2818 
   00954    0.6075    -745.7146  0.2688 
   00955    0.6200    -732.4843  0.2833 
   00956    0.5850    -763.0525  0.2982 
   00957    0.6675    -714.4523  0.2664 
   00958    0.6400    -770.5828  0.2911 
   00959    0.5775    -850.3513  0.2989 
   00960    0.6125    -821.3409  0.2978 
   00961    0.5600    -818.5677  0.2678 
   00962    0.5800    -792.2668  0.2850 
   00963    0.5950    -807.7908  0.2795 
   00964    0.5825    -768.3610  0.2809 
   00965    0.6175    -762.8772  0.2932 
   00966    0.6025    -781.7547  0.2728 
   00967    0.6350    -790.1905  0.2595 
   00968    0.5725    -751.2763  0.2651 
   00969    0.6350    -768.4384  0.2742 
   00970    0.5875    -778.8991  0.3079 
   00971    0.6525    -760.3342  0.3046 
   00972    0.5850    -743.5195  0.3047 
   00973    0.5500    -773.5797  0.3301 
   00974    0.6175    -798.7473  0.3671 
   00975    0.6075    -727.8242  0.3177 
   00976    0.6600    -755.4945  0.3363 
   00977    0.5775    -777.7468  0.3235 
   00978    0.6125    -755.1064  0.3166 
   00979    0.6475    -741.7387  0.3408 
   00980    0.6125    -713.9726  0.3448 
   00981    0.6000    -712.4420  0.3176 
   00982    0.6350    -730.1605  0.3512 
   00983    0.6150    -747.7115  0.3111 
   00984    0.6450    -742.0379  0.3539 
   00985    0.6150    -741.3995  0.3119 
   00986    0.5900    -740.1157  0.3423 
   00987    0.6350    -735.1063  0.3287 
   00988    0.6300    -762.4559  0.3134 
   00989    0.5875    -788.2329  0.3203 
   00990    0.6125    -758.1283  0.3443 
   00991    0.6350    -735.1724  0.3356 
   00992    0.6700    -808.4784  0.3377 
   00993    0.6475    -780.1565  0.3008 
   00994    0.5525    -771.6335  0.3255 
   00995    0.6025    -773.8410  0.3079 
   00996    0.5625    -751.1560  0.3281 
   00997    0.6100    -777.8261  0.3319 
   00998    0.5900    -775.8246  0.3218 
   00999    0.6050    -812.8186  0.3700 
   01000    0.5825    -783.9766  0.3457 
