#=====================================================
# File created:        Mon-06-Nov-2023-at-02-29-50PM
# Size of lattice:     40x40
# Number of MC steps:  1000
# Reduced temperature: 1.200
# Run time (s):        32.392240
#=====================================================
# MC step:  Ratio:     Energy:   Order:
#=====================================================
   00000    0.5000   -1611.3484  0.2569 
   00001    0.7294   -2438.9867  0.2721 
   00002    0.6438   -2793.7581  0.2687 
   00003    0.6275   -2937.9366  0.2819 
   00004    0.5894   -3058.5783  0.2706 
   00005    0.5813   -3125.4373  0.2789 
   00006    0.6019   -3070.0933  0.2855 
   00007    0.5800   -3111.5648  0.2981 
   00008    0.5863   -3153.2202  0.3002 
   00009    0.5794   -3123.6015  0.2829 
   00010    0.5637   -3203.5606  0.2828 
   00011    0.5663   -3233.8588  0.2852 
   00012    0.5506   -3231.6137  0.2639 
   00013    0.5606   -3291.6060  0.2871 
   00014    0.5713   -3248.8629  0.2706 
   00015    0.5556   -3328.2668  0.2710 
   00016    0.5419   -3261.3423  0.2861 
   00017    0.5813   -3360.1782  0.2871 
   00018    0.5413   -3329.5557  0.2834 
   00019    0.5619   -3271.3055  0.2777 
   00020    0.5537   -3263.7775  0.2730 
   00021    0.5644   -3220.8130  0.2608 
   00022    0.5544   -3272.9010  0.2655 
   00023    0.5575   -3238.5140  0.2750 
   00024    0.5531   -3235.0286  0.2820 
   00025    0.5744   -3311.1699  0.2941 
   00026    0.5525   -3288.4966  0.3171 
   00027    0.5694   -3235.8923  0.2993 
   00028    0.5619   -3360.9201  0.3173 
   00029    0.5619   -3313.0634  0.3086 
   00030    0.5756   -3291.7884  0.3223 
   00031    0.5769   -3377.0232  0.3028 
   00032    0.5581   -3341.3589  0.2945 
   00033    0.5375   -3302.1697  0.2732 
   00034    0.5875   -3281.2918  0.2787 
   00035    0.5419   -3299.1183  0.2714 
   00036    0.5700   -3315.8830  0.2847 
   00037    0.5531   -3151.4277  0.2834 
   00038    0.5644   -3215.7287  0.3070 
   00039    0.5819   -3144.0244  0.2902 
   00040    0.5656   -3296.4094  0.2937 
   00041    0.5431   -3348.2881  0.2967 
   00042    0.5456   -3352.3122  0.2711 
   00043    0.5681   -3246.1585  0.2980 
   00044    0.5800   -3243.3970  0.3104 
   00045    0.5631   -3278.3126  0.3045 
   00046    0.5637   -3284.5250  0.3035 
   00047    0.5537   -3318.7284  0.3138 
   00048    0.5706   -3320.9339  0.3261 
   00049    0.5544   -3326.8217  0.3340 
   00050    0.5444   -3354.9594  0.3266 
   00051    0.5663   -3275.6906  0.3005 
   00052    0.5506   -3320.5081  0.2993 
   00053    0.5631   -3251.7937  0.2835 
   00054    0.5737   -3285.5346  0.2816 
   00055    0.5794   -3285.9213  0.2924 
   00056    0.5544   -3290.0816  0.2842 
   00057    0.5744   -3245.9818  0.2802 
   00058    0.5775   -3180.9859  0.2816 
   00059    0.5663   -3255.0049  0.2753 
   00060    0.5700   -3255.4820  0.2881 
   00061    0.5513   -3338.6093  0.2821 
   00062    0.5900   -3355.9693  0.2772 
   00063    0.5650   -3279.9813  0.2762 
   00064    0.5581   -3386.1760  0.2730 
   00065    0.5544   -3255.1293  0.2770 
   00066    0.5650   -3197.9701  0.2844 
   00067    0.5619   -3220.8707  0.3013 
   00068    0.5356   -3339.4056  0.2813 
   00069    0.5525   -3335.2276  0.2865 
   00070    0.5613   -3291.1333  0.2652 
   00071    0.5531   -3354.6530  0.2840 
   00072    0.5537   -3317.3742  0.2867 
   00073    0.5537   -3230.5228  0.2918 
   00074    0.5913   -3294.1820  0.2953 
   00075    0.5463   -3320.7378  0.2668 
   00076    0.5544   -3348.2019  0.2681 
   00077    0.5469   -3338.1172  0.2639 
   00078    0.5531   -3391.4326  0.2765 
   00079    0.5212   -3429.0974  0.2802 
   00080    0.5556   -3368.0117  0.2921 
   00081    0.5437   -3330.9194  0.2903 
   00082    0.5719   -3388.9047  0.2959 
   00083    0.5681   -3440.0189  0.2992 
   00084    0.5663   -3388.4059  0.2927 
   00085    0.5700   -3394.3250  0.2971 
   00086    0.5387   -3390.4631  0.2855 
   00087    0.5312   -3390.4179  0.2862 
   00088    0.5513   -3334.7771  0.2643 
   00089    0.5606   -3400.4656  0.2600 
   00090    0.5669   -3368.5471  0.2808 
   00091    0.5631   -3371.7677  0.2770 
   00092    0.5613   -3385.0800  0.2819 
   00093    0.5481   -3302.2186  0.2843 
   00094    0.5500   -3351.6105  0.2988 
   00095    0.5575   -3321.7251  0.3048 
   00096    0.5681   -3273.2939  0.3050 
   00097    0.5756   -3351.3032  0.3025 
   00098    0.5406   -3433.8324  0.2926 
   00099    0.5644   -3399.6931  0.2891 
   00100    0.5675   -3388.8040  0.3161 
   00101    0.5525   -3371.4892  0.3068 
   00102    0.5687   -3326.0574  0.3150 
   00103    0.5775   -3315.3575  0.2998 
   00104    0.5537   -3388.2895  0.3093 
   00105    0.5363   -3355.9605  0.3015 
   00106    0.5481   -3253.6993  0.3015 
   00107    0.5663   -3310.3352  0.3004 
   00108    0.5644   -3355.4669  0.2964 
   00109    0.5606   -3312.8384  0.2995 
   00110    0.5669   -3380.8309  0.3121 
   00111    0.5719   -3361.4720  0.2750 
   00112    0.5456   -3391.9522  0.2709 
   00113    0.5581   -3293.0156  0.2728 
   00114    0.5425   -3269.0590  0.2762 
   00115    0.5750   -3235.8672  0.2885 
   00116    0.5556   -3259.0951  0.2813 
   00117    0.5800   -3229.7373  0.2739 
   00118    0.5687   -3209.9937  0.2702 
   00119    0.5813   -3254.4429  0.2555 
   00120    0.5537   -3267.0611  0.2597 
   00121    0.5637   -3339.6961  0.2677 
   00122    0.5819   -3326.8576  0.2885 
   00123    0.5500   -3362.9072  0.2929 
   00124    0.5587   -3246.6373  0.3067 
   00125    0.5819   -3278.1131  0.3072 
   00126    0.5713   -3368.5032  0.2873 
   00127    0.5319   -3407.1299  0.2894 
   00128    0.5387   -3393.7976  0.3024 
   00129    0.5569   -3373.0172  0.3062 
   00130    0.5387   -3482.4564  0.3135 
   00131    0.5519   -3338.3921  0.3071 
   00132    0.5475   -3379.6717  0.3054 
   00133    0.5400   -3341.6377  0.3210 
   00134    0.5513   -3411.1931  0.3249 
   00135    0.5587   -3331.0373  0.3046 
   00136    0.5494   -3369.8980  0.2883 
   00137    0.5581   -3383.8571  0.2865 
   00138    0.5563   -3367.1361  0.2816 
   00139    0.5413   -3284.1609  0.2872 
   00140    0.5675   -3291.7576  0.2949 
   00141    0.5519   -3408.0332  0.2919 
   00142    0.5675   -3259.3583  0.2841 
   00143    0.5813   -3255.4995  0.2790 
   00144    0.5575   -3281.3432  0.2610 
   00145    0.5787   -3279.1338  0.2585 
   00146    0.5500   -3319.2598  0.2738 
   00147    0.5681   -3325.4385  0.2662 
   00148    0.5706   -3359.0683  0.2713 
   00149    0.5575   -3335.9727  0.3011 
   00150    0.5331   -3290.7175  0.3074 
   00151    0.5613   -3296.2017  0.3013 
   00152    0.5656   -3286.0432  0.3049 
   00153    0.5713   -3290.9795  0.3272 
   00154    0.5813   -3281.1870  0.3241 
   00155    0.5669   -3238.7778  0.2908 
   00156    0.5594   -3292.0530  0.2927 
   00157    0.5669   -3369.0289  0.2909 
   00158    0.5406   -3359.4831  0.2874 
   00159    0.5625   -3289.9983  0.3013 
   00160    0.5687   -3317.7843  0.3138 
   00161    0.5506   -3354.2985  0.2949 
   00162    0.5631   -3401.4781  0.3189 
   00163    0.5563   -3357.5469  0.3062 
   00164    0.5569   -3419.3431  0.3040 
   00165    0.5469   -3387.3678  0.3110 
   00166    0.5581   -3391.1860  0.3057 
   00167    0.5238   -3392.3307  0.2842 
   00168    0.5350   -3400.5531  0.2841 
   00169    0.5606   -3306.1373  0.2925 
   00170    0.5312   -3369.6375  0.2861 
   00171    0.5563   -3377.6444  0.2741 
   00172    0.5506   -3366.9021  0.2780 
   00173    0.5487   -3371.2703  0.2784 
   00174    0.5444   -3332.1322  0.2796 
   00175    0.5713   -3345.3187  0.2885 
   00176    0.5550   -3312.8114  0.2778 
   00177    0.5456   -3400.2925  0.2621 
   00178    0.5400   -3395.6339  0.2572 
   00179    0.5587   -3372.5110  0.2689 
   00180    0.5550   -3367.2409  0.2783 
   00181    0.5463   -3405.5273  0.2866 
   00182    0.5513   -3380.0199  0.2763 
   00183    0.5575   -3376.3082  0.2845 
   00184    0.5587   -3410.2304  0.2797 
   00185    0.5444   -3431.0782  0.2729 
   00186    0.5587   -3441.7677  0.2714 
   00187    0.5544   -3424.7087  0.2673 
   00188    0.5350   -3357.5705  0.2708 
   00189    0.5669   -3413.9577  0.2628 
   00190    0.5444   -3521.1553  0.2603 
   00191    0.5275   -3558.7171  0.2800 
   00192    0.5737   -3434.5234  0.2716 
   00193    0.5319   -3393.4801  0.2724 
   00194    0.5613   -3271.2469  0.2630 
   00195    0.5437   -3273.3482  0.2551 
   00196    0.5744   -3245.3548  0.2595 
   00197    0.5669   -3239.5387  0.2727 
   00198    0.5769   -3285.1165  0.2576 
   00199    0.5563   -3323.8182  0.2555 
   00200    0.5406   -3367.9656  0.2573 
   00201    0.5594   -3416.6201  0.2610 
   00202    0.5419   -3363.6406  0.2685 
   00203    0.5537   -3327.2329  0.2720 
   00204    0.5613   -3327.2857  0.2918 
   00205    0.5463   -3282.7410  0.2968 
   00206    0.5731   -3361.4664  0.3231 
   00207    0.5556   -3338.0971  0.3399 
   00208    0.5669   -3293.4488  0.3513 
   00209    0.5469   -3117.9243  0.3491 
   00210    0.5731   -3270.0774  0.3336 
   00211    0.5781   -3282.3457  0.3535 
   00212    0.5700   -3318.8067  0.3529 
   00213    0.5925   -3216.7684  0.3588 
   00214    0.5625   -3176.3220  0.3510 
   00215    0.5737   -3195.8276  0.3430 
   00216    0.5487   -3269.2374  0.3407 
   00217    0.5594   -3323.7048  0.3224 
   00218    0.5625   -3395.7477  0.3258 
   00219    0.5319   -3427.5094  0.3429 
   00220    0.5350   -3349.6144  0.3295 
   00221    0.5950   -3358.2779  0.3251 
   00222    0.5569   -3446.2587  0.3029 
   00223    0.5481   -3387.8093  0.3038 
   00224    0.5619   -3393.9576  0.2969 
   00225    0.5581   -3432.6044  0.3167 
   00226    0.5325   -3405.2965  0.3055 
   00227    0.5425   -3399.2875  0.2995 
   00228    0.5325   -3354.7423  0.2995 
   00229    0.5675   -3339.1901  0.3058 
   00230    0.5825   -3306.7405  0.3105 
   00231    0.5406   -3367.1592  0.3317 
   00232    0.5600   -3391.1749  0.3342 
   00233    0.5481   -3359.2005  0.3381 
   00234    0.5413   -3400.7133  0.3402 
   00235    0.5437   -3391.5198  0.3231 
   00236    0.5513   -3320.2849  0.3243 
   00237    0.5475   -3319.5253  0.3276 
   00238    0.5644   -3270.3154  0.3277 
   00239    0.5569   -3358.7366  0.3312 
   00240    0.5525   -3295.8728  0.3332 
   00241    0.5381   -3288.2671  0.3069 
   00242    0.6088   -3194.7745  0.3012 
   00243    0.5744   -3144.0224  0.3085 
   00244    0.5731   -3213.9376  0.2962 
   00245    0.6019   -3152.3373  0.2822 
   00246    0.5600   -3220.8903  0.2880 
   00247    0.5656   -3220.6808  0.2878 
   00248    0.5644   -3277.0600  0.2950 
   00249    0.5706   -3304.6488  0.2938 
   00250    0.5687   -3304.7395  0.3017 
   00251    0.5550   -3219.1501  0.3061 
   00252    0.5800   -3164.3596  0.3103 
   00253    0.5900   -3228.5485  0.3226 
   00254    0.5837   -3295.6240  0.3091 
   00255    0.5525   -3290.4440  0.3076 
   00256    0.5613   -3313.7078  0.3036 
   00257    0.5856   -3232.0181  0.3120 
   00258    0.5619   -3263.3368  0.3164 
   00259    0.5863   -3265.8660  0.2876 
   00260    0.5500   -3211.7128  0.2897 
   00261    0.5669   -3239.8028  0.2814 
   00262    0.5587   -3190.5157  0.2655 
   00263    0.5844   -3187.0077  0.2855 
   00264    0.5644   -3222.7491  0.2931 
   00265    0.5600   -3180.3531  0.2958 
   00266    0.5800   -3206.1986  0.2935 
   00267    0.5844   -3225.9151  0.3068 
   00268    0.5856   -3262.8483  0.2802 
   00269    0.5581   -3327.5539  0.2671 
   00270    0.5606   -3363.5986  0.2663 
   00271    0.5450   -3285.1608  0.2568 
   00272    0.5850   -3273.4421  0.2622 
   00273    0.5644   -3196.4580  0.2698 
   00274    0.5781   -3227.8020  0.2819 
   00275    0.5487   -3180.6886  0.2678 
   00276    0.5850   -3154.5683  0.2661 
   00277    0.5713   -3196.0045  0.2702 
   00278    0.5837   -3193.6522  0.2861 
   00279    0.5813   -3346.4576  0.2889 
   00280    0.5581   -3341.8522  0.2772 
   00281    0.5556   -3243.5457  0.2763 
   00282    0.5663   -3308.9515  0.3059 
   00283    0.5387   -3345.9025  0.2934 
   00284    0.5537   -3341.6961  0.2839 
   00285    0.5381   -3395.9150  0.2832 
   00286    0.5506   -3336.6145  0.2911 
   00287    0.5831   -3386.5556  0.3064 
   00288    0.5431   -3348.5896  0.3300 
   00289    0.5544   -3412.8657  0.3189 
   00290    0.5394   -3343.3993  0.3390 
   00291    0.5531   -3236.1115  0.3373 
   00292    0.5556   -3132.0189  0.3203 
   00293    0.5794   -3226.5398  0.3003 
   00294    0.5506   -3312.3535  0.2991 
   00295    0.5663   -3296.3606  0.3008 
   00296    0.5356   -3291.6282  0.3096 
   00297    0.5637   -3266.0934  0.3142 
   00298    0.5500   -3390.2788  0.3349 
   00299    0.5506   -3415.5008  0.3319 
   00300    0.5569   -3388.7036  0.3305 
   00301    0.5375   -3362.5171  0.3025 
   00302    0.5463   -3332.2112  0.3010 
   00303    0.5619   -3380.4395  0.2878 
   00304    0.5719   -3314.3355  0.2867 
   00305    0.5513   -3269.9908  0.2967 
   00306    0.5594   -3348.4551  0.3054 
   00307    0.5363   -3297.3942  0.3085 
   00308    0.5719   -3225.6431  0.3067 
   00309    0.5544   -3406.6369  0.3041 
   00310    0.5456   -3333.2714  0.2965 
   00311    0.5675   -3343.3028  0.2911 
   00312    0.5519   -3261.4076  0.2922 
   00313    0.5544   -3396.7589  0.2959 
   00314    0.5262   -3432.0338  0.3090 
   00315    0.5613   -3411.4313  0.2924 
   00316    0.5775   -3407.8737  0.2885 
   00317    0.5419   -3401.9058  0.2889 
   00318    0.5650   -3395.4509  0.3054 
   00319    0.5494   -3393.2530  0.3014 
   00320    0.5544   -3329.7982  0.2937 
   00321    0.5487   -3354.1562  0.3075 
   00322    0.5625   -3354.9304  0.3148 
   00323    0.5625   -3340.4947  0.3115 
   00324    0.5369   -3418.5745  0.3101 
   00325    0.5400   -3349.3851  0.3124 
   00326    0.5594   -3351.0127  0.3304 
   00327    0.5619   -3358.7742  0.3205 
   00328    0.5513   -3409.2952  0.3190 
   00329    0.5431   -3269.2417  0.3104 
   00330    0.5469   -3299.4721  0.2986 
   00331    0.5581   -3340.8705  0.3086 
   00332    0.5631   -3340.1257  0.3330 
   00333    0.5625   -3361.4003  0.3227 
   00334    0.5637   -3388.8127  0.3269 
   00335    0.5513   -3373.9436  0.3192 
   00336    0.5575   -3395.1280  0.3057 
   00337    0.5319   -3479.4765  0.3143 
   00338    0.5556   -3457.2475  0.3137 
   00339    0.5625   -3525.9681  0.3144 
   00340    0.5381   -3423.8258  0.3165 
   00341    0.5275   -3421.2221  0.3144 
   00342    0.5400   -3349.9380  0.3075 
   00343    0.5469   -3243.1165  0.2828 
   00344    0.5575   -3342.1502  0.2908 
   00345    0.5825   -3309.5743  0.2659 
   00346    0.5750   -3280.9358  0.2773 
   00347    0.5931   -3387.5955  0.2752 
   00348    0.5281   -3406.0015  0.2679 
   00349    0.5400   -3463.1736  0.2864 
   00350    0.5444   -3408.2254  0.2785 
   00351    0.5487   -3399.3615  0.2732 
   00352    0.5437   -3355.4734  0.2823 
   00353    0.5663   -3299.2457  0.2608 
   00354    0.5531   -3317.1113  0.2574 
   00355    0.5556   -3311.8188  0.2696 
   00356    0.5731   -3316.1073  0.2699 
   00357    0.5650   -3303.5038  0.2602 
   00358    0.5713   -3233.7758  0.2560 
   00359    0.5681   -3210.0457  0.2700 
   00360    0.5437   -3334.7368  0.2867 
   00361    0.5650   -3393.9911  0.2756 
   00362    0.5319   -3370.1508  0.2816 
   00363    0.5519   -3354.2628  0.2670 
   00364    0.5656   -3349.5468  0.2627 
   00365    0.5331   -3375.9046  0.2641 
   00366    0.5419   -3379.8356  0.2817 
   00367    0.5619   -3344.3335  0.2676 
   00368    0.5637   -3365.5323  0.2783 
   00369    0.5369   -3365.9323  0.2845 
   00370    0.5425   -3295.2227  0.2926 
   00371    0.5600   -3308.6496  0.2869 
   00372    0.5381   -3392.4767  0.2898 
   00373    0.5600   -3421.9431  0.2995 
   00374    0.5644   -3420.9538  0.3048 
   00375    0.5544   -3438.7380  0.3028 
   00376    0.5356   -3423.3472  0.2943 
   00377    0.5581   -3352.4949  0.2894 
   00378    0.5594   -3378.7311  0.2846 
   00379    0.5650   -3299.7489  0.2732 
   00380    0.5506   -3329.2311  0.2739 
   00381    0.5744   -3253.1032  0.2805 
   00382    0.5513   -3259.6044  0.2705 
   00383    0.5494   -3330.0397  0.2736 
   00384    0.5713   -3304.6139  0.2758 
   00385    0.5513   -3319.7923  0.2883 
   00386    0.5794   -3347.8627  0.2968 
   00387    0.5631   -3207.2635  0.3107 
   00388    0.5881   -3167.3042  0.2821 
   00389    0.5681   -3201.9698  0.2833 
   00390    0.5606   -3244.2439  0.2812 
   00391    0.5756   -3245.9139  0.2863 
   00392    0.5587   -3259.0229  0.2943 
   00393    0.5606   -3342.0351  0.3000 
   00394    0.5613   -3270.8291  0.2966 
   00395    0.5556   -3314.8662  0.2969 
   00396    0.5613   -3392.8042  0.2803 
   00397    0.5675   -3367.0252  0.2717 
   00398    0.5431   -3327.9625  0.2869 
   00399    0.5637   -3360.2110  0.2884 
   00400    0.5850   -3345.7688  0.2789 
   00401    0.5500   -3359.0403  0.2699 
   00402    0.5625   -3333.4379  0.2678 
   00403    0.5425   -3429.4113  0.2691 
   00404    0.5656   -3379.3710  0.2893 
   00405    0.5531   -3378.3552  0.2862 
   00406    0.5519   -3362.1855  0.2917 
   00407    0.5269   -3407.7880  0.2993 
   00408    0.5269   -3442.8625  0.3081 
   00409    0.5575   -3406.3568  0.3161 
   00410    0.5363   -3386.3508  0.3109 
   00411    0.5769   -3351.5355  0.3096 
   00412    0.5500   -3254.9774  0.3065 
   00413    0.5519   -3351.7672  0.2960 
   00414    0.5600   -3257.3643  0.3039 
   00415    0.5594   -3325.0612  0.3147 
   00416    0.5400   -3363.1228  0.3227 
   00417    0.5625   -3286.4281  0.3155 
   00418    0.5350   -3320.2327  0.3178 
   00419    0.5494   -3287.4237  0.3127 
   00420    0.5775   -3211.5292  0.3101 
   00421    0.5713   -3310.0630  0.3138 
   00422    0.5719   -3262.0164  0.3165 
   00423    0.5687   -3113.8755  0.2918 
   00424    0.5756   -3167.3773  0.2785 
   00425    0.5544   -3198.5025  0.2843 
   00426    0.5387   -3248.8096  0.2846 
   00427    0.5587   -3253.3764  0.2704 
   00428    0.5587   -3274.5742  0.2653 
   00429    0.5463   -3268.8842  0.2811 
   00430    0.5563   -3196.4690  0.2745 
   00431    0.5869   -3117.6724  0.2584 
   00432    0.5850   -3185.4300  0.2653 
   00433    0.5813   -3259.3933  0.2696 
   00434    0.5369   -3233.5784  0.2744 
   00435    0.5719   -3268.4587  0.2901 
   00436    0.5850   -3260.5062  0.3026 
   00437    0.5800   -3373.0686  0.3015 
   00438    0.5700   -3266.2024  0.2669 
   00439    0.5575   -3282.3282  0.2649 
   00440    0.5587   -3267.9894  0.2712 
   00441    0.5506   -3241.2316  0.2785 
   00442    0.5619   -3232.9404  0.2693 
   00443    0.5756   -3307.1757  0.2710 
   00444    0.5563   -3286.3158  0.2729 
   00445    0.5744   -3359.6668  0.2664 
   00446    0.5669   -3340.3461  0.2590 
   00447    0.5400   -3281.2877  0.2598 
   00448    0.5469   -3310.5384  0.2510 
   00449    0.5744   -3254.3880  0.2700 
   00450    0.5600   -3282.3672  0.2616 
   00451    0.5713   -3189.0671  0.2839 
   00452    0.5881   -3218.4512  0.3090 
   00453    0.5637   -3214.2513  0.3155 
   00454    0.5663   -3193.4029  0.3066 
   00455    0.5763   -3173.2935  0.3026 
   00456    0.5719   -3227.3723  0.2901 
   00457    0.5800   -3269.3702  0.2730 
   00458    0.5444   -3293.4623  0.2714 
   00459    0.5700   -3308.6392  0.2679 
   00460    0.5587   -3290.8649  0.2844 
   00461    0.5869   -3267.6134  0.2992 
   00462    0.5663   -3312.8067  0.3106 
   00463    0.5737   -3318.0450  0.3104 
   00464    0.5581   -3275.0514  0.3107 
   00465    0.5850   -3327.0613  0.3102 
   00466    0.5894   -3405.2209  0.2971 
   00467    0.5394   -3366.2989  0.3045 
   00468    0.5437   -3399.7313  0.3098 
   00469    0.5600   -3344.3220  0.3256 
   00470    0.5869   -3390.6854  0.3247 
   00471    0.5575   -3373.8534  0.3312 
   00472    0.5406   -3392.6924  0.3430 
   00473    0.5594   -3338.7962  0.3433 
   00474    0.5575   -3312.9928  0.3428 
   00475    0.5569   -3363.3771  0.3353 
   00476    0.5694   -3297.0823  0.3202 
   00477    0.5613   -3257.9504  0.3364 
   00478    0.5863   -3289.7724  0.3229 
   00479    0.5550   -3355.3357  0.3140 
   00480    0.5750   -3348.6286  0.3269 
   00481    0.5613   -3265.5792  0.2963 
   00482    0.5831   -3256.6960  0.2851 
   00483    0.5769   -3304.3750  0.2941 
   00484    0.5475   -3278.7767  0.2983 
   00485    0.5613   -3280.2827  0.2939 
   00486    0.5494   -3288.5623  0.2714 
   00487    0.5463   -3251.6558  0.2781 
   00488    0.5737   -3272.7218  0.2850 
   00489    0.5406   -3279.2949  0.3132 
   00490    0.5663   -3284.2282  0.3022 
   00491    0.5525   -3354.6942  0.3023 
   00492    0.5706   -3324.9260  0.2939 
   00493    0.5500   -3261.6832  0.2747 
   00494    0.5769   -3240.1108  0.2882 
   00495    0.5819   -3155.0856  0.2874 
   00496    0.5756   -3206.6578  0.2893 
   00497    0.5637   -3273.1388  0.3105 
   00498    0.5487   -3278.8922  0.3064 
   00499    0.5563   -3273.3885  0.2999 
   00500    0.5587   -3304.3505  0.3059 
   00501    0.5525   -3337.2845  0.2950 
   00502    0.5625   -3346.2068  0.3072 
   00503    0.5444   -3341.5672  0.3180 
   00504    0.5487   -3437.8025  0.3222 
   00505    0.5394   -3350.5177  0.3327 
   00506    0.5744   -3306.0797  0.3210 
   00507    0.5431   -3294.0767  0.3349 
   00508    0.5644   -3309.2509  0.3523 
   00509    0.5469   -3309.1876  0.3443 
   00510    0.5431   -3338.5968  0.3370 
   00511    0.5656   -3364.7742  0.3314 
   00512    0.5469   -3393.3447  0.3318 
   00513    0.5475   -3368.2056  0.3265 
   00514    0.5719   -3350.8102  0.3250 
   00515    0.5450   -3327.4995  0.3260 
   00516    0.5544   -3288.3934  0.3311 
   00517    0.5837   -3365.1328  0.3372 
   00518    0.5656   -3273.0094  0.3212 
   00519    0.5669   -3263.8895  0.3223 
   00520    0.5594   -3290.9202  0.3249 
   00521    0.5663   -3251.8335  0.3309 
   00522    0.5481   -3346.7863  0.3227 
   00523    0.5500   -3397.1555  0.3206 
   00524    0.5563   -3430.3366  0.3226 
   00525    0.5525   -3357.9773  0.3118 
   00526    0.5250   -3441.8680  0.3106 
   00527    0.5419   -3374.7912  0.3121 
   00528    0.5594   -3388.2111  0.3219 
   00529    0.5556   -3375.2005  0.3175 
   00530    0.5125   -3435.6043  0.3370 
   00531    0.5606   -3430.3981  0.3290 
   00532    0.5381   -3375.0591  0.3233 
   00533    0.5575   -3288.0775  0.3182 
   00534    0.5594   -3320.0015  0.3203 
   00535    0.5500   -3358.9046  0.3227 
   00536    0.5387   -3414.2197  0.3394 
   00537    0.5381   -3472.9259  0.3319 
   00538    0.5450   -3410.7054  0.3395 
   00539    0.5475   -3375.1388  0.3310 
   00540    0.5469   -3402.2043  0.3224 
   00541    0.5819   -3418.1294  0.3073 
   00542    0.5475   -3485.1644  0.2976 
   00543    0.5200   -3455.5401  0.3019 
   00544    0.5506   -3391.3070  0.2925 
   00545    0.5450   -3350.8577  0.2706 
   00546    0.5469   -3339.9840  0.2777 
   00547    0.5800   -3266.1154  0.2724 
   00548    0.5513   -3288.0245  0.2667 
   00549    0.5531   -3254.6677  0.2758 
   00550    0.5569   -3207.0344  0.2668 
   00551    0.5637   -3278.6539  0.2825 
   00552    0.5613   -3301.5645  0.2556 
   00553    0.5594   -3372.3046  0.2669 
   00554    0.5587   -3284.5772  0.2762 
   00555    0.5475   -3282.6147  0.2700 
   00556    0.5656   -3245.3865  0.2773 
   00557    0.5550   -3304.6668  0.2715 
   00558    0.5787   -3304.8455  0.2970 
   00559    0.5719   -3277.8871  0.3073 
   00560    0.5600   -3266.4219  0.2906 
   00561    0.5837   -3300.5296  0.3021 
   00562    0.5837   -3279.0587  0.3091 
   00563    0.5663   -3252.2652  0.2966 
   00564    0.5587   -3318.3562  0.3098 
   00565    0.5481   -3401.3693  0.3012 
   00566    0.5275   -3347.0018  0.2918 
   00567    0.5725   -3273.9320  0.3001 
   00568    0.5669   -3260.9956  0.2866 
   00569    0.5481   -3269.7998  0.2666 
   00570    0.5725   -3250.8399  0.2739 
   00571    0.5550   -3213.1490  0.2953 
   00572    0.5781   -3193.4657  0.3002 
   00573    0.5644   -3301.1466  0.2812 
   00574    0.5550   -3319.8746  0.2808 
   00575    0.5644   -3271.9270  0.2780 
   00576    0.5606   -3305.7583  0.2742 
   00577    0.5575   -3317.3107  0.2653 
   00578    0.5513   -3277.7505  0.2549 
   00579    0.5663   -3206.0914  0.2673 
   00580    0.5844   -3249.3574  0.2822 
   00581    0.5906   -3310.0912  0.2792 
   00582    0.5669   -3339.4680  0.2665 
   00583    0.5813   -3307.2911  0.2868 
   00584    0.5837   -3231.3581  0.2759 
   00585    0.5669   -3224.2855  0.2555 
   00586    0.5487   -3284.4986  0.2834 
   00587    0.5569   -3312.2930  0.2739 
   00588    0.5319   -3258.5797  0.2779 
   00589    0.5813   -3261.4870  0.2804 
   00590    0.5500   -3272.4940  0.2755 
   00591    0.5681   -3233.3478  0.2685 
   00592    0.5469   -3320.4711  0.2869 
   00593    0.5394   -3272.1337  0.2874 
   00594    0.5700   -3382.6764  0.2926 
   00595    0.5556   -3313.7440  0.2912 
   00596    0.5675   -3374.2223  0.2802 
   00597    0.5375   -3341.4360  0.2925 
   00598    0.5337   -3322.2327  0.2989 
   00599    0.5350   -3329.6219  0.2959 
   00600    0.5487   -3296.9444  0.2922 
   00601    0.5650   -3321.5544  0.2760 
   00602    0.5756   -3295.4851  0.2637 
   00603    0.5713   -3385.8004  0.2653 
   00604    0.5631   -3373.0739  0.2557 
   00605    0.5387   -3431.4668  0.2832 
   00606    0.5444   -3426.8309  0.3055 
   00607    0.5575   -3339.2801  0.2956 
   00608    0.5437   -3322.9670  0.2883 
   00609    0.5575   -3302.6330  0.2927 
   00610    0.5394   -3311.1167  0.2875 
   00611    0.5587   -3283.1281  0.2753 
   00612    0.5631   -3226.1406  0.2831 
   00613    0.5650   -3201.7086  0.2918 
   00614    0.5713   -3161.5348  0.2965 
   00615    0.5988   -3231.6139  0.3136 
   00616    0.5713   -3236.2014  0.3094 
   00617    0.5825   -3258.3414  0.2954 
   00618    0.5731   -3278.3772  0.3034 
   00619    0.5744   -3274.3020  0.2991 
   00620    0.5856   -3295.6844  0.3057 
   00621    0.5737   -3374.9511  0.3034 
   00622    0.5656   -3360.7930  0.3099 
   00623    0.5500   -3332.8998  0.3001 
   00624    0.5431   -3191.9545  0.2908 
   00625    0.5725   -3278.9819  0.2734 
   00626    0.5487   -3272.3252  0.2851 
   00627    0.5500   -3312.8679  0.3011 
   00628    0.5600   -3236.0292  0.3006 
   00629    0.5675   -3297.8019  0.2880 
   00630    0.5631   -3346.4732  0.2932 
   00631    0.5687   -3289.0072  0.2891 
   00632    0.5731   -3242.1797  0.2643 
   00633    0.5719   -3311.4828  0.2622 
   00634    0.5706   -3309.4271  0.2790 
   00635    0.5650   -3386.1132  0.2727 
   00636    0.5663   -3368.3588  0.2678 
   00637    0.5613   -3321.4426  0.2779 
   00638    0.5431   -3242.9447  0.2916 
   00639    0.5581   -3341.7261  0.3268 
   00640    0.5331   -3333.2026  0.3194 
   00641    0.5656   -3348.4773  0.3186 
   00642    0.5506   -3353.5504  0.3209 
   00643    0.5575   -3418.0504  0.3178 
   00644    0.5613   -3319.6114  0.3212 
   00645    0.5519   -3320.6536  0.3086 
   00646    0.5681   -3316.1863  0.3041 
   00647    0.5575   -3340.8868  0.3086 
   00648    0.5775   -3331.0034  0.3137 
   00649    0.5475   -3383.8471  0.3138 
   00650    0.5669   -3390.7797  0.2931 
   00651    0.5819   -3286.5076  0.3170 
   00652    0.5637   -3274.3710  0.3140 
   00653    0.5719   -3293.5154  0.3051 
   00654    0.5769   -3380.8053  0.3134 
   00655    0.5413   -3379.7676  0.2979 
   00656    0.5581   -3364.0108  0.2851 
   00657    0.5606   -3332.2960  0.2895 
   00658    0.5637   -3270.8910  0.2964 
   00659    0.5513   -3333.0121  0.3004 
   00660    0.5600   -3354.3145  0.2851 
   00661    0.5556   -3405.5492  0.2850 
   00662    0.5544   -3365.0420  0.2683 
   00663    0.5563   -3251.0703  0.2824 
   00664    0.5581   -3283.4585  0.2826 
   00665    0.5775   -3330.1730  0.2743 
   00666    0.5288   -3384.6062  0.2830 
   00667    0.5537   -3277.8178  0.2904 
   00668    0.5663   -3265.9693  0.2980 
   00669    0.5544   -3282.5276  0.2845 
   00670    0.5669   -3257.9789  0.2950 
   00671    0.5550   -3282.1568  0.2869 
   00672    0.5619   -3286.1957  0.2802 
   00673    0.5400   -3306.3497  0.2797 
   00674    0.5787   -3269.4847  0.2801 
   00675    0.5775   -3364.2606  0.2751 
   00676    0.5450   -3417.2225  0.2627 
   00677    0.5406   -3377.0385  0.2700 
   00678    0.5750   -3272.7625  0.2562 
   00679    0.5781   -3284.0230  0.2534 
   00680    0.5537   -3236.4754  0.2554 
   00681    0.5694   -3246.1265  0.2584 
   00682    0.5744   -3276.3780  0.2673 
   00683    0.5575   -3327.1284  0.2785 
   00684    0.5619   -3369.3478  0.2732 
   00685    0.5863   -3311.8573  0.2836 
   00686    0.5769   -3219.4074  0.2815 
   00687    0.5769   -3252.4692  0.2868 
   00688    0.5606   -3298.3723  0.2901 
   00689    0.5463   -3302.8120  0.2853 
   00690    0.5681   -3337.5085  0.3045 
   00691    0.5719   -3307.4880  0.3157 
   00692    0.5513   -3297.1492  0.3242 
   00693    0.5694   -3274.0416  0.3295 
   00694    0.5450   -3271.6884  0.3246 
   00695    0.5919   -3319.4050  0.3141 
   00696    0.5669   -3294.9455  0.3220 
   00697    0.5775   -3289.4195  0.3290 
   00698    0.5675   -3357.8779  0.3167 
   00699    0.5450   -3357.4641  0.3139 
   00700    0.5581   -3367.2790  0.3255 
   00701    0.5450   -3358.5403  0.3438 
   00702    0.5737   -3308.6252  0.3462 
   00703    0.5669   -3429.0778  0.3536 
   00704    0.5350   -3327.1827  0.3487 
   00705    0.5700   -3387.9843  0.3508 
   00706    0.5431   -3402.1242  0.3456 
   00707    0.5231   -3497.1079  0.3449 
   00708    0.5625   -3389.7328  0.3311 
   00709    0.5500   -3384.0263  0.3219 
   00710    0.5288   -3399.1945  0.3220 
   00711    0.5319   -3400.1655  0.3269 
   00712    0.5363   -3312.0571  0.3304 
   00713    0.5744   -3314.0661  0.3256 
   00714    0.5731   -3317.0759  0.3431 
   00715    0.5869   -3262.9605  0.3307 
   00716    0.5681   -3279.9647  0.3262 
   00717    0.5881   -3173.6615  0.3199 
   00718    0.5637   -3288.7730  0.3246 
   00719    0.5637   -3238.1778  0.3001 
   00720    0.5706   -3262.9701  0.2746 
   00721    0.5756   -3260.0213  0.2684 
   00722    0.5587   -3282.5313  0.2692 
   00723    0.5500   -3258.5083  0.2657 
   00724    0.5681   -3300.7159  0.2783 
   00725    0.5831   -3270.6387  0.2793 
   00726    0.5737   -3215.5984  0.2693 
   00727    0.5731   -3222.1224  0.2690 
   00728    0.5481   -3243.3365  0.2706 
   00729    0.5625   -3278.1578  0.2672 
   00730    0.5763   -3241.0395  0.2791 
   00731    0.5813   -3295.6996  0.2797 
   00732    0.5525   -3227.3841  0.2892 
   00733    0.5575   -3237.4909  0.2877 
   00734    0.5463   -3248.0900  0.2985 
   00735    0.5550   -3425.6944  0.3109 
   00736    0.5394   -3384.3654  0.2875 
   00737    0.5500   -3336.2434  0.2847 
   00738    0.5581   -3308.3259  0.2771 
   00739    0.5625   -3316.8803  0.2914 
   00740    0.5725   -3278.5841  0.2819 
   00741    0.5319   -3251.7390  0.2936 
   00742    0.5681   -3329.1445  0.2731 
   00743    0.5750   -3312.4351  0.2572 
   00744    0.5669   -3351.7740  0.2772 
   00745    0.5637   -3317.6212  0.2637 
   00746    0.5513   -3347.5948  0.2841 
   00747    0.5613   -3247.0517  0.2937 
   00748    0.5663   -3258.6123  0.3089 
   00749    0.5463   -3226.9562  0.2940 
   00750    0.5619   -3276.0682  0.2825 
   00751    0.5881   -3213.1332  0.2989 
   00752    0.5787   -3258.1553  0.2935 
   00753    0.5581   -3329.2804  0.3098 
   00754    0.5350   -3352.2965  0.3080 
   00755    0.5450   -3329.8621  0.3024 
   00756    0.5450   -3316.6421  0.3029 
   00757    0.5669   -3317.1328  0.2869 
   00758    0.5500   -3265.0767  0.2728 
   00759    0.5763   -3339.1998  0.2643 
   00760    0.5587   -3302.9781  0.2864 
   00761    0.5625   -3204.1473  0.2898 
   00762    0.5787   -3195.2735  0.2857 
   00763    0.5825   -3271.5721  0.2857 
   00764    0.5381   -3301.0606  0.2851 
   00765    0.5494   -3327.0891  0.2860 
   00766    0.5606   -3252.0861  0.2850 
   00767    0.5550   -3209.4535  0.2800 
   00768    0.5669   -3204.2347  0.2885 
   00769    0.5437   -3246.8896  0.3190 
   00770    0.5681   -3253.6559  0.3034 
   00771    0.5587   -3342.6766  0.2965 
   00772    0.5481   -3367.7561  0.2972 
   00773    0.5419   -3376.5112  0.2997 
   00774    0.5444   -3414.5536  0.3100 
   00775    0.5456   -3276.7153  0.2975 
   00776    0.5600   -3264.9535  0.2990 
   00777    0.5506   -3336.6756  0.2727 
   00778    0.5469   -3375.7208  0.2742 
   00779    0.5613   -3399.8400  0.2743 
   00780    0.5262   -3364.7033  0.2807 
   00781    0.5463   -3421.7148  0.2732 
   00782    0.5331   -3384.2412  0.2619 
   00783    0.5487   -3388.5171  0.2648 
   00784    0.5606   -3398.1524  0.2723 
   00785    0.5606   -3374.3845  0.2818 
   00786    0.5619   -3370.2285  0.2726 
   00787    0.5463   -3416.1877  0.2692 
   00788    0.5375   -3386.5677  0.2712 
   00789    0.5513   -3380.7367  0.2578 
   00790    0.5600   -3396.3429  0.2604 
   00791    0.5375   -3344.4552  0.2722 
   00792    0.5644   -3334.1774  0.2813 
   00793    0.5506   -3339.1589  0.2658 
   00794    0.5450   -3363.2462  0.2639 
   00795    0.5569   -3301.9254  0.2666 
   00796    0.5644   -3363.3417  0.2784 
   00797    0.5437   -3312.4311  0.2715 
   00798    0.5881   -3324.5515  0.2593 
   00799    0.5587   -3376.6067  0.2564 
   00800    0.5613   -3334.9497  0.2688 
   00801    0.5444   -3392.8369  0.2902 
   00802    0.5450   -3353.5526  0.3056 
   00803    0.5550   -3330.7752  0.3111 
   00804    0.5550   -3238.5083  0.2924 
   00805    0.5906   -3310.9617  0.3033 
   00806    0.5525   -3314.4275  0.3129 
   00807    0.5613   -3405.7638  0.3063 
   00808    0.5506   -3415.3666  0.3099 
   00809    0.5381   -3417.8977  0.3238 
   00810    0.5463   -3279.0651  0.3235 
   00811    0.5600   -3253.6335  0.3182 
   00812    0.5469   -3225.9194  0.3171 
   00813    0.5887   -3301.3633  0.3232 
   00814    0.5800   -3342.1478  0.3237 
   00815    0.5531   -3364.6859  0.3139 
   00816    0.5494   -3422.5701  0.3353 
   00817    0.5606   -3287.8775  0.3450 
   00818    0.5500   -3290.4320  0.3292 
   00819    0.5656   -3221.3789  0.3323 
   00820    0.5625   -3262.0616  0.3137 
   00821    0.5781   -3179.2229  0.3028 
   00822    0.5475   -3167.7917  0.2773 
   00823    0.5737   -3218.2265  0.2809 
   00824    0.5769   -3139.5770  0.2859 
   00825    0.6000   -3132.2782  0.2936 
   00826    0.6019   -3150.9708  0.2724 
   00827    0.5906   -3174.5708  0.2826 
   00828    0.5856   -3224.6629  0.2837 
   00829    0.5600   -3172.2632  0.2711 
   00830    0.5644   -3201.4339  0.2587 
   00831    0.5525   -3160.2624  0.2622 
   00832    0.5900   -3229.8515  0.2624 
   00833    0.5800   -3235.3619  0.2607 
   00834    0.5513   -3143.1258  0.2647 
   00835    0.5981   -3214.9405  0.2563 
   00836    0.5494   -3297.7712  0.2683 
   00837    0.5563   -3226.1053  0.2791 
   00838    0.5831   -3269.2791  0.2931 
   00839    0.5544   -3266.0973  0.2951 
   00840    0.5431   -3299.3767  0.2908 
   00841    0.5550   -3271.1719  0.2791 
   00842    0.5581   -3325.5855  0.2712 
   00843    0.5437   -3352.1476  0.2915 
   00844    0.5406   -3338.1248  0.2792 
   00845    0.5387   -3348.3632  0.2836 
   00846    0.5563   -3328.3552  0.2905 
   00847    0.5775   -3350.5256  0.2932 
   00848    0.5587   -3276.0597  0.2900 
   00849    0.5481   -3305.6816  0.2936 
   00850    0.5525   -3277.7833  0.2991 
   00851    0.5694   -3304.3301  0.2801 
   00852    0.5894   -3269.5982  0.2778 
   00853    0.5725   -3258.8322  0.3041 
   00854    0.5531   -3367.6660  0.3061 
   00855    0.5687   -3300.7124  0.2893 
   00856    0.5431   -3248.9015  0.2979 
   00857    0.5787   -3228.2174  0.2805 
   00858    0.5731   -3219.0132  0.3006 
   00859    0.5525   -3274.4212  0.2970 
   00860    0.5644   -3363.6446  0.2874 
   00861    0.5669   -3415.3284  0.2719 
   00862    0.5513   -3447.3681  0.2688 
   00863    0.5550   -3276.0917  0.2742 
   00864    0.5644   -3290.2196  0.2683 
   00865    0.5506   -3292.1424  0.2549 
   00866    0.5525   -3300.7406  0.2568 
   00867    0.5737   -3274.7676  0.2651 
   00868    0.5737   -3226.7862  0.2679 
   00869    0.5700   -3240.5505  0.2686 
   00870    0.5687   -3285.1162  0.2545 
   00871    0.5250   -3303.8662  0.2679 
   00872    0.5606   -3415.4776  0.2706 
   00873    0.5325   -3324.6006  0.2600 
   00874    0.5481   -3417.8450  0.2724 
   00875    0.5431   -3413.0517  0.2713 
   00876    0.5600   -3333.6504  0.2796 
   00877    0.5800   -3299.8813  0.2772 
   00878    0.5656   -3214.8167  0.2771 
   00879    0.5769   -3198.6675  0.2748 
   00880    0.5556   -3253.4175  0.2840 
   00881    0.5737   -3297.8067  0.2645 
   00882    0.5563   -3281.1077  0.2682 
   00883    0.5169   -3325.9036  0.2808 
   00884    0.5850   -3307.6799  0.2655 
   00885    0.5525   -3364.0336  0.2522 
   00886    0.5637   -3364.3118  0.2644 
   00887    0.5781   -3308.1928  0.2656 
   00888    0.5594   -3227.7929  0.2635 
   00889    0.5687   -3252.8142  0.2804 
   00890    0.5706   -3252.9975  0.2806 
   00891    0.5625   -3226.1834  0.3081 
   00892    0.5613   -3267.7681  0.3031 
   00893    0.5669   -3311.5775  0.2859 
   00894    0.5619   -3290.7914  0.3102 
   00895    0.5781   -3311.1951  0.2938 
   00896    0.5394   -3289.9161  0.3034 
   00897    0.5469   -3347.6594  0.3064 
   00898    0.5675   -3249.5534  0.2944 
   00899    0.5719   -3235.4381  0.3113 
   00900    0.5694   -3214.7487  0.3004 
   00901    0.5744   -3270.5401  0.3112 
   00902    0.5594   -3269.6150  0.2921 
   00903    0.5763   -3233.6580  0.2927 
   00904    0.5644   -3263.3010  0.2811 
   00905    0.5575   -3274.0184  0.2875 
   00906    0.5694   -3258.1466  0.2782 
   00907    0.5744   -3248.0148  0.2799 
   00908    0.5706   -3324.1831  0.2803 
   00909    0.5669   -3228.6304  0.2775 
   00910    0.5819   -3265.2297  0.2801 
   00911    0.5494   -3419.1508  0.2866 
   00912    0.5794   -3374.9437  0.2834 
   00913    0.5575   -3347.5940  0.2655 
   00914    0.5500   -3380.4065  0.2881 
   00915    0.5619   -3436.5804  0.2907 
   00916    0.5413   -3403.1909  0.2841 
   00917    0.5475   -3369.3558  0.2990 
   00918    0.5775   -3384.3781  0.3017 
   00919    0.5231   -3355.9866  0.3121 
   00920    0.5625   -3358.6666  0.3075 
   00921    0.5650   -3332.0427  0.3071 
   00922    0.5631   -3296.8773  0.3160 
   00923    0.5563   -3332.6493  0.3061 
   00924    0.5581   -3308.0963  0.3060 
   00925    0.5819   -3256.0073  0.2955 
   00926    0.5719   -3294.0080  0.2993 
   00927    0.5656   -3269.2831  0.2884 
   00928    0.5550   -3329.1340  0.2649 
   00929    0.5719   -3385.5361  0.2555 
   00930    0.5537   -3370.2902  0.2571 
   00931    0.5706   -3311.0949  0.2625 
   00932    0.5444   -3430.6716  0.2805 
   00933    0.5350   -3429.2654  0.3147 
   00934    0.5400   -3473.8631  0.3047 
   00935    0.5275   -3386.9250  0.2956 
   00936    0.5575   -3444.7873  0.2985 
   00937    0.5531   -3350.4319  0.2983 
   00938    0.5594   -3326.4181  0.3104 
   00939    0.5700   -3331.7404  0.3107 
   00940    0.5569   -3416.5456  0.2961 
   00941    0.5700   -3338.3264  0.2923 
   00942    0.5387   -3360.0072  0.2843 
   00943    0.5406   -3282.0838  0.2829 
   00944    0.5750   -3188.7719  0.2922 
   00945    0.5656   -3155.6580  0.2994 
   00946    0.5613   -3169.1062  0.3065 
   00947    0.5850   -3136.1939  0.3132 
   00948    0.5794   -3196.3360  0.3044 
   00949    0.5675   -3244.6290  0.2935 
   00950    0.5463   -3279.5457  0.2949 
   00951    0.5575   -3226.8923  0.2979 
   00952    0.5794   -3336.5932  0.3086 
   00953    0.5356   -3335.2058  0.3140 
   00954    0.5437   -3328.9882  0.3081 
   00955    0.5487   -3342.7044  0.3186 
   00956    0.5600   -3362.4998  0.3217 
   00957    0.5675   -3391.9131  0.3322 
   00958    0.5594   -3407.1052  0.3453 
   00959    0.5650   -3422.2548  0.3433 
   00960    0.5475   -3419.7242  0.3379 
   00961    0.5481   -3378.4140  0.3279 
   00962    0.5700   -3369.3946  0.3135 
   00963    0.5481   -3406.2564  0.2985 
   00964    0.5544   -3401.4076  0.3049 
   00965    0.5513   -3417.8621  0.2962 
   00966    0.5419   -3339.3387  0.2937 
   00967    0.5519   -3338.2903  0.2910 
   00968    0.5531   -3354.0130  0.2700 
   00969    0.5563   -3379.5364  0.2575 
   00970    0.5469   -3339.6970  0.2661 
   00971    0.5700   -3411.8008  0.2788 
   00972    0.5581   -3382.5954  0.2802 
   00973    0.5450   -3349.2334  0.2630 
   00974    0.5931   -3375.4036  0.2860 
   00975    0.5425   -3402.1620  0.2706 
   00976    0.5487   -3355.8204  0.2556 
   00977    0.5794   -3294.3310  0.2802 
   00978    0.5463   -3307.0020  0.2666 
   00979    0.5631   -3247.6497  0.2606 
   00980    0.5719   -3293.6955  0.2619 
   00981    0.5731   -3273.4745  0.2640 
   00982    0.5519   -3250.9320  0.2696 
   00983    0.5694   -3224.3221  0.2709 
   00984    0.5719   -3279.8363  0.2546 
   00985    0.5844   -3248.0713  0.2707 
   00986    0.5706   -3249.9553  0.2759 
   00987    0.5731   -3297.5888  0.2849 
   00988    0.5787   -3296.4799  0.2908 
   00989    0.5669   -3313.5491  0.2957 
   00990    0.5469   -3285.1351  0.2964 
   00991    0.5887   -3218.5519  0.2956 
   00992    0.5825   -3266.2196  0.3040 
   00993    0.5494   -3286.3950  0.3040 
   00994    0.5769   -3303.0838  0.2954 
   00995    0.5550   -3331.0607  0.3084 
   00996    0.5587   -3326.0337  0.3090 
   00997    0.5831   -3191.9823  0.2961 
   00998    0.5763   -3216.7506  0.2854 
   00999    0.5613   -3219.6085  0.3047 
   01000    0.5594   -3310.4221  0.3166 
