#=====================================================
# File created:        Mon-06-Nov-2023-at-10-57-50AM
# Size of lattice:     40x40
# Number of MC steps:  1000
# Reduced temperature: 1.800
# Run time (s):        38.862138
#=====================================================
# MC step:  Ratio:     Energy:   Order:
#=====================================================
   00000    0.5000   -1596.1464  0.2562 
   00001    0.7500   -1783.7933  0.2659 
   00002    0.7250   -1955.7288  0.2613 
   00003    0.6950   -1990.6179  0.2578 
   00004    0.6925   -2160.8298  0.2626 
   00005    0.6900   -2290.2359  0.2618 
   00006    0.6425   -2330.0456  0.2562 
   00007    0.6900   -2442.3239  0.2685 
   00008    0.6625   -2498.5168  0.2562 
   00009    0.6625   -2539.8124  0.2610 
   00010    0.6650   -2590.6880  0.2634 
   00011    0.6525   -2583.6447  0.2708 
   00012    0.6675   -2591.1695  0.2632 
   00013    0.6350   -2583.1967  0.2681 
   00014    0.6575   -2637.4880  0.2735 
   00015    0.6375   -2623.1507  0.2719 
   00016    0.6575   -2627.3510  0.2724 
   00017    0.6550   -2604.8237  0.2665 
   00018    0.6550   -2604.7716  0.2671 
   00019    0.6600   -2622.5622  0.2658 
   00020    0.6025   -2653.1548  0.2617 
   00021    0.6250   -2725.3089  0.2543 
   00022    0.6325   -2687.7527  0.2561 
   00023    0.6075   -2759.1999  0.2703 
   00024    0.6225   -2715.0833  0.2708 
   00025    0.6100   -2732.1233  0.2616 
   00026    0.6000   -2720.3350  0.2752 
   00027    0.6400   -2714.8688  0.2807 
   00028    0.6225   -2699.0878  0.2819 
   00029    0.6025   -2695.0441  0.2707 
   00030    0.6425   -2680.6083  0.2723 
   00031    0.5975   -2674.4864  0.2800 
   00032    0.6125   -2652.2859  0.2745 
   00033    0.6475   -2721.7267  0.2751 
   00034    0.5975   -2718.5685  0.2708 
   00035    0.5925   -2773.1986  0.2631 
   00036    0.6125   -2732.9217  0.2741 
   00037    0.5875   -2736.3028  0.2836 
   00038    0.5825   -2772.3123  0.2864 
   00039    0.6100   -2689.2178  0.2833 
   00040    0.6300   -2629.1732  0.2894 
   00041    0.6400   -2654.6936  0.2882 
   00042    0.6275   -2645.4835  0.2842 
   00043    0.6325   -2641.8843  0.2843 
   00044    0.6025   -2546.7027  0.2865 
   00045    0.6250   -2590.5740  0.2898 
   00046    0.6625   -2546.6258  0.2839 
   00047    0.6225   -2522.7800  0.2825 
   00048    0.6175   -2590.9413  0.2746 
   00049    0.6725   -2565.0669  0.2735 
   00050    0.6025   -2578.2633  0.2711 
   00051    0.6700   -2584.1360  0.2754 
   00052    0.6250   -2547.2161  0.2844 
   00053    0.6450   -2595.6947  0.2863 
   00054    0.6100   -2598.4821  0.2907 
   00055    0.6500   -2553.6284  0.2887 
   00056    0.6300   -2576.8328  0.2898 
   00057    0.6400   -2582.8243  0.2769 
   00058    0.6525   -2624.4719  0.2746 
   00059    0.5875   -2629.8817  0.2853 
   00060    0.6250   -2631.8272  0.2804 
   00061    0.6350   -2618.5282  0.2740 
   00062    0.6200   -2687.0018  0.2694 
   00063    0.6125   -2667.1684  0.2665 
   00064    0.6075   -2716.9520  0.2784 
   00065    0.6400   -2692.1280  0.2894 
   00066    0.5925   -2685.6715  0.2852 
   00067    0.6325   -2683.4897  0.2858 
   00068    0.6425   -2710.0694  0.2864 
   00069    0.6350   -2694.6578  0.2638 
   00070    0.6225   -2711.8500  0.2648 
   00071    0.6400   -2698.2050  0.2668 
   00072    0.6375   -2733.4658  0.2701 
   00073    0.6300   -2799.3713  0.2739 
   00074    0.6600   -2742.7970  0.2830 
   00075    0.6000   -2735.2845  0.2769 
   00076    0.6125   -2712.0595  0.2914 
   00077    0.6125   -2621.9147  0.2862 
   00078    0.6025   -2600.8973  0.2848 
   00079    0.6425   -2606.4357  0.2899 
   00080    0.6275   -2658.0375  0.2969 
   00081    0.6025   -2655.7646  0.3041 
   00082    0.5900   -2650.7235  0.2976 
   00083    0.6425   -2638.7914  0.2933 
   00084    0.6150   -2620.8273  0.2977 
   00085    0.6000   -2613.8506  0.2912 
   00086    0.6200   -2711.8464  0.2859 
   00087    0.6375   -2676.1491  0.2853 
   00088    0.6525   -2606.8694  0.2797 
   00089    0.6550   -2593.9036  0.2791 
   00090    0.6600   -2599.9048  0.2768 
   00091    0.6250   -2670.6919  0.2747 
   00092    0.5775   -2665.6202  0.2739 
   00093    0.6300   -2635.2038  0.2753 
   00094    0.5875   -2594.1664  0.2792 
   00095    0.6125   -2619.3635  0.2726 
   00096    0.6375   -2601.3120  0.2684 
   00097    0.6550   -2629.9294  0.2762 
   00098    0.5800   -2739.8165  0.2832 
   00099    0.5950   -2717.5705  0.2788 
   00100    0.6275   -2686.2007  0.2707 
   00101    0.6500   -2681.9623  0.2790 
   00102    0.5950   -2636.7732  0.2786 
   00103    0.6025   -2652.1867  0.2909 
   00104    0.6325   -2572.9333  0.2843 
   00105    0.6425   -2618.2111  0.2836 
   00106    0.6200   -2588.2511  0.2776 
   00107    0.6550   -2605.7388  0.2662 
   00108    0.6350   -2621.7004  0.2726 
   00109    0.6300   -2632.8162  0.2794 
   00110    0.6325   -2644.7158  0.2737 
   00111    0.6050   -2664.2936  0.2768 
   00112    0.6425   -2642.5558  0.2750 
   00113    0.6525   -2690.7273  0.2682 
   00114    0.6475   -2697.4467  0.2704 
   00115    0.6325   -2664.1557  0.2645 
   00116    0.6975   -2668.3794  0.2658 
   00117    0.6375   -2613.0883  0.2615 
   00118    0.6450   -2664.0353  0.2631 
   00119    0.6075   -2622.8627  0.2633 
   00120    0.6475   -2600.7868  0.2533 
   00121    0.6100   -2629.0741  0.2675 
   00122    0.6550   -2682.7610  0.2645 
   00123    0.6400   -2733.8750  0.2636 
   00124    0.5950   -2724.7801  0.2671 
   00125    0.5975   -2733.9959  0.2660 
   00126    0.6050   -2756.0770  0.2734 
   00127    0.6150   -2696.8664  0.2705 
   00128    0.6050   -2674.1774  0.2740 
   00129    0.6400   -2648.4452  0.2715 
   00130    0.5825   -2599.2465  0.2724 
   00131    0.6550   -2599.4332  0.2692 
   00132    0.6500   -2563.3146  0.2778 
   00133    0.6300   -2581.9778  0.2824 
   00134    0.6425   -2545.4906  0.2817 
   00135    0.6500   -2555.3640  0.2723 
   00136    0.6400   -2597.5153  0.2743 
   00137    0.6225   -2712.3613  0.2911 
   00138    0.6150   -2682.9193  0.2761 
   00139    0.6150   -2746.5641  0.2633 
   00140    0.6300   -2725.0108  0.2558 
   00141    0.6250   -2706.0599  0.2540 
   00142    0.5900   -2676.8987  0.2543 
   00143    0.6425   -2703.8802  0.2615 
   00144    0.6275   -2712.9022  0.2592 
   00145    0.5900   -2688.8440  0.2580 
   00146    0.6100   -2736.0622  0.2710 
   00147    0.6225   -2754.2465  0.2628 
   00148    0.6125   -2762.7988  0.2678 
   00149    0.6400   -2714.0157  0.2746 
   00150    0.6225   -2679.4810  0.2731 
   00151    0.6275   -2729.5276  0.2711 
   00152    0.6075   -2750.1883  0.2664 
   00153    0.6225   -2714.0186  0.2635 
   00154    0.6425   -2659.2909  0.2733 
   00155    0.6025   -2701.4473  0.2725 
   00156    0.5875   -2685.3438  0.2741 
   00157    0.6450   -2703.4975  0.2714 
   00158    0.6100   -2708.0093  0.2810 
   00159    0.6100   -2665.9681  0.2862 
   00160    0.6225   -2671.6561  0.2772 
   00161    0.6125   -2692.4031  0.2741 
   00162    0.6225   -2768.9423  0.2677 
   00163    0.6225   -2729.6545  0.2575 
   00164    0.6650   -2768.6198  0.2734 
   00165    0.6325   -2754.6758  0.2790 
   00166    0.6325   -2782.2577  0.2854 
   00167    0.6250   -2758.1297  0.2786 
   00168    0.6075   -2692.8396  0.2724 
   00169    0.6325   -2623.9239  0.2715 
   00170    0.6250   -2616.0873  0.2612 
   00171    0.6075   -2596.8015  0.2554 
   00172    0.6325   -2629.4519  0.2579 
   00173    0.6550   -2593.8144  0.2562 
   00174    0.6300   -2616.7865  0.2567 
   00175    0.6100   -2647.1385  0.2624 
   00176    0.5700   -2628.0685  0.2675 
   00177    0.6200   -2601.2907  0.2633 
   00178    0.6400   -2645.6002  0.2607 
   00179    0.6025   -2642.9421  0.2536 
   00180    0.5975   -2680.1327  0.2618 
   00181    0.5450   -2663.7606  0.2674 
   00182    0.6225   -2653.5017  0.2591 
   00183    0.6350   -2660.0215  0.2614 
   00184    0.6350   -2597.2710  0.2593 
   00185    0.6625   -2687.2201  0.2608 
   00186    0.5950   -2728.6501  0.2594 
   00187    0.6200   -2741.1466  0.2619 
   00188    0.6225   -2691.0422  0.2602 
   00189    0.6575   -2700.8749  0.2700 
   00190    0.6475   -2671.9600  0.2811 
   00191    0.6175   -2675.9874  0.2749 
   00192    0.6375   -2649.8557  0.2802 
   00193    0.6150   -2642.2362  0.2864 
   00194    0.6300   -2622.6592  0.2779 
   00195    0.6750   -2609.6223  0.2706 
   00196    0.6300   -2616.1759  0.2660 
   00197    0.6600   -2593.7823  0.2636 
   00198    0.6325   -2569.5213  0.2639 
   00199    0.6325   -2627.3200  0.2675 
   00200    0.6175   -2692.3658  0.2785 
   00201    0.6850   -2703.9631  0.2816 
   00202    0.6300   -2704.8940  0.2772 
   00203    0.6200   -2753.8029  0.2890 
   00204    0.6175   -2733.2887  0.2848 
   00205    0.6275   -2709.3887  0.2865 
   00206    0.5775   -2705.0798  0.2899 
   00207    0.6300   -2712.8209  0.2902 
   00208    0.6175   -2690.7711  0.2981 
   00209    0.6300   -2670.9067  0.2956 
   00210    0.6250   -2651.0144  0.3032 
   00211    0.6200   -2738.8745  0.3070 
   00212    0.6475   -2758.3872  0.2952 
   00213    0.6400   -2726.4381  0.2968 
   00214    0.6150   -2694.3761  0.3056 
   00215    0.6225   -2634.5300  0.3012 
   00216    0.6375   -2608.9360  0.2972 
   00217    0.6225   -2648.0382  0.2946 
   00218    0.6100   -2700.3190  0.2897 
   00219    0.6275   -2760.3578  0.2816 
   00220    0.6025   -2693.7481  0.2811 
   00221    0.6200   -2657.7652  0.2773 
   00222    0.6575   -2665.5032  0.2786 
   00223    0.6200   -2717.3309  0.2798 
   00224    0.6125   -2716.4502  0.2880 
   00225    0.6425   -2677.8070  0.3015 
   00226    0.6150   -2726.4758  0.3023 
   00227    0.6300   -2799.0455  0.3007 
   00228    0.6375   -2780.6947  0.2965 
   00229    0.6200   -2792.9862  0.2950 
   00230    0.6575   -2738.1514  0.2986 
   00231    0.6150   -2742.8299  0.2918 
   00232    0.6400   -2798.6137  0.2954 
   00233    0.6275   -2755.9579  0.3059 
   00234    0.6000   -2760.6217  0.2961 
   00235    0.6250   -2742.7433  0.2961 
   00236    0.6350   -2722.9134  0.2857 
   00237    0.6800   -2650.5019  0.2913 
   00238    0.5975   -2643.2775  0.2910 
   00239    0.6425   -2679.9287  0.2826 
   00240    0.6300   -2707.6481  0.2874 
   00241    0.6050   -2726.3251  0.2906 
   00242    0.6375   -2786.1754  0.2819 
   00243    0.6225   -2742.9014  0.2742 
   00244    0.6475   -2720.0800  0.2643 
   00245    0.6150   -2743.9695  0.2593 
   00246    0.6350   -2754.9423  0.2638 
   00247    0.5975   -2752.9418  0.2648 
   00248    0.6050   -2722.4712  0.2587 
   00249    0.5800   -2748.7205  0.2646 
   00250    0.6200   -2742.8021  0.2598 
   00251    0.6225   -2734.3804  0.2575 
   00252    0.5750   -2682.1211  0.2629 
   00253    0.6375   -2583.0319  0.2582 
   00254    0.6525   -2656.3466  0.2607 
   00255    0.6125   -2658.4408  0.2648 
   00256    0.6325   -2603.8570  0.2713 
   00257    0.6000   -2593.2846  0.2704 
   00258    0.6475   -2610.2041  0.2640 
   00259    0.6500   -2601.8839  0.2665 
   00260    0.6400   -2607.0744  0.2662 
   00261    0.6125   -2635.3535  0.2697 
   00262    0.6375   -2655.6441  0.2721 
   00263    0.6575   -2677.1495  0.2831 
   00264    0.6325   -2640.0274  0.2803 
   00265    0.6200   -2613.5752  0.2716 
   00266    0.6550   -2592.0058  0.2619 
   00267    0.6400   -2543.9388  0.2607 
   00268    0.6250   -2494.0097  0.2693 
   00269    0.6475   -2556.5024  0.2597 
   00270    0.6775   -2544.8153  0.2612 
   00271    0.6425   -2609.7318  0.2660 
   00272    0.6250   -2605.5700  0.2619 
   00273    0.6625   -2630.0506  0.2550 
   00274    0.6475   -2595.0452  0.2536 
   00275    0.6250   -2624.1673  0.2604 
   00276    0.6500   -2617.8517  0.2770 
   00277    0.6225   -2560.1757  0.2749 
   00278    0.6650   -2532.2073  0.2866 
   00279    0.6450   -2585.9685  0.2791 
   00280    0.6550   -2626.1923  0.2689 
   00281    0.6375   -2618.1112  0.2687 
   00282    0.6200   -2673.3977  0.2707 
   00283    0.6300   -2657.6974  0.2734 
   00284    0.6550   -2683.8417  0.2647 
   00285    0.6550   -2681.5505  0.2678 
   00286    0.6275   -2679.7153  0.2670 
   00287    0.5875   -2691.3190  0.2827 
   00288    0.6050   -2717.8594  0.2867 
   00289    0.6100   -2716.1286  0.2821 
   00290    0.6075   -2706.1424  0.2826 
   00291    0.6300   -2701.1595  0.2876 
   00292    0.6175   -2694.2987  0.2911 
   00293    0.6550   -2693.4914  0.2987 
   00294    0.6125   -2729.0641  0.2995 
   00295    0.6325   -2759.4121  0.2839 
   00296    0.6875   -2813.4487  0.2836 
   00297    0.6350   -2846.7978  0.2861 
   00298    0.6100   -2751.4053  0.2884 
   00299    0.6200   -2786.2890  0.2916 
   00300    0.6475   -2761.1654  0.2877 
   00301    0.6100   -2702.6614  0.2883 
   00302    0.6100   -2675.4260  0.2951 
   00303    0.6250   -2687.8718  0.2895 
   00304    0.6425   -2647.7980  0.2976 
   00305    0.6125   -2697.1304  0.2869 
   00306    0.6100   -2716.4974  0.2860 
   00307    0.6325   -2718.7335  0.2824 
   00308    0.6375   -2656.7479  0.2765 
   00309    0.6525   -2650.9740  0.2826 
   00310    0.6350   -2670.7250  0.2803 
   00311    0.6075   -2695.6467  0.2799 
   00312    0.6450   -2705.0885  0.2801 
   00313    0.6625   -2749.3250  0.2762 
   00314    0.6075   -2653.3684  0.2945 
   00315    0.6625   -2656.4021  0.2909 
   00316    0.5925   -2671.4593  0.2894 
   00317    0.6175   -2670.5070  0.2893 
   00318    0.5950   -2677.0972  0.2965 
   00319    0.6025   -2647.2699  0.2873 
   00320    0.5900   -2679.2517  0.2947 
   00321    0.6275   -2628.1753  0.2903 
   00322    0.6200   -2599.5570  0.2945 
   00323    0.6250   -2671.5401  0.2962 
   00324    0.6300   -2711.5492  0.2800 
   00325    0.6450   -2662.0394  0.2753 
   00326    0.6125   -2642.2569  0.2777 
   00327    0.6325   -2633.3670  0.2720 
   00328    0.6575   -2662.2180  0.2711 
   00329    0.6425   -2668.2003  0.2587 
   00330    0.6150   -2640.9846  0.2592 
   00331    0.6125   -2640.3793  0.2637 
   00332    0.6625   -2566.6142  0.2636 
   00333    0.6525   -2520.1900  0.2571 
   00334    0.6675   -2581.7952  0.2642 
   00335    0.6125   -2567.4552  0.2721 
   00336    0.6425   -2610.3118  0.2683 
   00337    0.6700   -2596.7132  0.2641 
   00338    0.6625   -2634.1596  0.2683 
   00339    0.6250   -2673.5005  0.2826 
   00340    0.6375   -2607.8644  0.2851 
   00341    0.6525   -2546.2671  0.2941 
   00342    0.6500   -2592.1318  0.2990 
   00343    0.6275   -2628.0266  0.2921 
   00344    0.6525   -2695.2673  0.2859 
   00345    0.6025   -2736.8661  0.2876 
   00346    0.6075   -2695.6630  0.2865 
   00347    0.6225   -2682.6492  0.2782 
   00348    0.6575   -2634.8876  0.2755 
   00349    0.6750   -2605.9524  0.2872 
   00350    0.6425   -2558.2888  0.2684 
   00351    0.6525   -2569.1662  0.2710 
   00352    0.6275   -2601.0799  0.2739 
   00353    0.6525   -2618.6092  0.2708 
   00354    0.6500   -2614.1395  0.2645 
   00355    0.6275   -2609.0622  0.2590 
   00356    0.6025   -2636.8158  0.2613 
   00357    0.6575   -2641.4545  0.2654 
   00358    0.6150   -2639.8663  0.2752 
   00359    0.6475   -2703.6972  0.2801 
   00360    0.5925   -2703.4744  0.2787 
   00361    0.6100   -2704.9684  0.2809 
   00362    0.5825   -2675.4600  0.2880 
   00363    0.6425   -2631.1648  0.2957 
   00364    0.5875   -2598.5220  0.2922 
   00365    0.6050   -2562.6824  0.2953 
   00366    0.6800   -2544.4787  0.3000 
   00367    0.6050   -2535.7224  0.2932 
   00368    0.6325   -2496.6729  0.2974 
   00369    0.6400   -2575.9340  0.3042 
   00370    0.6425   -2558.5430  0.3025 
   00371    0.6250   -2534.1411  0.3008 
   00372    0.6150   -2472.2876  0.3030 
   00373    0.6425   -2437.9550  0.3016 
   00374    0.6025   -2485.2982  0.3027 
   00375    0.6050   -2482.7198  0.3100 
   00376    0.6300   -2493.0985  0.3133 
   00377    0.6275   -2533.3249  0.3130 
   00378    0.6475   -2513.9042  0.3200 
   00379    0.6550   -2520.8620  0.3238 
   00380    0.6225   -2497.6621  0.3137 
   00381    0.6475   -2534.6625  0.3035 
   00382    0.6450   -2597.8199  0.2943 
   00383    0.6025   -2632.1400  0.2817 
   00384    0.6300   -2644.8717  0.2812 
   00385    0.6400   -2636.4917  0.2741 
   00386    0.6750   -2588.2302  0.2776 
   00387    0.6300   -2666.3219  0.2717 
   00388    0.6400   -2589.8026  0.2623 
   00389    0.5925   -2587.3719  0.2721 
   00390    0.6025   -2645.7602  0.2844 
   00391    0.6200   -2654.3924  0.2801 
   00392    0.6300   -2685.5442  0.2863 
   00393    0.6400   -2682.2096  0.2933 
   00394    0.6275   -2677.2512  0.2881 
   00395    0.6100   -2694.5871  0.2834 
   00396    0.6200   -2664.7268  0.2923 
   00397    0.6250   -2679.1270  0.2849 
   00398    0.6350   -2677.0102  0.2974 
   00399    0.6300   -2656.7173  0.2998 
   00400    0.6450   -2697.4189  0.3126 
   00401    0.5900   -2743.9972  0.3239 
   00402    0.6225   -2751.6103  0.3221 
   00403    0.6175   -2787.1976  0.3134 
   00404    0.6025   -2829.1679  0.3116 
   00405    0.6425   -2824.5100  0.3092 
   00406    0.6600   -2805.0145  0.3123 
   00407    0.6375   -2824.2985  0.3172 
   00408    0.5900   -2849.0051  0.3213 
   00409    0.6075   -2896.0302  0.3166 
   00410    0.5950   -2858.6332  0.3164 
   00411    0.6100   -2844.4922  0.3022 
   00412    0.6075   -2759.2623  0.3077 
   00413    0.6125   -2733.1358  0.2907 
   00414    0.6450   -2761.8456  0.2980 
   00415    0.6050   -2714.3629  0.2983 
   00416    0.6300   -2786.4691  0.3074 
   00417    0.6075   -2756.1827  0.3080 
   00418    0.6375   -2762.6846  0.3172 
   00419    0.6200   -2699.3903  0.3096 
   00420    0.6675   -2672.6481  0.3150 
   00421    0.6150   -2669.1945  0.3109 
   00422    0.6250   -2728.2312  0.2929 
   00423    0.6075   -2730.4842  0.2826 
   00424    0.6100   -2723.5295  0.2864 
   00425    0.6250   -2694.6841  0.2766 
   00426    0.6225   -2715.9579  0.2847 
   00427    0.5975   -2728.3852  0.2774 
   00428    0.6350   -2667.0741  0.2729 
   00429    0.6650   -2683.0090  0.2752 
   00430    0.6175   -2710.5726  0.2787 
   00431    0.6650   -2688.4940  0.2815 
   00432    0.6450   -2718.1763  0.2835 
   00433    0.6300   -2759.7637  0.2939 
   00434    0.5850   -2693.7353  0.2903 
   00435    0.6150   -2655.2016  0.2985 
   00436    0.6375   -2658.7746  0.2898 
   00437    0.6250   -2646.7635  0.2842 
   00438    0.6250   -2735.9673  0.2908 
   00439    0.6050   -2719.8905  0.2914 
   00440    0.6450   -2651.4540  0.2954 
   00441    0.6375   -2653.1927  0.2811 
   00442    0.6200   -2666.4262  0.2896 
   00443    0.6425   -2660.4433  0.2829 
   00444    0.6475   -2629.9059  0.2878 
   00445    0.6550   -2665.9952  0.2940 
   00446    0.6225   -2666.3660  0.2938 
   00447    0.6200   -2687.0474  0.2855 
   00448    0.6700   -2660.9621  0.2806 
   00449    0.6125   -2673.0250  0.2794 
   00450    0.6250   -2644.6120  0.2892 
   00451    0.6625   -2679.5240  0.2733 
   00452    0.6425   -2675.8588  0.2835 
   00453    0.6100   -2653.9318  0.2879 
   00454    0.6275   -2645.0486  0.2851 
   00455    0.6075   -2602.7844  0.2892 
   00456    0.6325   -2628.4875  0.2879 
   00457    0.6550   -2687.3923  0.2856 
   00458    0.6375   -2738.1852  0.2809 
   00459    0.6000   -2711.1172  0.2722 
   00460    0.6350   -2686.6024  0.2738 
   00461    0.6600   -2692.6917  0.2681 
   00462    0.6200   -2719.6146  0.2638 
   00463    0.6150   -2730.8612  0.2616 
   00464    0.6400   -2725.0919  0.2588 
   00465    0.6775   -2678.8916  0.2649 
   00466    0.6200   -2712.8501  0.2664 
   00467    0.6025   -2672.9830  0.2625 
   00468    0.6325   -2606.7687  0.2727 
   00469    0.6425   -2617.0709  0.2587 
   00470    0.6400   -2683.1789  0.2554 
   00471    0.5975   -2667.5679  0.2577 
   00472    0.6325   -2637.6510  0.2594 
   00473    0.6075   -2631.7185  0.2584 
   00474    0.6275   -2615.2219  0.2632 
   00475    0.6675   -2610.6834  0.2630 
   00476    0.6525   -2631.9350  0.2717 
   00477    0.6200   -2636.3226  0.2720 
   00478    0.6275   -2637.7213  0.2744 
   00479    0.6475   -2621.8341  0.2784 
   00480    0.6750   -2643.0258  0.2816 
   00481    0.6100   -2629.7414  0.2681 
   00482    0.6275   -2654.8429  0.2652 
   00483    0.6075   -2688.7084  0.2644 
   00484    0.6225   -2646.9844  0.2563 
   00485    0.6500   -2662.9454  0.2615 
   00486    0.6225   -2687.6097  0.2626 
   00487    0.6100   -2671.8401  0.2514 
   00488    0.6050   -2562.2061  0.2521 
   00489    0.6450   -2635.9219  0.2557 
   00490    0.6575   -2621.3024  0.2535 
   00491    0.6375   -2623.2148  0.2611 
   00492    0.6575   -2629.8907  0.2632 
   00493    0.6425   -2641.7751  0.2635 
   00494    0.6250   -2660.2797  0.2612 
   00495    0.6500   -2643.2575  0.2657 
   00496    0.6250   -2659.8584  0.2619 
   00497    0.6325   -2640.7066  0.2665 
   00498    0.6375   -2577.5829  0.2749 
   00499    0.6325   -2578.8438  0.2731 
   00500    0.6025   -2562.2197  0.2757 
   00501    0.6700   -2543.8729  0.2756 
   00502    0.6475   -2579.1544  0.2780 
   00503    0.6275   -2566.4344  0.2854 
   00504    0.6525   -2579.4499  0.2881 
   00505    0.6225   -2616.9575  0.2972 
   00506    0.6475   -2647.3860  0.2802 
   00507    0.6225   -2619.0046  0.2789 
   00508    0.6000   -2605.3924  0.2864 
   00509    0.6150   -2648.2429  0.2885 
   00510    0.6450   -2652.6013  0.2876 
   00511    0.6150   -2682.6723  0.2844 
   00512    0.6250   -2701.9153  0.2994 
   00513    0.6400   -2689.7016  0.3092 
   00514    0.6225   -2691.9406  0.3007 
   00515    0.6225   -2726.1033  0.2934 
   00516    0.5975   -2649.8158  0.2986 
   00517    0.6500   -2697.3057  0.3040 
   00518    0.6300   -2675.7814  0.3108 
   00519    0.6125   -2736.0531  0.3176 
   00520    0.6100   -2747.1210  0.3086 
   00521    0.6350   -2722.5732  0.3066 
   00522    0.6500   -2630.6114  0.3054 
   00523    0.6100   -2631.0685  0.3064 
   00524    0.6100   -2672.5799  0.3104 
   00525    0.6450   -2665.5987  0.3085 
   00526    0.6275   -2672.4031  0.3032 
   00527    0.6300   -2644.4871  0.3000 
   00528    0.6025   -2692.4121  0.3057 
   00529    0.6550   -2712.9201  0.3011 
   00530    0.6175   -2678.7931  0.2988 
   00531    0.6125   -2675.9917  0.2951 
   00532    0.5900   -2661.4213  0.2837 
   00533    0.6325   -2612.0749  0.2812 
   00534    0.6050   -2663.3640  0.2794 
   00535    0.6575   -2716.3211  0.2722 
   00536    0.6250   -2701.5582  0.2784 
   00537    0.5875   -2672.8674  0.2746 
   00538    0.6500   -2617.1190  0.2814 
   00539    0.6600   -2671.1420  0.2793 
   00540    0.6350   -2612.5746  0.2750 
   00541    0.6325   -2581.6036  0.2774 
   00542    0.6350   -2602.3987  0.2697 
   00543    0.6225   -2642.9270  0.2644 
   00544    0.5650   -2686.1931  0.2636 
   00545    0.6300   -2662.9752  0.2734 
   00546    0.6000   -2732.8571  0.2771 
   00547    0.6475   -2676.3853  0.2774 
   00548    0.6300   -2682.7255  0.2771 
   00549    0.6350   -2615.0148  0.2749 
   00550    0.6775   -2621.5333  0.2718 
   00551    0.6650   -2563.5727  0.2682 
   00552    0.6375   -2557.4021  0.2670 
   00553    0.6250   -2568.7575  0.2602 
   00554    0.6450   -2582.7970  0.2625 
   00555    0.6450   -2556.0461  0.2579 
   00556    0.6125   -2577.4973  0.2521 
   00557    0.6400   -2568.5568  0.2584 
   00558    0.6175   -2508.5083  0.2613 
   00559    0.6300   -2508.0181  0.2604 
   00560    0.6175   -2545.1360  0.2656 
   00561    0.6325   -2556.4615  0.2701 
   00562    0.6625   -2614.1288  0.2781 
   00563    0.6675   -2630.5950  0.2812 
   00564    0.6400   -2633.8531  0.2850 
   00565    0.5900   -2605.4280  0.2865 
   00566    0.6400   -2681.4807  0.2794 
   00567    0.6250   -2651.1241  0.2754 
   00568    0.5975   -2669.9095  0.2683 
   00569    0.6250   -2627.8717  0.2710 
   00570    0.6325   -2699.5120  0.2815 
   00571    0.6400   -2715.7766  0.2865 
   00572    0.5850   -2698.1930  0.2755 
   00573    0.6450   -2643.0711  0.2714 
   00574    0.6325   -2653.9383  0.2818 
   00575    0.6650   -2633.1106  0.2875 
   00576    0.6525   -2609.4141  0.2830 
   00577    0.6075   -2619.2550  0.2868 
   00578    0.6375   -2614.2832  0.2819 
   00579    0.6475   -2659.1868  0.2787 
   00580    0.6475   -2616.7841  0.3010 
   00581    0.6400   -2647.3290  0.3004 
   00582    0.6475   -2640.9573  0.2945 
   00583    0.6000   -2678.7993  0.2853 
   00584    0.6525   -2677.2647  0.2832 
   00585    0.6375   -2674.3150  0.2921 
   00586    0.6075   -2688.9879  0.2838 
   00587    0.6025   -2687.9985  0.2799 
   00588    0.6250   -2701.3858  0.2795 
   00589    0.6025   -2725.1448  0.2795 
   00590    0.6350   -2700.2141  0.2713 
   00591    0.6375   -2706.9415  0.2768 
   00592    0.6525   -2586.6081  0.2646 
   00593    0.6200   -2589.6914  0.2664 
   00594    0.6100   -2663.1175  0.2544 
   00595    0.6175   -2687.7352  0.2597 
   00596    0.6050   -2670.4431  0.2597 
   00597    0.6175   -2704.0976  0.2546 
   00598    0.6250   -2724.8192  0.2568 
   00599    0.6300   -2721.8606  0.2622 
   00600    0.6325   -2763.7068  0.2607 
   00601    0.5975   -2679.8501  0.2592 
   00602    0.6275   -2686.3305  0.2605 
   00603    0.5925   -2681.2018  0.2517 
   00604    0.6525   -2703.1105  0.2545 
   00605    0.6300   -2721.7554  0.2625 
   00606    0.6400   -2688.7130  0.2715 
   00607    0.6075   -2676.5111  0.2714 
   00608    0.6175   -2662.9709  0.2698 
   00609    0.5825   -2686.6043  0.2705 
   00610    0.6375   -2699.8464  0.2786 
   00611    0.6475   -2719.7568  0.2860 
   00612    0.6375   -2690.4504  0.2830 
   00613    0.6400   -2726.5086  0.2894 
   00614    0.6125   -2675.7210  0.2830 
   00615    0.5675   -2757.7209  0.2865 
   00616    0.6250   -2752.0320  0.2864 
   00617    0.5750   -2702.8107  0.2792 
   00618    0.6600   -2683.6718  0.2845 
   00619    0.6225   -2625.0407  0.2787 
   00620    0.6000   -2629.6795  0.2764 
   00621    0.6100   -2639.4176  0.2796 
   00622    0.6375   -2596.6376  0.2745 
   00623    0.6325   -2580.1012  0.2701 
   00624    0.6225   -2636.6872  0.2652 
   00625    0.6425   -2660.7154  0.2643 
   00626    0.6475   -2679.5826  0.2628 
   00627    0.6450   -2651.7833  0.2620 
   00628    0.5950   -2678.6932  0.2601 
   00629    0.6475   -2648.9446  0.2553 
   00630    0.6075   -2714.1563  0.2663 
   00631    0.6600   -2670.9451  0.2672 
   00632    0.6325   -2735.7395  0.2600 
   00633    0.6500   -2787.0168  0.2704 
   00634    0.6275   -2790.6628  0.2796 
   00635    0.5900   -2776.0672  0.2701 
   00636    0.6000   -2810.9977  0.2654 
   00637    0.6400   -2782.6644  0.2630 
   00638    0.7000   -2757.4473  0.2615 
   00639    0.5975   -2733.3414  0.2720 
   00640    0.6100   -2740.1857  0.2742 
   00641    0.6300   -2688.3831  0.2542 
   00642    0.6375   -2612.9625  0.2620 
   00643    0.6500   -2573.8355  0.2601 
   00644    0.6350   -2567.9443  0.2685 
   00645    0.6225   -2582.3550  0.2715 
   00646    0.6400   -2609.7204  0.2783 
   00647    0.6350   -2650.4332  0.2758 
   00648    0.6400   -2659.2178  0.2698 
   00649    0.6100   -2649.9644  0.2677 
   00650    0.6425   -2650.1121  0.2658 
   00651    0.6250   -2648.6602  0.2653 
   00652    0.6650   -2660.7977  0.2714 
   00653    0.5925   -2668.8309  0.2705 
   00654    0.6375   -2688.6401  0.2672 
   00655    0.6175   -2664.5791  0.2756 
   00656    0.6650   -2696.3907  0.2725 
   00657    0.6300   -2688.2141  0.2675 
   00658    0.6600   -2705.3757  0.2732 
   00659    0.6100   -2678.3516  0.2734 
   00660    0.6250   -2596.8156  0.2723 
   00661    0.6725   -2538.4673  0.2542 
   00662    0.5950   -2556.0443  0.2577 
   00663    0.6175   -2559.6045  0.2632 
   00664    0.5925   -2561.7604  0.2656 
   00665    0.6200   -2626.2146  0.2638 
   00666    0.6450   -2629.8997  0.2584 
   00667    0.6450   -2652.6156  0.2671 
   00668    0.6425   -2604.5796  0.2639 
   00669    0.6100   -2600.7480  0.2749 
   00670    0.6500   -2634.8485  0.2663 
   00671    0.6400   -2695.3908  0.2680 
   00672    0.6500   -2703.3573  0.2592 
   00673    0.6375   -2644.2621  0.2572 
   00674    0.6100   -2680.1981  0.2550 
   00675    0.6025   -2684.4525  0.2644 
   00676    0.6575   -2716.3638  0.2688 
   00677    0.6300   -2742.0698  0.2727 
   00678    0.6475   -2669.5950  0.2725 
   00679    0.6050   -2654.7995  0.2791 
   00680    0.6375   -2644.0991  0.2776 
   00681    0.6300   -2673.1580  0.2765 
   00682    0.6550   -2702.1321  0.2717 
   00683    0.6175   -2636.7534  0.2716 
   00684    0.6400   -2639.2733  0.2740 
   00685    0.6325   -2585.4606  0.2789 
   00686    0.6525   -2570.8779  0.2723 
   00687    0.6275   -2592.4949  0.2862 
   00688    0.6150   -2639.4008  0.2819 
   00689    0.6025   -2686.7086  0.2945 
   00690    0.5700   -2731.0162  0.2914 
   00691    0.6225   -2787.1283  0.2907 
   00692    0.6425   -2689.0138  0.2891 
   00693    0.6200   -2701.3553  0.2916 
   00694    0.6675   -2681.1241  0.2918 
   00695    0.6125   -2731.5695  0.2884 
   00696    0.6225   -2666.5368  0.2877 
   00697    0.6300   -2680.8175  0.2920 
   00698    0.6000   -2634.1250  0.3022 
   00699    0.6250   -2637.0290  0.2889 
   00700    0.6375   -2619.1860  0.2866 
   00701    0.6325   -2539.2656  0.2815 
   00702    0.6625   -2584.4188  0.2864 
   00703    0.5950   -2594.3594  0.2838 
   00704    0.6200   -2622.6161  0.2861 
   00705    0.6200   -2630.5398  0.2994 
   00706    0.6550   -2659.9247  0.2987 
   00707    0.6450   -2572.2066  0.2826 
   00708    0.6425   -2545.9015  0.2886 
   00709    0.6425   -2532.8544  0.2799 
   00710    0.6525   -2515.2735  0.2790 
   00711    0.6575   -2550.2422  0.2733 
   00712    0.6850   -2532.7762  0.2698 
   00713    0.6525   -2577.9567  0.2709 
   00714    0.6425   -2584.1713  0.2721 
   00715    0.6525   -2622.2139  0.2756 
   00716    0.6475   -2661.0010  0.2660 
   00717    0.6250   -2677.7872  0.2670 
   00718    0.5900   -2700.1216  0.2695 
   00719    0.6175   -2648.4027  0.2695 
   00720    0.6400   -2702.4278  0.2862 
   00721    0.6150   -2731.1185  0.3034 
   00722    0.6550   -2721.2949  0.2957 
   00723    0.5850   -2736.8881  0.2988 
   00724    0.6325   -2742.5526  0.3047 
   00725    0.6275   -2834.6100  0.3082 
   00726    0.5800   -2803.9216  0.2992 
   00727    0.6025   -2753.2646  0.2827 
   00728    0.6450   -2645.9186  0.2676 
   00729    0.6500   -2653.4303  0.2643 
   00730    0.6200   -2668.9686  0.2780 
   00731    0.6300   -2756.4952  0.2801 
   00732    0.5975   -2687.1277  0.2805 
   00733    0.6125   -2721.5767  0.2753 
   00734    0.5975   -2713.6921  0.2751 
   00735    0.6150   -2723.7694  0.2840 
   00736    0.6275   -2743.8995  0.2882 
   00737    0.6450   -2700.6637  0.2751 
   00738    0.6425   -2695.5987  0.2706 
   00739    0.6475   -2704.5264  0.2724 
   00740    0.6425   -2753.7020  0.2628 
   00741    0.6125   -2723.4713  0.2607 
   00742    0.6500   -2733.7343  0.2637 
   00743    0.5975   -2748.0200  0.2710 
   00744    0.6375   -2773.9351  0.2684 
   00745    0.5975   -2696.5601  0.2816 
   00746    0.6400   -2669.5121  0.2937 
   00747    0.6175   -2651.8453  0.2965 
   00748    0.5950   -2614.1091  0.2941 
   00749    0.6075   -2659.3567  0.2985 
   00750    0.6050   -2628.0974  0.2984 
   00751    0.6425   -2576.6429  0.2947 
   00752    0.6400   -2616.8107  0.2954 
   00753    0.6700   -2605.0727  0.2942 
   00754    0.5975   -2655.6400  0.2889 
   00755    0.6250   -2647.0287  0.2756 
   00756    0.6325   -2616.3158  0.2772 
   00757    0.6400   -2665.5611  0.2705 
   00758    0.6350   -2691.1486  0.2661 
   00759    0.6050   -2720.5488  0.2763 
   00760    0.6275   -2740.7065  0.2823 
   00761    0.5950   -2726.2529  0.2770 
   00762    0.6475   -2745.9330  0.2706 
   00763    0.6075   -2767.7996  0.2677 
   00764    0.5950   -2812.1547  0.2694 
   00765    0.6275   -2831.7537  0.2696 
   00766    0.6025   -2808.8044  0.2708 
   00767    0.6100   -2747.1810  0.2802 
   00768    0.6100   -2752.6508  0.2899 
   00769    0.6425   -2740.1672  0.2860 
   00770    0.6450   -2714.6141  0.2846 
   00771    0.6575   -2725.7928  0.2947 
   00772    0.6225   -2734.2280  0.2890 
   00773    0.6275   -2768.9768  0.2836 
   00774    0.6400   -2720.4434  0.2918 
   00775    0.6375   -2742.6679  0.2962 
   00776    0.6275   -2800.8764  0.3088 
   00777    0.6425   -2792.0240  0.3161 
   00778    0.6350   -2736.9437  0.3202 
   00779    0.5825   -2698.1021  0.3111 
   00780    0.6075   -2683.0164  0.3155 
   00781    0.6250   -2704.5186  0.3085 
   00782    0.6200   -2699.9569  0.3036 
   00783    0.6075   -2672.9215  0.3176 
   00784    0.6200   -2651.6988  0.3064 
   00785    0.6400   -2710.9686  0.3009 
   00786    0.6150   -2680.3317  0.2944 
   00787    0.6075   -2701.8241  0.3048 
   00788    0.5925   -2678.6525  0.3010 
   00789    0.6300   -2687.8287  0.3033 
   00790    0.6050   -2645.2024  0.2921 
   00791    0.6350   -2653.1180  0.2856 
   00792    0.6025   -2650.5334  0.2832 
   00793    0.6275   -2699.5925  0.2814 
   00794    0.6100   -2664.9729  0.2791 
   00795    0.6225   -2596.6287  0.2812 
   00796    0.6275   -2606.1119  0.2667 
   00797    0.6375   -2593.9966  0.2692 
   00798    0.6200   -2601.8920  0.2796 
   00799    0.6575   -2589.3576  0.2844 
   00800    0.6475   -2584.4962  0.2980 
   00801    0.6350   -2625.8278  0.2974 
   00802    0.6025   -2634.2261  0.3033 
   00803    0.6675   -2544.6535  0.3036 
   00804    0.6325   -2596.8656  0.2958 
   00805    0.6025   -2569.5815  0.2941 
   00806    0.6175   -2649.3607  0.2918 
   00807    0.6100   -2612.5748  0.2986 
   00808    0.6025   -2624.1066  0.3001 
   00809    0.6625   -2610.2081  0.3012 
   00810    0.6425   -2632.9991  0.2986 
   00811    0.6350   -2603.7398  0.2901 
   00812    0.6350   -2616.7212  0.2780 
   00813    0.6325   -2565.1110  0.2783 
   00814    0.6175   -2622.3151  0.2857 
   00815    0.6250   -2638.1668  0.2851 
   00816    0.6050   -2650.2198  0.2817 
   00817    0.6300   -2561.7000  0.2809 
   00818    0.6275   -2557.7499  0.2773 
   00819    0.6250   -2598.4660  0.2756 
   00820    0.6125   -2609.8220  0.2837 
   00821    0.6550   -2627.7038  0.2816 
   00822    0.6175   -2614.7013  0.2858 
   00823    0.6450   -2620.6210  0.2812 
   00824    0.6250   -2615.5998  0.2774 
   00825    0.6300   -2615.6712  0.2920 
   00826    0.6550   -2602.5727  0.2854 
   00827    0.6425   -2590.6384  0.2809 
   00828    0.6200   -2629.2537  0.2844 
   00829    0.6275   -2650.0469  0.2829 
   00830    0.6675   -2665.7053  0.2701 
   00831    0.6200   -2670.8458  0.2681 
   00832    0.6725   -2667.0410  0.2722 
   00833    0.6275   -2666.1509  0.2675 
   00834    0.6175   -2665.1717  0.2718 
   00835    0.6225   -2638.0674  0.2828 
   00836    0.6700   -2637.3377  0.2829 
   00837    0.6100   -2692.3254  0.2871 
   00838    0.6175   -2679.6165  0.2786 
   00839    0.6475   -2668.8709  0.2664 
   00840    0.5925   -2639.9080  0.2630 
   00841    0.6350   -2653.6049  0.2718 
   00842    0.6500   -2640.2961  0.2632 
   00843    0.6375   -2629.5925  0.2819 
   00844    0.6025   -2653.2040  0.2899 
   00845    0.6550   -2680.9167  0.2762 
   00846    0.6375   -2701.9522  0.2804 
   00847    0.6025   -2687.4976  0.2754 
   00848    0.6125   -2711.0239  0.2819 
   00849    0.6125   -2659.0762  0.2805 
   00850    0.6225   -2684.3363  0.2850 
   00851    0.6025   -2693.7457  0.2866 
   00852    0.6075   -2726.2395  0.2845 
   00853    0.6025   -2775.0717  0.2674 
   00854    0.6250   -2788.1017  0.2746 
   00855    0.6300   -2764.4169  0.2849 
   00856    0.6325   -2770.7838  0.2924 
   00857    0.6325   -2806.1551  0.2941 
   00858    0.6200   -2773.9243  0.2942 
   00859    0.5750   -2764.3152  0.2856 
   00860    0.5850   -2747.6376  0.2838 
   00861    0.6075   -2735.2808  0.2880 
   00862    0.6075   -2729.4530  0.2799 
   00863    0.6200   -2703.6243  0.2813 
   00864    0.6625   -2657.7165  0.2769 
   00865    0.6125   -2658.9779  0.2835 
   00866    0.5925   -2683.4384  0.2835 
   00867    0.6550   -2668.7151  0.2926 
   00868    0.6400   -2634.7272  0.3003 
   00869    0.6100   -2610.9653  0.3104 
   00870    0.6225   -2548.0124  0.3156 
   00871    0.6550   -2615.6134  0.3220 
   00872    0.6250   -2648.1099  0.3235 
   00873    0.5975   -2701.8247  0.3187 
   00874    0.6325   -2731.0756  0.3080 
   00875    0.6375   -2662.6999  0.2927 
   00876    0.6400   -2663.9873  0.2882 
   00877    0.6400   -2616.8893  0.2659 
   00878    0.6525   -2555.9993  0.2691 
   00879    0.6325   -2537.7528  0.2689 
   00880    0.6650   -2554.7409  0.2588 
   00881    0.6475   -2564.6371  0.2659 
   00882    0.6550   -2627.7531  0.2683 
   00883    0.5925   -2696.4995  0.2693 
   00884    0.6250   -2710.0518  0.2748 
   00885    0.6500   -2658.0950  0.2852 
   00886    0.6200   -2649.4907  0.2883 
   00887    0.6250   -2650.5410  0.2885 
   00888    0.6350   -2729.9109  0.2863 
   00889    0.5825   -2757.8670  0.2908 
   00890    0.6075   -2718.6236  0.2992 
   00891    0.6150   -2705.7640  0.3104 
   00892    0.5975   -2750.8562  0.3100 
   00893    0.6400   -2767.3459  0.2966 
   00894    0.5900   -2767.7242  0.3025 
   00895    0.6200   -2738.2661  0.3073 
   00896    0.6550   -2828.1134  0.3068 
   00897    0.6100   -2788.1528  0.3069 
   00898    0.5875   -2763.6329  0.3007 
   00899    0.6200   -2723.4734  0.2923 
   00900    0.6400   -2717.8142  0.2833 
   00901    0.6175   -2745.1283  0.2891 
   00902    0.6425   -2727.7474  0.2802 
   00903    0.6550   -2680.1060  0.2780 
   00904    0.6425   -2700.3002  0.2754 
   00905    0.6875   -2654.2551  0.2677 
   00906    0.6225   -2710.2971  0.2652 
   00907    0.6075   -2722.6230  0.2660 
   00908    0.6375   -2760.5336  0.2633 
   00909    0.6025   -2777.6195  0.2628 
   00910    0.5975   -2724.5426  0.2719 
   00911    0.6225   -2687.3102  0.2734 
   00912    0.6150   -2684.2796  0.2633 
   00913    0.5850   -2777.2499  0.2738 
   00914    0.6325   -2769.8854  0.2754 
   00915    0.5875   -2798.3894  0.2915 
   00916    0.6450   -2833.8535  0.2898 
   00917    0.5950   -2774.6524  0.2973 
   00918    0.6200   -2816.4687  0.3031 
   00919    0.6000   -2849.8032  0.3076 
   00920    0.5875   -2837.0467  0.3051 
   00921    0.5900   -2828.2345  0.3154 
   00922    0.6075   -2788.2511  0.3267 
   00923    0.6100   -2764.9298  0.3166 
   00924    0.5925   -2777.6714  0.3149 
   00925    0.6375   -2760.1275  0.3153 
   00926    0.5900   -2783.3002  0.3229 
   00927    0.5950   -2746.2836  0.3202 
   00928    0.5900   -2634.2992  0.3135 
   00929    0.6275   -2667.7535  0.3081 
   00930    0.6375   -2651.5555  0.3059 
   00931    0.6325   -2645.5858  0.3133 
   00932    0.5725   -2683.1123  0.3140 
   00933    0.6375   -2716.0623  0.3121 
   00934    0.6400   -2677.5802  0.3227 
   00935    0.6075   -2654.1801  0.3345 
   00936    0.6200   -2642.4147  0.3254 
   00937    0.6400   -2642.9073  0.3254 
   00938    0.6250   -2588.8623  0.3160 
   00939    0.6075   -2617.8947  0.3174 
   00940    0.6625   -2611.2071  0.3099 
   00941    0.6350   -2628.2110  0.3001 
   00942    0.6300   -2661.2430  0.2832 
   00943    0.6325   -2680.5747  0.2909 
   00944    0.6075   -2676.1820  0.2941 
   00945    0.6375   -2663.7763  0.2860 
   00946    0.6175   -2650.1467  0.2843 
   00947    0.6000   -2642.2070  0.2795 
   00948    0.6100   -2672.3355  0.2644 
   00949    0.6350   -2630.0154  0.2725 
   00950    0.6400   -2631.1572  0.2685 
   00951    0.6325   -2583.2604  0.2698 
   00952    0.6200   -2576.6657  0.2722 
   00953    0.6375   -2549.8716  0.2582 
   00954    0.6500   -2554.3207  0.2588 
   00955    0.6700   -2562.0752  0.2787 
   00956    0.6650   -2565.9749  0.2786 
   00957    0.6725   -2594.0864  0.2706 
   00958    0.6050   -2570.2296  0.2727 
   00959    0.6575   -2582.7293  0.2678 
   00960    0.6600   -2577.6715  0.2652 
   00961    0.6300   -2581.7129  0.2705 
   00962    0.6200   -2610.5589  0.2729 
   00963    0.6300   -2601.2191  0.2702 
   00964    0.6450   -2622.4655  0.2611 
   00965    0.6375   -2689.7867  0.2676 
   00966    0.6250   -2677.8301  0.2639 
   00967    0.5975   -2657.2355  0.2546 
   00968    0.6600   -2623.5010  0.2626 
   00969    0.6075   -2631.2809  0.2531 
   00970    0.6300   -2649.6613  0.2570 
   00971    0.6200   -2564.0268  0.2607 
   00972    0.6175   -2602.0714  0.2528 
   00973    0.6275   -2569.6033  0.2560 
   00974    0.6725   -2632.0216  0.2645 
   00975    0.6225   -2644.4240  0.2683 
   00976    0.6525   -2622.7985  0.2665 
   00977    0.6575   -2551.0547  0.2569 
   00978    0.6075   -2562.5034  0.2652 
   00979    0.6200   -2609.3191  0.2788 
   00980    0.6650   -2604.1070  0.2838 
   00981    0.6300   -2568.1713  0.2875 
   00982    0.6075   -2625.3998  0.2938 
   00983    0.6125   -2695.1454  0.2913 
   00984    0.6100   -2723.7251  0.2831 
   00985    0.5950   -2704.0880  0.2819 
   00986    0.6500   -2734.9583  0.2772 
   00987    0.5925   -2741.2891  0.2719 
   00988    0.6325   -2779.5326  0.2735 
   00989    0.6500   -2746.5841  0.2773 
   00990    0.6150   -2671.5854  0.2844 
   00991    0.6225   -2674.3082  0.2707 
   00992    0.6550   -2685.2814  0.2673 
   00993    0.6075   -2667.2640  0.2562 
   00994    0.6750   -2693.5891  0.2591 
   00995    0.6550   -2626.0596  0.2539 
   00996    0.6375   -2610.2420  0.2574 
   00997    0.6250   -2618.3808  0.2525 
   00998    0.6050   -2635.0666  0.2606 
   00999    0.6850   -2520.8272  0.2611 
   01000    0.6425   -2577.7855  0.2547 
