#=====================================================
# File created:        Mon-06-Nov-2023-at-02-28-29PM
# Size of lattice:     40x40
# Number of MC steps:  1000
# Reduced temperature: 0.800
# Run time (s):        31.025933
#=====================================================
# MC step:  Ratio:     Energy:   Order:
#=====================================================
   00000    0.5000   -1614.1658  0.2664 
   00001    0.6975   -2439.8879  0.2671 
   00002    0.5856   -2937.1537  0.2659 
   00003    0.5731   -3241.5571  0.2807 
   00004    0.5606   -3394.0448  0.2735 
   00005    0.5431   -3487.9039  0.2757 
   00006    0.5044   -3611.0577  0.2840 
   00007    0.5231   -3683.1588  0.2746 
   00008    0.5144   -3742.5027  0.2953 
   00009    0.4844   -3804.8094  0.3062 
   00010    0.4625   -3904.3280  0.3154 
   00011    0.4713   -3949.7956  0.3295 
   00012    0.4681   -3954.7145  0.3193 
   00013    0.4800   -3966.4178  0.3313 
   00014    0.4819   -3964.8636  0.3406 
   00015    0.4738   -4063.6676  0.3442 
   00016    0.4644   -4081.7368  0.3532 
   00017    0.4612   -4081.9850  0.3443 
   00018    0.4562   -4106.9712  0.3569 
   00019    0.4537   -4105.8638  0.3631 
   00020    0.4706   -4069.1776  0.3690 
   00021    0.4700   -4153.2734  0.3784 
   00022    0.4881   -4139.1332  0.3921 
   00023    0.4500   -4184.7813  0.3946 
   00024    0.4688   -4233.0919  0.4017 
   00025    0.4469   -4284.3351  0.4076 
   00026    0.4581   -4322.6702  0.4156 
   00027    0.4406   -4234.3784  0.4165 
   00028    0.4537   -4328.5874  0.4221 
   00029    0.4456   -4321.5168  0.4230 
   00030    0.4206   -4298.9869  0.4167 
   00031    0.4656   -4340.8853  0.4152 
   00032    0.4344   -4371.2638  0.4284 
   00033    0.4400   -4305.2455  0.4125 
   00034    0.4719   -4331.4083  0.4123 
   00035    0.4481   -4379.2052  0.4264 
   00036    0.4350   -4397.2615  0.4303 
   00037    0.4437   -4340.5039  0.4296 
   00038    0.4319   -4316.0245  0.4209 
   00039    0.4456   -4362.8886  0.4293 
   00040    0.4475   -4436.0028  0.4471 
   00041    0.4231   -4412.1098  0.4610 
   00042    0.4431   -4321.5465  0.4597 
   00043    0.4294   -4318.9997  0.4500 
   00044    0.4406   -4350.3298  0.4637 
   00045    0.4425   -4321.4660  0.4560 
   00046    0.4569   -4333.5494  0.4402 
   00047    0.4269   -4301.6970  0.4370 
   00048    0.4406   -4333.3408  0.4414 
   00049    0.4506   -4325.9284  0.4449 
   00050    0.4381   -4279.9391  0.4339 
   00051    0.4244   -4283.7645  0.4400 
   00052    0.4606   -4288.5483  0.4316 
   00053    0.4537   -4358.2737  0.4249 
   00054    0.4238   -4424.1395  0.4379 
   00055    0.4500   -4402.6367  0.4431 
   00056    0.4481   -4374.7001  0.4384 
   00057    0.4288   -4356.8677  0.4455 
   00058    0.4437   -4336.5847  0.4375 
   00059    0.4600   -4362.9094  0.4297 
   00060    0.4394   -4377.1787  0.4382 
   00061    0.4556   -4288.0820  0.4413 
   00062    0.4481   -4385.7293  0.4425 
   00063    0.4437   -4374.2273  0.4540 
   00064    0.4419   -4421.7720  0.4469 
   00065    0.4431   -4468.5446  0.4410 
   00066    0.4338   -4417.1728  0.4382 
   00067    0.4431   -4407.3025  0.4298 
   00068    0.4412   -4406.1354  0.4288 
   00069    0.4437   -4405.0343  0.4286 
   00070    0.4475   -4393.3633  0.4103 
   00071    0.4431   -4333.2048  0.4212 
   00072    0.4350   -4349.8952  0.4226 
   00073    0.4481   -4331.1207  0.4383 
   00074    0.4425   -4254.3402  0.4361 
   00075    0.4531   -4370.6069  0.4338 
   00076    0.4475   -4385.8899  0.4392 
   00077    0.4331   -4381.3957  0.4281 
   00078    0.4100   -4403.3268  0.4280 
   00079    0.4400   -4405.0406  0.4205 
   00080    0.4381   -4402.1687  0.4183 
   00081    0.4381   -4441.3652  0.4264 
   00082    0.4225   -4409.7752  0.4291 
   00083    0.4419   -4357.6249  0.4118 
   00084    0.4644   -4402.0174  0.4070 
   00085    0.4175   -4459.5415  0.3936 
   00086    0.4263   -4445.5232  0.3969 
   00087    0.4450   -4391.3999  0.3974 
   00088    0.4375   -4446.4629  0.3980 
   00089    0.4156   -4440.1969  0.3939 
   00090    0.4313   -4429.8972  0.4085 
   00091    0.4269   -4455.1770  0.4104 
   00092    0.4319   -4459.2739  0.4187 
   00093    0.4506   -4451.3449  0.4129 
   00094    0.4325   -4434.6159  0.4089 
   00095    0.4325   -4424.5265  0.4132 
   00096    0.4506   -4386.2737  0.4042 
   00097    0.4325   -4362.3267  0.4125 
   00098    0.4231   -4422.0825  0.4130 
   00099    0.4375   -4444.2129  0.4189 
   00100    0.4406   -4450.9064  0.4146 
   00101    0.4500   -4400.0945  0.4236 
   00102    0.3994   -4363.1092  0.4271 
   00103    0.4175   -4364.3808  0.4252 
   00104    0.4400   -4399.2823  0.4269 
   00105    0.4244   -4432.3059  0.4311 
   00106    0.4437   -4404.8384  0.4447 
   00107    0.4275   -4347.3822  0.4407 
   00108    0.4331   -4400.6651  0.4483 
   00109    0.4244   -4381.0380  0.4562 
   00110    0.4244   -4421.2776  0.4633 
   00111    0.4181   -4389.9609  0.4595 
   00112    0.4494   -4386.2926  0.4613 
   00113    0.4325   -4387.8013  0.4576 
   00114    0.4437   -4490.0608  0.4520 
   00115    0.4306   -4493.2963  0.4477 
   00116    0.4313   -4449.4028  0.4615 
   00117    0.4431   -4421.5088  0.4574 
   00118    0.4281   -4428.7222  0.4442 
   00119    0.4394   -4474.1461  0.4490 
   00120    0.4369   -4447.2140  0.4431 
   00121    0.4175   -4473.1200  0.4447 
   00122    0.4369   -4538.6935  0.4417 
   00123    0.4275   -4469.3674  0.4459 
   00124    0.4294   -4497.6613  0.4434 
   00125    0.4188   -4487.2958  0.4354 
   00126    0.4256   -4468.8933  0.4323 
   00127    0.4356   -4493.6435  0.4425 
   00128    0.4381   -4530.5458  0.4401 
   00129    0.4069   -4560.9807  0.4399 
   00130    0.4444   -4515.5253  0.4489 
   00131    0.4294   -4505.2756  0.4527 
   00132    0.4363   -4549.2476  0.4697 
   00133    0.4300   -4572.2691  0.4783 
   00134    0.4275   -4546.8064  0.4798 
   00135    0.4331   -4534.3435  0.4910 
   00136    0.4344   -4595.5683  0.5006 
   00137    0.4400   -4559.5702  0.5029 
   00138    0.4294   -4513.9021  0.5157 
   00139    0.4338   -4474.0635  0.5147 
   00140    0.4175   -4472.7151  0.5112 
   00141    0.4331   -4468.7914  0.4999 
   00142    0.3950   -4497.2262  0.5040 
   00143    0.4175   -4485.8674  0.5093 
   00144    0.4494   -4422.5665  0.4949 
   00145    0.4450   -4438.2564  0.4951 
   00146    0.4369   -4403.7700  0.4957 
   00147    0.4250   -4451.3579  0.4937 
   00148    0.3987   -4478.4753  0.4995 
   00149    0.4306   -4443.5909  0.5020 
   00150    0.4356   -4374.2330  0.5048 
   00151    0.4225   -4438.2647  0.5151 
   00152    0.3950   -4465.7449  0.5096 
   00153    0.4356   -4428.5656  0.4967 
   00154    0.4381   -4487.0508  0.5010 
   00155    0.4225   -4490.9751  0.4963 
   00156    0.4325   -4526.3636  0.4997 
   00157    0.4244   -4527.8161  0.5063 
   00158    0.4131   -4531.4910  0.5046 
   00159    0.4400   -4607.9573  0.5154 
   00160    0.4219   -4552.9984  0.5142 
   00161    0.4231   -4516.5669  0.5219 
   00162    0.4163   -4519.4430  0.5119 
   00163    0.4344   -4488.7051  0.5121 
   00164    0.3850   -4511.1163  0.5190 
   00165    0.4281   -4507.6598  0.5134 
   00166    0.4269   -4469.6923  0.4989 
   00167    0.4494   -4497.7318  0.5130 
   00168    0.3950   -4500.1404  0.5120 
   00169    0.4200   -4517.1067  0.5124 
   00170    0.4406   -4519.6251  0.5166 
   00171    0.4431   -4509.7188  0.5172 
   00172    0.4219   -4469.9576  0.5088 
   00173    0.4094   -4460.6804  0.5171 
   00174    0.4363   -4431.2818  0.5151 
   00175    0.4181   -4417.6853  0.5112 
   00176    0.4450   -4468.2434  0.5139 
   00177    0.4219   -4480.7154  0.5256 
   00178    0.4406   -4550.9682  0.5223 
   00179    0.4050   -4598.0446  0.5191 
   00180    0.4225   -4600.4822  0.5179 
   00181    0.4175   -4615.5883  0.5175 
   00182    0.4294   -4578.8563  0.5130 
   00183    0.4231   -4576.2925  0.5187 
   00184    0.4338   -4599.3514  0.5222 
   00185    0.3969   -4603.6444  0.5263 
   00186    0.4481   -4573.2265  0.5131 
   00187    0.4169   -4586.3295  0.5036 
   00188    0.4238   -4562.7895  0.5123 
   00189    0.4138   -4576.5952  0.5211 
   00190    0.4344   -4496.7110  0.5146 
   00191    0.4381   -4517.6137  0.5213 
   00192    0.4306   -4535.4059  0.5070 
   00193    0.4244   -4505.4789  0.5196 
   00194    0.4169   -4560.4465  0.5213 
   00195    0.4100   -4602.0330  0.5165 
   00196    0.4100   -4621.2902  0.5105 
   00197    0.4231   -4622.1583  0.5290 
   00198    0.4100   -4563.0771  0.5189 
   00199    0.4500   -4537.6716  0.5172 
   00200    0.4206   -4535.8513  0.5230 
   00201    0.4331   -4583.4987  0.5264 
   00202    0.4206   -4539.3290  0.5190 
   00203    0.4462   -4472.5374  0.5235 
   00204    0.4269   -4525.8235  0.5264 
   00205    0.4294   -4570.7087  0.5352 
   00206    0.4288   -4526.9394  0.5509 
   00207    0.4225   -4521.9379  0.5433 
   00208    0.4169   -4515.6046  0.5424 
   00209    0.4325   -4527.6205  0.5381 
   00210    0.4419   -4569.0420  0.5409 
   00211    0.4406   -4532.5619  0.5276 
   00212    0.4450   -4502.1901  0.5253 
   00213    0.4188   -4456.4748  0.5102 
   00214    0.4412   -4458.0269  0.5159 
   00215    0.4163   -4401.0334  0.5213 
   00216    0.4425   -4415.2016  0.5148 
   00217    0.4419   -4410.6454  0.5229 
   00218    0.4269   -4443.1520  0.5301 
   00219    0.4269   -4438.8451  0.5141 
   00220    0.4475   -4515.4057  0.5128 
   00221    0.4131   -4565.0272  0.5146 
   00222    0.4319   -4489.6600  0.5179 
   00223    0.4194   -4479.3869  0.5284 
   00224    0.4581   -4481.5069  0.5157 
   00225    0.4238   -4524.1480  0.5216 
   00226    0.4025   -4514.9596  0.5097 
   00227    0.4475   -4460.1758  0.5074 
   00228    0.4113   -4560.3533  0.5164 
   00229    0.4344   -4515.8091  0.5191 
   00230    0.4425   -4523.5201  0.5185 
   00231    0.4219   -4525.5626  0.5263 
   00232    0.4088   -4559.8180  0.5353 
   00233    0.4225   -4566.2160  0.5295 
   00234    0.4219   -4520.7749  0.5340 
   00235    0.4206   -4546.0079  0.5437 
   00236    0.4163   -4608.7934  0.5534 
   00237    0.4012   -4595.8860  0.5498 
   00238    0.4462   -4573.0813  0.5403 
   00239    0.4050   -4548.5461  0.5400 
   00240    0.4113   -4564.9554  0.5407 
   00241    0.4094   -4583.5008  0.5422 
   00242    0.4206   -4539.6462  0.5409 
   00243    0.4375   -4560.4832  0.5488 
   00244    0.4037   -4521.9360  0.5512 
   00245    0.4194   -4474.5402  0.5474 
   00246    0.4106   -4504.9436  0.5330 
   00247    0.4369   -4472.1263  0.5320 
   00248    0.4412   -4566.4365  0.5393 
   00249    0.4138   -4536.3006  0.5426 
   00250    0.4119   -4522.0644  0.5370 
   00251    0.4481   -4499.6024  0.5319 
   00252    0.4269   -4486.7664  0.5073 
   00253    0.4412   -4429.9101  0.5043 
   00254    0.4188   -4461.0527  0.4920 
   00255    0.4375   -4464.4444  0.4872 
   00256    0.4494   -4438.4671  0.4829 
   00257    0.4263   -4490.1759  0.4877 
   00258    0.4288   -4563.9389  0.4907 
   00259    0.4100   -4536.9883  0.4855 
   00260    0.4031   -4547.3639  0.4932 
   00261    0.4156   -4524.9180  0.4991 
   00262    0.4506   -4494.6380  0.4990 
   00263    0.4306   -4518.1503  0.5013 
   00264    0.4313   -4539.3037  0.5151 
   00265    0.4338   -4593.9383  0.5028 
   00266    0.4156   -4535.1620  0.5084 
   00267    0.4188   -4539.5675  0.5105 
   00268    0.4163   -4554.5751  0.5210 
   00269    0.4200   -4556.8812  0.5236 
   00270    0.4244   -4514.8279  0.5196 
   00271    0.4231   -4507.9362  0.5081 
   00272    0.4587   -4572.1771  0.5023 
   00273    0.4175   -4571.0182  0.4998 
   00274    0.4138   -4474.6931  0.4898 
   00275    0.4412   -4427.5740  0.4824 
   00276    0.4306   -4353.0232  0.4749 
   00277    0.4550   -4347.4759  0.4687 
   00278    0.4113   -4399.8642  0.4682 
   00279    0.4294   -4421.6200  0.4726 
   00280    0.4056   -4487.0712  0.4856 
   00281    0.4175   -4454.1783  0.4790 
   00282    0.4325   -4429.1351  0.4783 
   00283    0.4313   -4436.6527  0.4705 
   00284    0.4100   -4413.8600  0.4629 
   00285    0.4406   -4444.5439  0.4834 
   00286    0.4131   -4489.4426  0.4982 
   00287    0.4238   -4568.7967  0.5138 
   00288    0.4138   -4584.4598  0.5042 
   00289    0.4288   -4564.1519  0.5030 
   00290    0.4206   -4575.8732  0.5026 
   00291    0.4306   -4504.9155  0.4914 
   00292    0.4106   -4517.2093  0.4950 
   00293    0.4131   -4543.1390  0.4663 
   00294    0.4281   -4588.2207  0.4660 
   00295    0.4094   -4590.6818  0.4497 
   00296    0.4131   -4586.1951  0.4544 
   00297    0.4125   -4532.1182  0.4557 
   00298    0.4313   -4526.0788  0.4583 
   00299    0.4350   -4555.7387  0.4596 
   00300    0.4194   -4533.1720  0.4536 
   00301    0.4231   -4527.0285  0.4419 
   00302    0.4125   -4541.9626  0.4439 
   00303    0.4331   -4485.4383  0.4500 
   00304    0.4200   -4554.0048  0.4595 
   00305    0.4256   -4583.6556  0.4711 
   00306    0.4144   -4557.2931  0.4727 
   00307    0.4238   -4594.7447  0.4828 
   00308    0.4406   -4622.8950  0.4867 
   00309    0.4181   -4604.0267  0.4883 
   00310    0.4188   -4531.8544  0.4941 
   00311    0.4231   -4512.5659  0.4863 
   00312    0.4175   -4542.9318  0.4959 
   00313    0.4281   -4600.4355  0.5028 
   00314    0.4275   -4582.2349  0.4894 
   00315    0.4206   -4585.1346  0.4923 
   00316    0.4144   -4584.3241  0.4916 
   00317    0.4300   -4515.8029  0.4756 
   00318    0.4275   -4528.9134  0.4762 
   00319    0.4200   -4549.5990  0.4681 
   00320    0.4294   -4531.4941  0.4697 
   00321    0.4194   -4558.1109  0.4734 
   00322    0.4356   -4563.6257  0.4706 
   00323    0.4300   -4608.6063  0.4807 
   00324    0.4206   -4593.9937  0.4718 
   00325    0.4331   -4567.8592  0.4832 
   00326    0.4256   -4538.7119  0.4756 
   00327    0.4181   -4521.6969  0.4799 
   00328    0.4156   -4511.1403  0.4788 
   00329    0.4025   -4585.0734  0.4676 
   00330    0.4250   -4583.7007  0.4619 
   00331    0.4062   -4609.4440  0.4667 
   00332    0.4019   -4603.6606  0.4672 
   00333    0.4169   -4590.0586  0.4723 
   00334    0.4138   -4651.7167  0.4682 
   00335    0.4050   -4584.2417  0.4731 
   00336    0.4319   -4582.4859  0.4815 
   00337    0.4375   -4604.2692  0.4765 
   00338    0.4387   -4544.0242  0.4736 
   00339    0.4300   -4530.0165  0.4663 
   00340    0.4375   -4538.5954  0.4757 
   00341    0.4281   -4548.0696  0.4704 
   00342    0.4094   -4484.6590  0.4679 
   00343    0.4188   -4488.0063  0.4665 
   00344    0.4275   -4504.9236  0.4676 
   00345    0.4300   -4500.2917  0.4774 
   00346    0.4412   -4463.8932  0.4739 
   00347    0.4250   -4487.3691  0.4738 
   00348    0.4325   -4485.8405  0.4835 
   00349    0.4275   -4459.3620  0.4978 
   00350    0.4300   -4372.0702  0.5004 
   00351    0.4394   -4413.7780  0.5037 
   00352    0.4294   -4357.1089  0.4923 
   00353    0.4363   -4451.0579  0.4864 
   00354    0.4344   -4397.0092  0.4806 
   00355    0.4456   -4425.6199  0.4924 
   00356    0.4400   -4449.4325  0.4971 
   00357    0.4350   -4504.3823  0.4870 
   00358    0.4381   -4486.2445  0.4886 
   00359    0.4225   -4511.4980  0.4835 
   00360    0.4313   -4537.8038  0.4776 
   00361    0.4200   -4517.3179  0.4810 
   00362    0.4375   -4568.1223  0.4756 
   00363    0.4250   -4543.9420  0.4824 
   00364    0.4494   -4521.9849  0.4870 
   00365    0.4156   -4528.6409  0.4934 
   00366    0.4231   -4586.3331  0.4903 
   00367    0.4319   -4579.1653  0.4868 
   00368    0.4056   -4546.7592  0.4915 
   00369    0.4444   -4541.6325  0.4706 
   00370    0.4156   -4461.2127  0.4658 
   00371    0.4519   -4447.3367  0.4681 
   00372    0.4519   -4467.2162  0.4629 
   00373    0.4256   -4470.9342  0.4661 
   00374    0.4156   -4478.8509  0.4673 
   00375    0.4531   -4477.4959  0.4519 
   00376    0.4338   -4414.3262  0.4481 
   00377    0.4494   -4412.0312  0.4350 
   00378    0.4494   -4380.1214  0.4368 
   00379    0.4331   -4431.7253  0.4473 
   00380    0.4306   -4441.8646  0.4495 
   00381    0.4338   -4425.9699  0.4519 
   00382    0.4256   -4382.2774  0.4316 
   00383    0.4587   -4370.3418  0.4442 
   00384    0.4425   -4324.1542  0.4379 
   00385    0.4394   -4425.1381  0.4307 
   00386    0.4350   -4532.3348  0.4310 
   00387    0.4331   -4498.8940  0.4309 
   00388    0.4150   -4486.2289  0.4247 
   00389    0.4075   -4445.0325  0.4262 
   00390    0.4419   -4468.6858  0.4270 
   00391    0.4269   -4500.4307  0.4236 
   00392    0.4331   -4527.8049  0.4241 
   00393    0.4131   -4525.0964  0.4282 
   00394    0.4375   -4467.2979  0.4278 
   00395    0.4319   -4429.3928  0.4133 
   00396    0.4294   -4455.4386  0.4119 
   00397    0.4250   -4458.0753  0.4007 
   00398    0.4163   -4492.9064  0.4102 
   00399    0.4175   -4506.4706  0.4142 
   00400    0.4075   -4491.8988  0.4151 
   00401    0.4669   -4566.8425  0.4314 
   00402    0.4256   -4504.5357  0.4302 
   00403    0.4375   -4432.9280  0.4208 
   00404    0.4394   -4410.8278  0.4294 
   00405    0.4338   -4460.3026  0.4303 
   00406    0.4375   -4430.1480  0.4164 
   00407    0.4250   -4413.0586  0.4076 
   00408    0.4369   -4453.1761  0.4076 
   00409    0.4569   -4441.0913  0.4041 
   00410    0.3987   -4417.4542  0.4051 
   00411    0.4425   -4464.1636  0.4104 
   00412    0.4294   -4429.9112  0.3924 
   00413    0.4325   -4441.1177  0.3853 
   00414    0.4100   -4477.5816  0.3989 
   00415    0.4119   -4533.2934  0.4118 
   00416    0.4350   -4459.1126  0.4152 
   00417    0.4194   -4452.3019  0.4130 
   00418    0.4169   -4431.1835  0.4113 
   00419    0.4356   -4475.3411  0.4127 
   00420    0.4369   -4437.6579  0.4199 
   00421    0.4419   -4434.1797  0.4218 
   00422    0.4381   -4422.5285  0.4097 
   00423    0.4419   -4396.4954  0.4073 
   00424    0.4387   -4371.7625  0.4062 
   00425    0.4469   -4318.8240  0.4184 
   00426    0.4412   -4424.6299  0.4204 
   00427    0.4356   -4473.0219  0.4290 
   00428    0.4125   -4488.8042  0.4340 
   00429    0.4175   -4500.6416  0.4337 
   00430    0.4188   -4466.7007  0.4227 
   00431    0.4263   -4445.4913  0.4181 
   00432    0.4019   -4437.3768  0.4192 
   00433    0.4356   -4537.0028  0.4288 
   00434    0.4113   -4614.8981  0.4292 
   00435    0.3956   -4595.7986  0.4297 
   00436    0.3969   -4560.8926  0.4261 
   00437    0.4169   -4596.0397  0.4174 
   00438    0.4306   -4548.0413  0.4079 
   00439    0.4200   -4534.3387  0.3994 
   00440    0.4325   -4531.1930  0.3946 
   00441    0.4044   -4559.5997  0.4094 
   00442    0.4113   -4511.0416  0.4099 
   00443    0.4338   -4490.6492  0.4118 
   00444    0.4462   -4486.4767  0.4026 
   00445    0.4300   -4516.8751  0.4051 
   00446    0.4544   -4576.3481  0.4020 
   00447    0.4263   -4472.1751  0.4026 
   00448    0.4225   -4497.0610  0.4001 
   00449    0.4313   -4589.5809  0.4094 
   00450    0.4113   -4569.3976  0.4168 
   00451    0.4206   -4552.6707  0.4282 
   00452    0.4344   -4511.0626  0.4278 
   00453    0.4319   -4500.0745  0.4241 
   00454    0.4181   -4510.5754  0.4194 
   00455    0.4238   -4506.2871  0.4213 
   00456    0.4331   -4487.6615  0.4225 
   00457    0.4263   -4554.4041  0.4330 
   00458    0.4131   -4528.8052  0.4316 
   00459    0.4163   -4578.2839  0.4409 
   00460    0.4306   -4589.2837  0.4256 
   00461    0.4281   -4565.9056  0.4272 
   00462    0.4300   -4577.7114  0.4300 
   00463    0.4106   -4557.7459  0.4299 
   00464    0.4181   -4537.2029  0.4224 
   00465    0.4200   -4557.8496  0.4344 
   00466    0.4019   -4590.2548  0.4433 
   00467    0.4094   -4590.2376  0.4490 
   00468    0.4094   -4614.9080  0.4581 
   00469    0.4200   -4608.9975  0.4659 
   00470    0.4263   -4602.1758  0.4618 
   00471    0.4206   -4658.6008  0.4572 
   00472    0.3994   -4648.8576  0.4547 
   00473    0.4025   -4650.0855  0.4582 
   00474    0.4069   -4644.3943  0.4529 
   00475    0.4138   -4619.9855  0.4472 
   00476    0.4119   -4640.0034  0.4514 
   00477    0.4031   -4616.2632  0.4505 
   00478    0.4425   -4607.1823  0.4532 
   00479    0.4012   -4601.7991  0.4601 
   00480    0.4144   -4582.3359  0.4641 
   00481    0.4250   -4587.7872  0.4486 
   00482    0.4288   -4608.9919  0.4402 
   00483    0.4144   -4597.8528  0.4449 
   00484    0.4238   -4650.4365  0.4378 
   00485    0.3844   -4637.6717  0.4328 
   00486    0.4075   -4655.3292  0.4360 
   00487    0.4138   -4676.9453  0.4352 
   00488    0.4350   -4623.9036  0.4428 
   00489    0.4356   -4578.1003  0.4436 
   00490    0.4163   -4571.7056  0.4320 
   00491    0.4088   -4564.3925  0.4386 
   00492    0.4394   -4540.8513  0.4272 
   00493    0.4000   -4502.0729  0.4285 
   00494    0.4263   -4533.2605  0.4361 
   00495    0.4206   -4577.7854  0.4387 
   00496    0.4275   -4524.0340  0.4323 
   00497    0.4188   -4529.0997  0.4284 
   00498    0.4381   -4533.6578  0.4324 
   00499    0.4219   -4505.4161  0.4306 
   00500    0.4300   -4545.7935  0.4183 
   00501    0.4575   -4574.9817  0.4145 
   00502    0.4194   -4580.1838  0.4170 
   00503    0.4256   -4547.8831  0.4168 
   00504    0.4506   -4520.2788  0.4023 
   00505    0.4300   -4492.8902  0.4048 
   00506    0.4431   -4431.2676  0.4117 
   00507    0.4763   -4396.7349  0.4096 
   00508    0.4475   -4437.1492  0.4163 
   00509    0.4338   -4387.3112  0.4191 
   00510    0.4469   -4406.7331  0.4206 
   00511    0.4394   -4362.0254  0.3988 
   00512    0.4294   -4357.7121  0.3982 
   00513    0.4200   -4301.1198  0.3985 
   00514    0.4487   -4389.4261  0.3925 
   00515    0.4400   -4341.5088  0.3940 
   00516    0.4219   -4326.2416  0.3890 
   00517    0.4437   -4367.0868  0.3897 
   00518    0.4550   -4374.0904  0.3954 
   00519    0.4069   -4376.6946  0.4007 
   00520    0.4288   -4406.5104  0.3929 
   00521    0.4200   -4386.8561  0.3869 
   00522    0.4487   -4331.9588  0.3787 
   00523    0.4587   -4401.2891  0.3902 
   00524    0.4394   -4442.9536  0.3849 
   00525    0.4344   -4424.4047  0.3854 
   00526    0.4219   -4436.4383  0.3788 
   00527    0.4281   -4384.6013  0.3871 
   00528    0.4456   -4403.7583  0.4096 
   00529    0.4338   -4416.1010  0.3988 
   00530    0.4550   -4462.4228  0.3930 
   00531    0.4244   -4529.1677  0.4087 
   00532    0.4056   -4568.2403  0.4119 
   00533    0.4181   -4543.5717  0.4119 
   00534    0.4263   -4491.3057  0.4152 
   00535    0.4381   -4507.1599  0.4111 
   00536    0.4363   -4503.8708  0.4174 
   00537    0.4113   -4540.7927  0.4144 
   00538    0.4300   -4544.7548  0.4136 
   00539    0.4144   -4537.4517  0.4017 
   00540    0.4206   -4453.9343  0.4035 
   00541    0.4425   -4401.2460  0.3931 
   00542    0.4381   -4457.8866  0.3936 
   00543    0.4263   -4459.7048  0.4082 
   00544    0.4431   -4421.6783  0.4156 
   00545    0.4225   -4470.1091  0.4142 
   00546    0.4381   -4493.3243  0.4089 
   00547    0.4244   -4573.0344  0.4097 
   00548    0.4294   -4607.3527  0.4235 
   00549    0.4288   -4552.4657  0.4199 
   00550    0.4250   -4634.7496  0.4225 
   00551    0.4106   -4631.1853  0.4256 
   00552    0.4012   -4612.1941  0.4202 
   00553    0.4300   -4506.5195  0.4205 
   00554    0.4506   -4505.5294  0.4228 
   00555    0.4481   -4431.2437  0.4108 
   00556    0.4450   -4417.0635  0.4148 
   00557    0.4131   -4466.4776  0.4139 
   00558    0.4444   -4433.1460  0.4118 
   00559    0.4269   -4433.7275  0.4071 
   00560    0.4206   -4443.1961  0.4075 
   00561    0.4281   -4508.9261  0.4147 
   00562    0.4363   -4492.3561  0.4282 
   00563    0.4406   -4490.9065  0.4312 
   00564    0.4056   -4468.7470  0.4326 
   00565    0.4169   -4452.6888  0.4388 
   00566    0.4400   -4414.8578  0.4290 
   00567    0.4263   -4434.1146  0.4158 
   00568    0.4163   -4428.3056  0.4179 
   00569    0.4400   -4447.4979  0.4267 
   00570    0.4163   -4435.6409  0.4299 
   00571    0.4338   -4408.4479  0.4337 
   00572    0.4231   -4429.1349  0.4283 
   00573    0.4369   -4434.3808  0.4243 
   00574    0.4425   -4375.2886  0.4219 
   00575    0.4475   -4385.9342  0.4103 
   00576    0.4206   -4437.8435  0.4093 
   00577    0.4450   -4425.5849  0.4225 
   00578    0.4281   -4491.6037  0.4371 
   00579    0.4319   -4457.1150  0.4404 
   00580    0.4163   -4492.8896  0.4492 
   00581    0.4213   -4509.5468  0.4309 
   00582    0.4281   -4459.0477  0.4359 
   00583    0.4469   -4401.0255  0.4538 
   00584    0.4487   -4348.1209  0.4604 
   00585    0.4487   -4434.7524  0.4667 
   00586    0.4206   -4455.6184  0.4707 
   00587    0.4250   -4506.5229  0.4733 
   00588    0.4294   -4563.7161  0.4813 
   00589    0.4275   -4514.5068  0.4793 
   00590    0.4144   -4564.5434  0.4821 
   00591    0.4325   -4579.3531  0.4986 
   00592    0.4100   -4617.4042  0.4873 
   00593    0.4113   -4630.4562  0.4958 
   00594    0.4344   -4576.7989  0.4924 
   00595    0.4025   -4561.2934  0.4921 
   00596    0.4219   -4477.6106  0.4755 
   00597    0.4194   -4464.0626  0.4816 
   00598    0.4363   -4478.5194  0.4784 
   00599    0.4306   -4504.4365  0.4794 
   00600    0.4219   -4515.9673  0.4815 
   00601    0.4288   -4503.4961  0.4845 
   00602    0.4188   -4508.0961  0.4937 
   00603    0.4188   -4515.7058  0.4891 
   00604    0.4206   -4538.8318  0.4998 
   00605    0.4094   -4548.4878  0.5034 
   00606    0.4069   -4545.8065  0.5046 
   00607    0.4412   -4508.0924  0.5089 
   00608    0.4456   -4477.9413  0.4996 
   00609    0.4037   -4466.9191  0.5095 
   00610    0.4019   -4471.1076  0.5135 
   00611    0.4344   -4521.9349  0.5117 
   00612    0.4150   -4548.3465  0.5182 
   00613    0.4019   -4609.7331  0.5326 
   00614    0.4062   -4562.1906  0.5184 
   00615    0.4387   -4586.0358  0.5191 
   00616    0.4381   -4599.6769  0.5312 
   00617    0.4300   -4616.1676  0.5237 
   00618    0.4200   -4565.5222  0.5274 
   00619    0.4138   -4581.3551  0.5267 
   00620    0.4181   -4673.1247  0.5430 
   00621    0.4019   -4700.3542  0.5503 
   00622    0.4369   -4713.7567  0.5552 
   00623    0.4144   -4611.3348  0.5538 
   00624    0.4163   -4635.8691  0.5535 
   00625    0.4412   -4628.2070  0.5556 
   00626    0.4119   -4617.1556  0.5523 
   00627    0.4094   -4586.3748  0.5560 
   00628    0.3987   -4569.1141  0.5548 
   00629    0.4256   -4547.4593  0.5685 
   00630    0.4444   -4537.3076  0.5738 
   00631    0.4131   -4556.6227  0.5725 
   00632    0.4175   -4618.3119  0.5862 
   00633    0.4138   -4585.8111  0.5849 
   00634    0.4244   -4533.2252  0.5946 
   00635    0.4300   -4539.4169  0.5915 
   00636    0.4225   -4542.5971  0.5896 
   00637    0.4450   -4578.1788  0.5947 
   00638    0.4188   -4564.0526  0.6071 
   00639    0.4131   -4608.9436  0.6060 
   00640    0.4056   -4648.4703  0.6122 
   00641    0.4113   -4716.2280  0.6196 
   00642    0.4106   -4725.1391  0.6122 
   00643    0.4156   -4641.7308  0.6011 
   00644    0.3881   -4597.5232  0.6066 
   00645    0.4081   -4632.0258  0.6205 
   00646    0.4056   -4666.4715  0.6274 
   00647    0.3937   -4630.8329  0.6286 
   00648    0.4275   -4696.3178  0.6361 
   00649    0.4044   -4677.9342  0.6362 
   00650    0.4113   -4595.2765  0.6281 
   00651    0.4294   -4626.6582  0.6171 
   00652    0.4344   -4665.9560  0.6184 
   00653    0.4012   -4702.2986  0.6228 
   00654    0.4244   -4670.1605  0.6247 
   00655    0.4231   -4619.8723  0.6103 
   00656    0.4119   -4577.5818  0.6048 
   00657    0.4250   -4664.2465  0.6108 
   00658    0.4350   -4650.6352  0.6133 
   00659    0.4075   -4635.4195  0.6133 
   00660    0.3894   -4663.0887  0.6152 
   00661    0.4181   -4666.2786  0.6279 
   00662    0.4075   -4680.4680  0.6218 
   00663    0.4394   -4607.2854  0.6263 
   00664    0.4375   -4675.5069  0.6394 
   00665    0.4138   -4719.8320  0.6448 
   00666    0.4219   -4690.5568  0.6378 
   00667    0.4131   -4686.3125  0.6379 
   00668    0.4150   -4690.2392  0.6498 
   00669    0.4219   -4677.9473  0.6419 
   00670    0.4219   -4703.2672  0.6460 
   00671    0.4037   -4692.2872  0.6441 
   00672    0.3713   -4704.5763  0.6469 
   00673    0.4012   -4682.5413  0.6394 
   00674    0.4250   -4724.6748  0.6378 
   00675    0.4031   -4679.2593  0.6404 
   00676    0.3875   -4692.6516  0.6293 
   00677    0.4281   -4713.5858  0.6234 
   00678    0.4275   -4714.2255  0.6194 
   00679    0.4144   -4718.5975  0.6298 
   00680    0.4288   -4759.3281  0.6371 
   00681    0.4062   -4695.5896  0.6148 
   00682    0.4369   -4655.8674  0.6106 
   00683    0.4231   -4650.3458  0.6108 
   00684    0.4519   -4611.6548  0.6110 
   00685    0.4106   -4658.5368  0.6078 
   00686    0.4125   -4583.7496  0.5950 
   00687    0.4019   -4578.4270  0.5993 
   00688    0.4281   -4581.2594  0.5964 
   00689    0.4200   -4547.0940  0.5955 
   00690    0.4244   -4541.4396  0.5852 
   00691    0.4487   -4535.1539  0.5748 
   00692    0.4306   -4591.8991  0.5746 
   00693    0.4381   -4560.7221  0.5823 
   00694    0.4288   -4654.4011  0.5813 
   00695    0.4175   -4643.9379  0.5833 
   00696    0.4144   -4599.0248  0.5796 
   00697    0.4188   -4583.6622  0.5713 
   00698    0.4294   -4537.4955  0.5599 
   00699    0.4169   -4542.2762  0.5518 
   00700    0.4313   -4503.5553  0.5647 
   00701    0.4231   -4490.3541  0.5600 
   00702    0.4481   -4563.2539  0.5470 
   00703    0.4319   -4561.4342  0.5417 
   00704    0.4169   -4636.7428  0.5559 
   00705    0.4050   -4595.5747  0.5641 
   00706    0.3837   -4590.2043  0.5666 
   00707    0.4188   -4574.9881  0.5643 
   00708    0.4169   -4579.4559  0.5580 
   00709    0.4019   -4523.2128  0.5508 
   00710    0.4275   -4508.1702  0.5434 
   00711    0.4394   -4454.6559  0.5454 
   00712    0.4100   -4459.9625  0.5428 
   00713    0.4100   -4475.1611  0.5332 
   00714    0.4256   -4455.8428  0.5283 
   00715    0.4313   -4470.7755  0.5222 
   00716    0.4219   -4546.1801  0.5270 
   00717    0.4156   -4563.6145  0.5202 
   00718    0.4325   -4517.7975  0.5170 
   00719    0.4263   -4499.5145  0.5035 
   00720    0.4325   -4475.4345  0.4962 
   00721    0.4188   -4463.7502  0.4921 
   00722    0.4500   -4444.0536  0.4887 
   00723    0.4325   -4455.9465  0.4916 
   00724    0.4363   -4473.1575  0.4952 
   00725    0.4238   -4526.8022  0.5063 
   00726    0.4219   -4500.0294  0.4997 
   00727    0.4419   -4560.9574  0.4957 
   00728    0.4131   -4563.4821  0.4978 
   00729    0.4088   -4557.7098  0.4978 
   00730    0.4263   -4561.2127  0.4962 
   00731    0.4188   -4571.2693  0.5002 
   00732    0.4319   -4571.9338  0.5079 
   00733    0.4256   -4595.8005  0.5118 
   00734    0.3950   -4594.9026  0.5165 
   00735    0.4119   -4560.6332  0.5096 
   00736    0.4225   -4582.7756  0.5136 
   00737    0.4012   -4555.0656  0.5260 
   00738    0.4244   -4580.6106  0.5286 
   00739    0.3969   -4575.7652  0.5339 
   00740    0.4319   -4565.7593  0.5312 
   00741    0.4250   -4625.3105  0.5452 
   00742    0.4294   -4564.1165  0.5338 
   00743    0.4281   -4558.6830  0.5320 
   00744    0.4194   -4510.1001  0.5311 
   00745    0.4475   -4548.0367  0.5312 
   00746    0.3981   -4597.9906  0.5290 
   00747    0.4313   -4643.2494  0.5415 
   00748    0.4244   -4631.3150  0.5345 
   00749    0.4275   -4616.2057  0.5368 
   00750    0.4256   -4516.7496  0.5246 
   00751    0.4131   -4545.3188  0.5163 
   00752    0.4231   -4432.1588  0.5107 
   00753    0.4450   -4490.4399  0.5077 
   00754    0.4244   -4553.4699  0.4952 
   00755    0.4300   -4634.2758  0.5044 
   00756    0.4075   -4572.0970  0.5031 
   00757    0.4012   -4587.3887  0.5110 
   00758    0.4250   -4602.4055  0.5089 
   00759    0.4225   -4566.1622  0.5026 
   00760    0.4244   -4591.1180  0.5114 
   00761    0.3950   -4615.1415  0.5280 
   00762    0.4363   -4603.6331  0.5246 
   00763    0.4456   -4536.2972  0.5264 
   00764    0.4119   -4506.2937  0.5226 
   00765    0.4300   -4544.2860  0.5379 
   00766    0.4125   -4507.3068  0.5390 
   00767    0.4125   -4597.1685  0.5387 
   00768    0.4025   -4605.4214  0.5445 
   00769    0.4325   -4540.2946  0.5472 
   00770    0.4106   -4577.1682  0.5586 
   00771    0.4338   -4571.1883  0.5624 
   00772    0.4012   -4573.7651  0.5655 
   00773    0.4306   -4586.8962  0.5620 
   00774    0.4188   -4604.2661  0.5607 
   00775    0.4419   -4607.6127  0.5528 
   00776    0.4006   -4664.7213  0.5610 
   00777    0.4081   -4711.7164  0.5564 
   00778    0.4100   -4708.5876  0.5512 
   00779    0.4163   -4728.8583  0.5498 
   00780    0.4037   -4667.4500  0.5530 
   00781    0.4288   -4687.6943  0.5557 
   00782    0.4037   -4629.6332  0.5573 
   00783    0.4244   -4604.7124  0.5425 
   00784    0.4206   -4668.8017  0.5584 
   00785    0.4100   -4623.0116  0.5584 
   00786    0.4294   -4617.8388  0.5479 
   00787    0.4356   -4624.5991  0.5464 
   00788    0.4375   -4652.9711  0.5528 
   00789    0.4319   -4701.1350  0.5556 
   00790    0.4044   -4738.7030  0.5605 
   00791    0.4313   -4736.4141  0.5564 
   00792    0.4194   -4706.3084  0.5502 
   00793    0.4069   -4690.8888  0.5573 
   00794    0.4288   -4594.3052  0.5464 
   00795    0.4275   -4594.4788  0.5605 
   00796    0.4188   -4642.5331  0.5638 
   00797    0.4356   -4647.4600  0.5681 
   00798    0.4062   -4659.1335  0.5716 
   00799    0.4206   -4711.9133  0.5638 
   00800    0.3994   -4701.4767  0.5670 
   00801    0.4437   -4621.4359  0.5631 
   00802    0.4081   -4639.1523  0.5732 
   00803    0.4431   -4620.3385  0.5710 
   00804    0.4356   -4661.0880  0.5770 
   00805    0.4206   -4587.5969  0.5719 
   00806    0.4094   -4603.4841  0.5770 
   00807    0.3956   -4624.6838  0.5799 
   00808    0.4138   -4604.6660  0.5811 
   00809    0.4163   -4597.4921  0.5820 
   00810    0.3969   -4646.3771  0.5952 
   00811    0.4219   -4642.0773  0.5999 
   00812    0.4106   -4651.8482  0.6142 
   00813    0.4194   -4641.9032  0.6047 
   00814    0.4106   -4690.3961  0.6072 
   00815    0.4225   -4677.9851  0.6069 
   00816    0.4288   -4714.1801  0.6109 
   00817    0.4175   -4660.5919  0.6065 
   00818    0.4113   -4657.9162  0.5965 
   00819    0.4138   -4692.1067  0.5951 
   00820    0.4319   -4727.3798  0.5926 
   00821    0.4106   -4744.8189  0.5888 
   00822    0.4250   -4694.5683  0.5924 
   00823    0.4138   -4720.9822  0.6042 
   00824    0.3956   -4690.2776  0.6106 
   00825    0.4188   -4653.4285  0.6095 
   00826    0.4025   -4756.0006  0.6046 
   00827    0.4175   -4721.4207  0.6049 
   00828    0.4006   -4770.0172  0.6068 
   00829    0.4000   -4727.9245  0.6076 
   00830    0.4044   -4724.6155  0.6012 
   00831    0.4325   -4722.6571  0.6044 
   00832    0.4131   -4701.8409  0.6044 
   00833    0.4356   -4730.0089  0.6012 
   00834    0.4125   -4740.2969  0.6062 
   00835    0.4144   -4670.3771  0.6137 
   00836    0.4250   -4686.4891  0.6188 
   00837    0.4156   -4637.4008  0.6108 
   00838    0.4069   -4611.6841  0.6114 
   00839    0.4206   -4621.3519  0.6223 
   00840    0.4169   -4674.1613  0.6262 
   00841    0.4181   -4693.6327  0.6307 
   00842    0.4281   -4739.4901  0.6281 
   00843    0.3875   -4736.1437  0.6271 
   00844    0.3881   -4742.3684  0.6272 
   00845    0.4094   -4696.4763  0.6213 
   00846    0.4113   -4691.2919  0.6355 
   00847    0.4037   -4693.4530  0.6392 
   00848    0.4037   -4739.9328  0.6447 
   00849    0.4069   -4634.5517  0.6488 
   00850    0.4100   -4670.7916  0.6549 
   00851    0.4106   -4674.4510  0.6559 
   00852    0.3931   -4721.2793  0.6456 
   00853    0.4188   -4778.1044  0.6488 
   00854    0.4069   -4715.2316  0.6388 
   00855    0.4294   -4791.7695  0.6507 
   00856    0.4213   -4759.5829  0.6449 
   00857    0.3912   -4718.5202  0.6440 
   00858    0.3956   -4704.4374  0.6329 
   00859    0.4106   -4696.6183  0.6266 
   00860    0.4012   -4637.9048  0.6137 
   00861    0.4219   -4638.3113  0.6172 
   00862    0.4175   -4679.7728  0.6207 
   00863    0.3881   -4686.9853  0.6196 
   00864    0.4175   -4700.1901  0.6185 
   00865    0.3919   -4681.8719  0.6127 
   00866    0.3769   -4689.5889  0.6072 
   00867    0.3956   -4680.4734  0.6071 
   00868    0.4188   -4708.0388  0.6053 
   00869    0.4088   -4688.2487  0.6100 
   00870    0.4081   -4679.5268  0.6101 
   00871    0.3987   -4647.0812  0.5981 
   00872    0.4088   -4676.0793  0.6013 
   00873    0.4281   -4666.2414  0.6143 
   00874    0.4075   -4689.1969  0.6199 
   00875    0.4213   -4608.9229  0.6253 
   00876    0.4088   -4626.9020  0.6333 
   00877    0.4156   -4670.0394  0.6347 
   00878    0.4181   -4662.6595  0.6406 
   00879    0.4175   -4685.3345  0.6424 
   00880    0.4094   -4710.4051  0.6439 
   00881    0.4294   -4681.5933  0.6372 
   00882    0.4219   -4619.5530  0.6405 
   00883    0.4125   -4645.5047  0.6494 
   00884    0.4138   -4688.0363  0.6470 
   00885    0.4219   -4715.4848  0.6499 
   00886    0.3987   -4630.5049  0.6456 
   00887    0.4138   -4578.9928  0.6418 
   00888    0.4250   -4594.4955  0.6398 
   00889    0.4475   -4602.4306  0.6416 
   00890    0.4081   -4641.9147  0.6436 
   00891    0.4012   -4679.6427  0.6442 
   00892    0.4231   -4721.5270  0.6550 
   00893    0.4244   -4730.4870  0.6538 
   00894    0.3931   -4677.6629  0.6546 
   00895    0.4238   -4675.5892  0.6524 
   00896    0.4025   -4724.9174  0.6570 
   00897    0.4169   -4711.1272  0.6657 
   00898    0.4163   -4724.0540  0.6687 
   00899    0.3831   -4771.2081  0.6737 
   00900    0.4044   -4678.8156  0.6663 
   00901    0.4225   -4696.7739  0.6654 
   00902    0.4044   -4717.0189  0.6705 
   00903    0.4069   -4722.5508  0.6663 
   00904    0.4113   -4697.8734  0.6630 
   00905    0.4294   -4683.1359  0.6594 
   00906    0.4288   -4655.5560  0.6533 
   00907    0.4006   -4645.0307  0.6466 
   00908    0.4275   -4707.5524  0.6493 
   00909    0.4163   -4777.3261  0.6664 
   00910    0.4056   -4736.1609  0.6710 
   00911    0.3956   -4708.9852  0.6642 
   00912    0.4088   -4706.0962  0.6644 
   00913    0.3925   -4606.5655  0.6531 
   00914    0.4131   -4653.4420  0.6502 
   00915    0.4350   -4683.9398  0.6464 
   00916    0.4156   -4671.3814  0.6549 
   00917    0.4263   -4669.2509  0.6494 
   00918    0.3862   -4661.4753  0.6539 
   00919    0.4231   -4736.1493  0.6670 
   00920    0.4106   -4710.6670  0.6555 
   00921    0.4313   -4686.9044  0.6515 
   00922    0.4031   -4638.8630  0.6447 
   00923    0.4094   -4676.8912  0.6473 
   00924    0.3994   -4683.5619  0.6437 
   00925    0.4069   -4636.0788  0.6452 
   00926    0.4106   -4679.0905  0.6401 
   00927    0.4231   -4580.5284  0.6251 
   00928    0.4219   -4603.5155  0.6104 
   00929    0.4313   -4574.2552  0.6082 
   00930    0.4175   -4585.2841  0.6120 
   00931    0.4275   -4590.6534  0.6127 
   00932    0.4156   -4608.6279  0.6087 
   00933    0.4313   -4660.0482  0.6114 
   00934    0.4106   -4684.6899  0.6201 
   00935    0.4225   -4622.7354  0.6036 
   00936    0.4256   -4674.4113  0.6122 
   00937    0.4131   -4691.8124  0.6121 
   00938    0.3962   -4642.2439  0.6083 
   00939    0.4250   -4608.3270  0.5940 
   00940    0.4275   -4641.8690  0.5965 
   00941    0.3894   -4626.3228  0.5966 
   00942    0.4156   -4635.7742  0.6013 
   00943    0.4369   -4647.8094  0.6011 
   00944    0.4031   -4696.0665  0.6052 
   00945    0.4369   -4647.9833  0.6000 
   00946    0.4238   -4641.9796  0.6021 
   00947    0.4250   -4667.0457  0.6102 
   00948    0.3981   -4688.1159  0.6134 
   00949    0.4250   -4658.2982  0.6108 
   00950    0.4069   -4644.1764  0.6166 
   00951    0.4125   -4614.6919  0.6107 
   00952    0.4069   -4633.8342  0.6048 
   00953    0.4213   -4614.2782  0.6065 
   00954    0.4019   -4604.9590  0.6023 
   00955    0.4175   -4591.0342  0.5956 
   00956    0.4094   -4535.3185  0.5799 
   00957    0.4294   -4486.8950  0.5731 
   00958    0.4119   -4483.1965  0.5729 
   00959    0.4113   -4581.0105  0.5683 
   00960    0.4119   -4560.8748  0.5576 
   00961    0.4094   -4559.3664  0.5636 
   00962    0.4231   -4593.3018  0.5681 
   00963    0.4206   -4594.9047  0.5627 
   00964    0.4206   -4615.2101  0.5536 
   00965    0.4050   -4554.1299  0.5467 
   00966    0.4113   -4563.5070  0.5381 
   00967    0.4300   -4510.0891  0.5364 
   00968    0.4150   -4498.6715  0.5355 
   00969    0.4281   -4576.6780  0.5401 
   00970    0.4181   -4565.3949  0.5409 
   00971    0.4419   -4572.4390  0.5362 
   00972    0.4175   -4582.7415  0.5437 
   00973    0.4194   -4649.3322  0.5463 
   00974    0.4150   -4666.0920  0.5523 
   00975    0.3962   -4670.5827  0.5559 
   00976    0.4150   -4659.1209  0.5488 
   00977    0.4163   -4574.0460  0.5345 
   00978    0.4213   -4559.4524  0.5371 
   00979    0.4037   -4528.9598  0.5336 
   00980    0.4138   -4542.9519  0.5396 
   00981    0.4238   -4602.2651  0.5332 
   00982    0.4194   -4575.4961  0.5346 
   00983    0.4219   -4526.5228  0.5333 
   00984    0.4213   -4578.4935  0.5426 
   00985    0.4163   -4570.1715  0.5439 
   00986    0.4150   -4543.0105  0.5461 
   00987    0.4400   -4582.1136  0.5609 
   00988    0.4475   -4614.6203  0.5522 
   00989    0.4037   -4553.5929  0.5458 
   00990    0.4231   -4580.7971  0.5355 
   00991    0.4338   -4572.0110  0.5480 
   00992    0.4150   -4603.9082  0.5471 
   00993    0.4088   -4631.2766  0.5398 
   00994    0.4138   -4622.5176  0.5441 
   00995    0.4238   -4697.4326  0.5425 
   00996    0.4088   -4598.2418  0.5350 
   00997    0.4194   -4485.2298  0.5220 
   00998    0.4219   -4448.9695  0.5066 
   00999    0.4219   -4520.0641  0.5087 
   01000    0.4387   -4534.0939  0.5096 
