#=====================================================
# File created:        Mon-06-Nov-2023-at-10-56-11AM
# Size of lattice:     40x40
# Number of MC steps:  1000
# Reduced temperature: 0.200
# Run time (s):        40.287785
#=====================================================
# MC step:  Ratio:     Energy:   Order:
#=====================================================
   00000    0.5000   -1637.6797  0.2626 
   00001    0.5950   -1783.8524  0.2706 
   00002    0.5750   -1889.5562  0.2743 
   00003    0.6050   -1992.6791  0.2721 
   00004    0.6100   -2102.9291  0.2749 
   00005    0.5950   -2223.2746  0.2744 
   00006    0.5725   -2310.5251  0.2781 
   00007    0.5625   -2415.5327  0.2797 
   00008    0.5825   -2524.3368  0.2820 
   00009    0.5475   -2616.3961  0.2802 
   00010    0.5875   -2716.2222  0.2782 
   00011    0.5625   -2792.3247  0.2815 
   00012    0.5850   -2872.8471  0.2820 
   00013    0.5525   -2940.2111  0.2826 
   00014    0.5575   -3015.5713  0.2840 
   00015    0.5600   -3110.7457  0.2833 
   00016    0.5475   -3171.2548  0.2842 
   00017    0.5475   -3258.0581  0.2814 
   00018    0.5550   -3324.1567  0.2777 
   00019    0.5400   -3386.3511  0.2793 
   00020    0.5525   -3449.7479  0.2793 
   00021    0.5150   -3496.5363  0.2805 
   00022    0.5400   -3564.4812  0.2815 
   00023    0.5550   -3623.6068  0.2847 
   00024    0.5175   -3668.3023  0.2845 
   00025    0.5150   -3715.0710  0.2837 
   00026    0.4850   -3768.6764  0.2838 
   00027    0.5150   -3810.8430  0.2863 
   00028    0.5325   -3852.5733  0.2866 
   00029    0.5300   -3886.7601  0.2889 
   00030    0.5100   -3926.8525  0.2960 
   00031    0.5150   -3983.4810  0.2971 
   00032    0.5150   -4024.4486  0.3036 
   00033    0.5050   -4066.0749  0.3029 
   00034    0.5350   -4093.4882  0.3043 
   00035    0.5025   -4115.5670  0.3044 
   00036    0.4575   -4146.1382  0.3039 
   00037    0.4925   -4175.4775  0.3041 
   00038    0.4800   -4200.5367  0.3062 
   00039    0.5200   -4242.0918  0.3069 
   00040    0.5225   -4280.8611  0.3092 
   00041    0.5150   -4324.4956  0.3123 
   00042    0.5050   -4360.3065  0.3123 
   00043    0.5150   -4380.9943  0.3115 
   00044    0.4350   -4412.2016  0.3113 
   00045    0.5425   -4442.9817  0.3108 
   00046    0.4800   -4456.4061  0.3118 
   00047    0.5125   -4475.4713  0.3156 
   00048    0.4800   -4503.6246  0.3147 
   00049    0.4775   -4533.1080  0.3143 
   00050    0.4925   -4549.7930  0.3154 
   00051    0.4850   -4582.3753  0.3158 
   00052    0.4750   -4610.8624  0.3161 
   00053    0.4725   -4634.0330  0.3168 
   00054    0.5050   -4645.1836  0.3157 
   00055    0.4650   -4670.6420  0.3166 
   00056    0.4550   -4693.2212  0.3176 
   00057    0.4700   -4708.0222  0.3174 
   00058    0.5225   -4744.2516  0.3179 
   00059    0.4750   -4765.8073  0.3172 
   00060    0.4575   -4781.3243  0.3177 
   00061    0.4775   -4808.4224  0.3187 
   00062    0.4750   -4828.8962  0.3214 
   00063    0.4300   -4842.1656  0.3199 
   00064    0.4975   -4864.0181  0.3200 
   00065    0.4900   -4887.9213  0.3159 
   00066    0.4400   -4905.9899  0.3160 
   00067    0.4675   -4914.9915  0.3158 
   00068    0.4925   -4932.5289  0.3141 
   00069    0.4750   -4943.5424  0.3117 
   00070    0.4425   -4955.9474  0.3137 
   00071    0.4825   -4964.8636  0.3144 
   00072    0.4250   -4978.3737  0.3144 
   00073    0.4725   -4994.6528  0.3128 
   00074    0.4425   -4989.7842  0.3132 
   00075    0.4900   -5008.3882  0.3153 
   00076    0.4675   -5019.4098  0.3180 
   00077    0.4650   -5033.9505  0.3199 
   00078    0.4775   -5041.1433  0.3224 
   00079    0.4875   -5044.1829  0.3213 
   00080    0.4250   -5057.3939  0.3244 
   00081    0.4225   -5069.1168  0.3249 
   00082    0.4875   -5074.1484  0.3227 
   00083    0.4275   -5088.4836  0.3226 
   00084    0.4625   -5096.2778  0.3213 
   00085    0.4875   -5114.3450  0.3206 
   00086    0.4600   -5119.6608  0.3203 
   00087    0.4325   -5134.8276  0.3208 
   00088    0.4475   -5137.0902  0.3214 
   00089    0.4500   -5149.9502  0.3228 
   00090    0.4425   -5153.9065  0.3222 
   00091    0.4200   -5163.7404  0.3230 
   00092    0.4225   -5167.8115  0.3244 
   00093    0.4600   -5169.5705  0.3222 
   00094    0.4125   -5179.2379  0.3213 
   00095    0.5225   -5180.7869  0.3199 
   00096    0.4350   -5187.4560  0.3211 
   00097    0.4575   -5191.1469  0.3210 
   00098    0.4650   -5206.7408  0.3214 
   00099    0.4500   -5215.2918  0.3239 
   00100    0.4700   -5221.5010  0.3257 
   00101    0.4750   -5229.9323  0.3250 
   00102    0.4700   -5235.5316  0.3239 
   00103    0.4525   -5241.6787  0.3251 
   00104    0.4475   -5249.4321  0.3248 
   00105    0.4300   -5252.3478  0.3252 
   00106    0.4700   -5254.5739  0.3239 
   00107    0.4700   -5265.9953  0.3238 
   00108    0.4750   -5271.3771  0.3228 
   00109    0.4850   -5278.7931  0.3234 
   00110    0.4500   -5284.1635  0.3231 
   00111    0.4525   -5283.3433  0.3213 
   00112    0.4775   -5289.7080  0.3214 
   00113    0.4475   -5288.0662  0.3238 
   00114    0.4200   -5298.1813  0.3243 
   00115    0.4425   -5305.4296  0.3253 
   00116    0.4625   -5307.5364  0.3276 
   00117    0.4300   -5317.5569  0.3272 
   00118    0.4500   -5327.6582  0.3268 
   00119    0.4525   -5331.4231  0.3245 
   00120    0.4150   -5329.1259  0.3255 
   00121    0.4350   -5331.9254  0.3271 
   00122    0.4400   -5330.8150  0.3313 
   00123    0.4200   -5330.9460  0.3288 
   00124    0.4350   -5331.3266  0.3265 
   00125    0.4575   -5338.2865  0.3243 
   00126    0.4275   -5341.0001  0.3244 
   00127    0.4700   -5348.0736  0.3241 
   00128    0.4800   -5349.7756  0.3229 
   00129    0.4225   -5344.8934  0.3250 
   00130    0.4450   -5354.5560  0.3257 
   00131    0.4725   -5361.6009  0.3271 
   00132    0.4325   -5356.3649  0.3296 
   00133    0.4425   -5357.6718  0.3307 
   00134    0.4425   -5356.0030  0.3326 
   00135    0.4375   -5355.6340  0.3348 
   00136    0.4825   -5368.8989  0.3340 
   00137    0.4425   -5371.4427  0.3329 
   00138    0.4275   -5372.5072  0.3335 
   00139    0.4525   -5379.6431  0.3340 
   00140    0.4950   -5386.2200  0.3346 
   00141    0.4500   -5385.4760  0.3360 
   00142    0.4600   -5386.0013  0.3319 
   00143    0.3975   -5388.0941  0.3333 
   00144    0.4150   -5394.8974  0.3336 
   00145    0.4325   -5399.7381  0.3329 
   00146    0.4875   -5396.6267  0.3296 
   00147    0.4575   -5399.5514  0.3266 
   00148    0.4550   -5398.4887  0.3257 
   00149    0.4375   -5400.5734  0.3243 
   00150    0.4325   -5400.1098  0.3248 
   00151    0.4300   -5400.0133  0.3274 
   00152    0.4325   -5410.1341  0.3262 
   00153    0.4500   -5407.6213  0.3243 
   00154    0.4450   -5407.9077  0.3258 
   00155    0.4550   -5409.7994  0.3277 
   00156    0.4000   -5406.1944  0.3275 
   00157    0.4300   -5402.9890  0.3264 
   00158    0.4250   -5408.1990  0.3271 
   00159    0.4575   -5410.2669  0.3291 
   00160    0.4475   -5422.3205  0.3303 
   00161    0.4400   -5416.4907  0.3327 
   00162    0.4175   -5418.3647  0.3355 
   00163    0.4525   -5415.9070  0.3360 
   00164    0.4400   -5425.0378  0.3374 
   00165    0.4600   -5427.4128  0.3374 
   00166    0.4575   -5431.8197  0.3381 
   00167    0.4375   -5432.0053  0.3388 
   00168    0.4200   -5441.3867  0.3410 
   00169    0.4225   -5448.7272  0.3446 
   00170    0.4800   -5443.0261  0.3435 
   00171    0.4025   -5444.3230  0.3418 
   00172    0.4825   -5441.3026  0.3417 
   00173    0.4800   -5454.4986  0.3411 
   00174    0.4625   -5456.0649  0.3399 
   00175    0.4500   -5459.9473  0.3377 
   00176    0.4750   -5468.7914  0.3385 
   00177    0.4525   -5473.2470  0.3384 
   00178    0.3825   -5475.9497  0.3381 
   00179    0.4625   -5472.9368  0.3401 
   00180    0.4150   -5477.2784  0.3391 
   00181    0.4225   -5483.9332  0.3400 
   00182    0.4850   -5482.3594  0.3423 
   00183    0.4500   -5485.1445  0.3422 
   00184    0.4425   -5485.9399  0.3411 
   00185    0.4000   -5483.6265  0.3439 
   00186    0.4150   -5493.2828  0.3428 
   00187    0.4500   -5488.7715  0.3408 
   00188    0.4575   -5496.8973  0.3448 
   00189    0.4500   -5500.4717  0.3465 
   00190    0.4225   -5495.5429  0.3473 
   00191    0.4525   -5506.7985  0.3481 
   00192    0.4300   -5510.7848  0.3508 
   00193    0.4750   -5508.4011  0.3505 
   00194    0.4150   -5517.2862  0.3512 
   00195    0.4225   -5518.6459  0.3512 
   00196    0.4325   -5523.1699  0.3522 
   00197    0.4425   -5520.4734  0.3501 
   00198    0.4600   -5526.9546  0.3498 
   00199    0.4775   -5526.7478  0.3529 
   00200    0.4450   -5531.3599  0.3538 
   00201    0.4775   -5521.7916  0.3575 
   00202    0.4675   -5528.2581  0.3549 
   00203    0.4600   -5534.1083  0.3529 
   00204    0.4450   -5539.0222  0.3539 
   00205    0.4375   -5535.0477  0.3548 
   00206    0.4175   -5545.7794  0.3545 
   00207    0.4275   -5545.9634  0.3571 
   00208    0.4525   -5551.3474  0.3557 
   00209    0.4575   -5547.9110  0.3559 
   00210    0.4450   -5551.6701  0.3587 
   00211    0.4200   -5555.7064  0.3594 
   00212    0.4625   -5557.2567  0.3613 
   00213    0.4350   -5562.1241  0.3612 
   00214    0.4575   -5565.4811  0.3629 
   00215    0.4350   -5567.9217  0.3662 
   00216    0.4900   -5568.0691  0.3659 
   00217    0.4025   -5565.8871  0.3663 
   00218    0.4125   -5563.8785  0.3652 
   00219    0.4525   -5567.7205  0.3659 
   00220    0.4650   -5573.2879  0.3646 
   00221    0.4500   -5579.8091  0.3653 
   00222    0.4700   -5580.5558  0.3695 
   00223    0.4150   -5580.1169  0.3720 
   00224    0.4075   -5586.4951  0.3730 
   00225    0.4525   -5591.8323  0.3771 
   00226    0.4400   -5597.3731  0.3791 
   00227    0.4650   -5594.7668  0.3791 
   00228    0.4325   -5605.5565  0.3793 
   00229    0.4500   -5608.8488  0.3823 
   00230    0.4125   -5608.9646  0.3835 
   00231    0.4500   -5610.2857  0.3850 
   00232    0.4900   -5610.8669  0.3863 
   00233    0.4475   -5600.2915  0.3855 
   00234    0.4525   -5601.4559  0.3851 
   00235    0.4250   -5602.9070  0.3875 
   00236    0.4675   -5601.6151  0.3889 
   00237    0.4750   -5606.5234  0.3844 
   00238    0.4525   -5608.4698  0.3830 
   00239    0.4250   -5608.9375  0.3830 
   00240    0.4150   -5603.3946  0.3819 
   00241    0.4225   -5609.4857  0.3820 
   00242    0.4350   -5605.3075  0.3828 
   00243    0.4000   -5608.9428  0.3850 
   00244    0.4300   -5607.8471  0.3860 
   00245    0.3900   -5604.9043  0.3860 
   00246    0.4275   -5606.4619  0.3864 
   00247    0.4350   -5613.3881  0.3863 
   00248    0.4175   -5615.5445  0.3904 
   00249    0.4275   -5622.1212  0.3916 
   00250    0.3775   -5621.1452  0.3907 
   00251    0.4425   -5626.2915  0.3899 
   00252    0.4125   -5637.7682  0.3927 
   00253    0.4125   -5649.5007  0.3947 
   00254    0.4625   -5650.6036  0.3943 
   00255    0.4550   -5652.4632  0.3953 
   00256    0.4000   -5652.0525  0.3971 
   00257    0.4225   -5651.9933  0.3978 
   00258    0.4600   -5650.3379  0.4000 
   00259    0.4125   -5645.1809  0.4025 
   00260    0.4200   -5648.7597  0.4034 
   00261    0.4450   -5651.3739  0.4044 
   00262    0.4425   -5648.1972  0.4054 
   00263    0.4175   -5651.6917  0.4051 
   00264    0.4100   -5653.7841  0.4056 
   00265    0.4550   -5649.8183  0.4052 
   00266    0.4050   -5659.1373  0.4092 
   00267    0.4250   -5661.9135  0.4103 
   00268    0.4675   -5660.7990  0.4097 
   00269    0.4800   -5659.2775  0.4110 
   00270    0.3925   -5662.3548  0.4105 
   00271    0.4000   -5661.3958  0.4109 
   00272    0.4225   -5663.0924  0.4111 
   00273    0.4600   -5662.9253  0.4091 
   00274    0.4275   -5664.0911  0.4097 
   00275    0.4400   -5674.1890  0.4129 
   00276    0.4075   -5671.3852  0.4129 
   00277    0.4250   -5671.0232  0.4128 
   00278    0.4775   -5679.0036  0.4140 
   00279    0.4400   -5673.7588  0.4123 
   00280    0.4825   -5672.3854  0.4123 
   00281    0.3825   -5672.6877  0.4151 
   00282    0.4525   -5673.9511  0.4145 
   00283    0.4475   -5670.7539  0.4162 
   00284    0.4475   -5674.8931  0.4161 
   00285    0.4600   -5671.6983  0.4193 
   00286    0.4375   -5667.2810  0.4192 
   00287    0.4750   -5678.3971  0.4177 
   00288    0.4150   -5671.6436  0.4184 
   00289    0.4350   -5673.9749  0.4203 
   00290    0.4350   -5682.5989  0.4193 
   00291    0.4300   -5683.6893  0.4182 
   00292    0.4225   -5679.6137  0.4174 
   00293    0.4600   -5678.7641  0.4174 
   00294    0.4375   -5683.7072  0.4181 
   00295    0.4125   -5677.5617  0.4192 
   00296    0.4025   -5679.9262  0.4209 
   00297    0.4250   -5680.6437  0.4201 
   00298    0.4400   -5681.0141  0.4189 
   00299    0.4200   -5681.5951  0.4223 
   00300    0.4500   -5677.0198  0.4224 
   00301    0.4175   -5680.3634  0.4186 
   00302    0.4075   -5681.5639  0.4213 
   00303    0.4800   -5685.1819  0.4227 
   00304    0.4550   -5686.2572  0.4220 
   00305    0.4275   -5692.5087  0.4228 
   00306    0.4325   -5693.0891  0.4201 
   00307    0.4175   -5691.7603  0.4187 
   00308    0.4200   -5694.7110  0.4193 
   00309    0.4275   -5691.2195  0.4188 
   00310    0.4225   -5692.9224  0.4186 
   00311    0.4300   -5695.9412  0.4220 
   00312    0.3975   -5699.3921  0.4235 
   00313    0.3875   -5706.1539  0.4229 
   00314    0.4075   -5697.2003  0.4233 
   00315    0.4700   -5699.4807  0.4232 
   00316    0.4850   -5700.2133  0.4218 
   00317    0.4550   -5703.7382  0.4205 
   00318    0.4650   -5706.1377  0.4209 
   00319    0.4250   -5704.0642  0.4227 
   00320    0.3900   -5711.4140  0.4239 
   00321    0.4550   -5719.7231  0.4232 
   00322    0.4750   -5728.7037  0.4241 
   00323    0.4550   -5720.7195  0.4257 
   00324    0.4400   -5726.4231  0.4254 
   00325    0.4225   -5719.0964  0.4246 
   00326    0.4375   -5713.1409  0.4226 
   00327    0.4125   -5709.5287  0.4223 
   00328    0.4425   -5715.5822  0.4234 
   00329    0.4250   -5716.5554  0.4247 
   00330    0.4475   -5737.8518  0.4255 
   00331    0.3775   -5738.7792  0.4248 
   00332    0.4100   -5744.1068  0.4263 
   00333    0.4300   -5746.8363  0.4282 
   00334    0.3850   -5746.1782  0.4278 
   00335    0.4400   -5751.5122  0.4268 
   00336    0.3950   -5751.6387  0.4269 
   00337    0.4400   -5747.7619  0.4251 
   00338    0.4500   -5749.3028  0.4252 
   00339    0.3625   -5749.4761  0.4220 
   00340    0.4150   -5748.7691  0.4216 
   00341    0.4000   -5752.1794  0.4197 
   00342    0.4350   -5759.8046  0.4202 
   00343    0.3950   -5757.9748  0.4215 
   00344    0.4200   -5757.4663  0.4213 
   00345    0.4050   -5755.0270  0.4198 
   00346    0.4250   -5756.2626  0.4227 
   00347    0.3800   -5757.1412  0.4236 
   00348    0.4450   -5762.2498  0.4203 
   00349    0.4125   -5761.8345  0.4229 
   00350    0.4025   -5759.2105  0.4231 
   00351    0.4350   -5763.5962  0.4239 
   00352    0.4250   -5764.7949  0.4245 
   00353    0.4425   -5759.4841  0.4250 
   00354    0.4325   -5760.8966  0.4243 
   00355    0.4275   -5762.5958  0.4253 
   00356    0.4825   -5766.0367  0.4253 
   00357    0.4275   -5771.2836  0.4229 
   00358    0.4325   -5771.2999  0.4225 
   00359    0.3925   -5766.1755  0.4223 
   00360    0.4250   -5764.0705  0.4250 
   00361    0.4350   -5765.8996  0.4254 
   00362    0.4200   -5760.8935  0.4275 
   00363    0.3925   -5761.0617  0.4279 
   00364    0.4175   -5756.7913  0.4278 
   00365    0.4300   -5757.7128  0.4277 
   00366    0.4150   -5759.6587  0.4296 
   00367    0.4550   -5761.2059  0.4304 
   00368    0.4475   -5768.4321  0.4301 
   00369    0.4450   -5771.5299  0.4312 
   00370    0.4175   -5769.7406  0.4307 
   00371    0.4325   -5771.0404  0.4310 
   00372    0.3975   -5773.9863  0.4322 
   00373    0.4900   -5769.9498  0.4316 
   00374    0.4475   -5774.4529  0.4340 
   00375    0.4000   -5774.8821  0.4329 
   00376    0.4400   -5771.7466  0.4330 
   00377    0.4075   -5773.4615  0.4355 
   00378    0.4725   -5773.9489  0.4362 
   00379    0.4225   -5774.1947  0.4369 
   00380    0.4700   -5767.1398  0.4371 
   00381    0.4450   -5767.0149  0.4373 
   00382    0.4475   -5760.5652  0.4391 
   00383    0.4800   -5776.7478  0.4418 
   00384    0.4025   -5773.8981  0.4431 
   00385    0.3925   -5774.4216  0.4448 
   00386    0.4350   -5774.2005  0.4447 
   00387    0.4275   -5777.2542  0.4435 
   00388    0.3950   -5780.7006  0.4436 
   00389    0.4300   -5777.8132  0.4425 
   00390    0.4200   -5770.1540  0.4450 
   00391    0.4225   -5766.8360  0.4438 
   00392    0.4625   -5759.8126  0.4438 
   00393    0.4475   -5758.3017  0.4447 
   00394    0.4250   -5762.1809  0.4430 
   00395    0.3975   -5762.3556  0.4456 
   00396    0.4400   -5766.7072  0.4443 
   00397    0.4750   -5774.0944  0.4450 
   00398    0.4100   -5777.5300  0.4468 
   00399    0.4250   -5774.0094  0.4474 
   00400    0.4250   -5774.2999  0.4446 
   00401    0.4400   -5774.7006  0.4449 
   00402    0.4300   -5777.8642  0.4469 
   00403    0.4400   -5782.0437  0.4465 
   00404    0.4425   -5783.3825  0.4461 
   00405    0.3775   -5778.9778  0.4472 
   00406    0.4450   -5781.9681  0.4486 
   00407    0.4475   -5778.4463  0.4486 
   00408    0.4250   -5782.1650  0.4487 
   00409    0.4475   -5785.8594  0.4479 
   00410    0.4200   -5786.9910  0.4479 
   00411    0.3900   -5793.7341  0.4478 
   00412    0.4250   -5799.5274  0.4478 
   00413    0.4650   -5790.3555  0.4497 
   00414    0.4150   -5791.8290  0.4497 
   00415    0.4325   -5790.1470  0.4502 
   00416    0.4400   -5791.4659  0.4483 
   00417    0.4200   -5793.3082  0.4509 
   00418    0.4175   -5805.3834  0.4481 
   00419    0.4275   -5805.6808  0.4471 
   00420    0.4500   -5810.6648  0.4458 
   00421    0.4625   -5812.2292  0.4474 
   00422    0.4400   -5815.2455  0.4468 
   00423    0.4650   -5818.6645  0.4481 
   00424    0.4075   -5814.1938  0.4478 
   00425    0.4350   -5813.3944  0.4472 
   00426    0.4050   -5809.3698  0.4435 
   00427    0.4450   -5822.2790  0.4441 
   00428    0.4325   -5817.6871  0.4441 
   00429    0.4300   -5824.5767  0.4462 
   00430    0.4125   -5831.5166  0.4470 
   00431    0.4025   -5826.4744  0.4479 
   00432    0.4025   -5832.3312  0.4466 
   00433    0.3850   -5835.0096  0.4484 
   00434    0.3825   -5842.4393  0.4485 
   00435    0.4475   -5842.5696  0.4450 
   00436    0.4375   -5844.0253  0.4444 
   00437    0.4400   -5841.3677  0.4419 
   00438    0.4200   -5838.4328  0.4434 
   00439    0.4725   -5833.9450  0.4408 
   00440    0.4550   -5829.0299  0.4414 
   00441    0.4975   -5837.1582  0.4428 
   00442    0.4625   -5841.9481  0.4420 
   00443    0.4450   -5834.9371  0.4425 
   00444    0.4475   -5843.8731  0.4450 
   00445    0.3900   -5842.0994  0.4468 
   00446    0.4200   -5840.3304  0.4463 
   00447    0.3950   -5842.1945  0.4460 
   00448    0.4175   -5838.8999  0.4448 
   00449    0.4150   -5833.9836  0.4461 
   00450    0.4100   -5839.3422  0.4460 
   00451    0.4525   -5833.1961  0.4433 
   00452    0.4250   -5827.8037  0.4455 
   00453    0.4300   -5831.6058  0.4442 
   00454    0.4425   -5828.5827  0.4451 
   00455    0.4225   -5825.3963  0.4441 
   00456    0.4100   -5825.8250  0.4430 
   00457    0.4525   -5835.4142  0.4445 
   00458    0.4225   -5838.4435  0.4468 
   00459    0.4100   -5840.8052  0.4489 
   00460    0.4425   -5847.3763  0.4457 
   00461    0.4525   -5846.6877  0.4481 
   00462    0.4450   -5849.0833  0.4510 
   00463    0.4025   -5855.0636  0.4524 
   00464    0.4425   -5850.1118  0.4532 
   00465    0.4025   -5844.9050  0.4526 
   00466    0.3800   -5846.2365  0.4537 
   00467    0.4400   -5848.2980  0.4561 
   00468    0.4375   -5858.7414  0.4544 
   00469    0.4550   -5850.2711  0.4538 
   00470    0.4650   -5842.7661  0.4515 
   00471    0.3875   -5837.1328  0.4516 
   00472    0.4350   -5841.6237  0.4516 
   00473    0.4500   -5847.3339  0.4506 
   00474    0.3775   -5850.5453  0.4527 
   00475    0.4100   -5857.3861  0.4519 
   00476    0.4600   -5852.5205  0.4525 
   00477    0.4100   -5854.7975  0.4519 
   00478    0.4250   -5869.8267  0.4517 
   00479    0.4150   -5870.7780  0.4499 
   00480    0.4225   -5868.3508  0.4483 
   00481    0.4600   -5863.5084  0.4470 
   00482    0.3925   -5858.2008  0.4443 
   00483    0.4250   -5853.0837  0.4448 
   00484    0.4875   -5847.5229  0.4469 
   00485    0.3800   -5843.4076  0.4472 
   00486    0.3950   -5842.0633  0.4483 
   00487    0.3900   -5845.7527  0.4499 
   00488    0.3825   -5845.6178  0.4512 
   00489    0.3800   -5848.9975  0.4501 
   00490    0.3950   -5857.9934  0.4487 
   00491    0.4000   -5854.9825  0.4491 
   00492    0.4050   -5847.6816  0.4527 
   00493    0.4200   -5852.9214  0.4546 
   00494    0.4225   -5859.1951  0.4553 
   00495    0.4500   -5859.5366  0.4543 
   00496    0.4025   -5857.8443  0.4568 
   00497    0.4075   -5854.3233  0.4585 
   00498    0.4325   -5851.5163  0.4606 
   00499    0.4425   -5854.9690  0.4605 
   00500    0.4325   -5863.9062  0.4592 
   00501    0.3850   -5856.5643  0.4584 
   00502    0.3900   -5862.4939  0.4610 
   00503    0.4225   -5865.8509  0.4608 
   00504    0.4275   -5862.7849  0.4602 
   00505    0.4875   -5874.6072  0.4612 
   00506    0.4025   -5870.0899  0.4597 
   00507    0.4000   -5873.2049  0.4601 
   00508    0.4075   -5876.4019  0.4609 
   00509    0.4275   -5880.4584  0.4583 
   00510    0.4225   -5872.9322  0.4571 
   00511    0.4300   -5874.4405  0.4603 
   00512    0.4500   -5884.2865  0.4628 
   00513    0.4150   -5889.4273  0.4628 
   00514    0.4175   -5887.1711  0.4609 
   00515    0.4125   -5881.1803  0.4627 
   00516    0.4125   -5869.4671  0.4642 
   00517    0.4175   -5875.5000  0.4654 
   00518    0.4175   -5872.2853  0.4653 
   00519    0.4425   -5871.5620  0.4647 
   00520    0.4025   -5875.6753  0.4644 
   00521    0.4275   -5878.3835  0.4619 
   00522    0.4150   -5882.3763  0.4628 
   00523    0.4500   -5889.1016  0.4651 
   00524    0.4450   -5888.2207  0.4665 
   00525    0.4275   -5888.4965  0.4680 
   00526    0.3975   -5878.4302  0.4670 
   00527    0.4350   -5879.6445  0.4685 
   00528    0.5100   -5883.4222  0.4703 
   00529    0.4650   -5889.0916  0.4701 
   00530    0.4100   -5886.6220  0.4713 
   00531    0.4300   -5887.6099  0.4718 
   00532    0.4100   -5882.3306  0.4702 
   00533    0.4275   -5876.6682  0.4684 
   00534    0.4125   -5877.1252  0.4699 
   00535    0.3950   -5878.9918  0.4691 
   00536    0.4425   -5879.8354  0.4643 
   00537    0.4325   -5878.2240  0.4679 
   00538    0.4450   -5880.2325  0.4671 
   00539    0.4400   -5881.2009  0.4675 
   00540    0.4075   -5881.4227  0.4667 
   00541    0.4800   -5883.8806  0.4644 
   00542    0.4500   -5882.9811  0.4655 
   00543    0.4600   -5884.1871  0.4669 
   00544    0.4225   -5891.8689  0.4674 
   00545    0.4625   -5893.0966  0.4646 
   00546    0.4075   -5891.1040  0.4649 
   00547    0.4425   -5891.9063  0.4677 
   00548    0.4100   -5893.2350  0.4662 
   00549    0.4250   -5889.9612  0.4663 
   00550    0.4150   -5893.8465  0.4657 
   00551    0.4325   -5893.4524  0.4644 
   00552    0.4300   -5894.2201  0.4640 
   00553    0.3875   -5886.2811  0.4664 
   00554    0.4275   -5880.4127  0.4665 
   00555    0.4100   -5881.8136  0.4653 
   00556    0.4700   -5885.9916  0.4655 
   00557    0.4100   -5884.3849  0.4635 
   00558    0.3900   -5876.2071  0.4650 
   00559    0.4025   -5875.8662  0.4658 
   00560    0.4475   -5870.3136  0.4668 
   00561    0.4300   -5870.1750  0.4652 
   00562    0.4400   -5871.3881  0.4657 
   00563    0.4300   -5878.0648  0.4646 
   00564    0.4325   -5871.8964  0.4659 
   00565    0.4200   -5877.9881  0.4672 
   00566    0.4350   -5875.0942  0.4684 
   00567    0.4075   -5878.0561  0.4716 
   00568    0.3500   -5878.8593  0.4746 
   00569    0.4750   -5876.1170  0.4766 
   00570    0.4375   -5884.2356  0.4768 
   00571    0.4250   -5880.9278  0.4743 
   00572    0.4375   -5879.1928  0.4741 
   00573    0.4075   -5885.3666  0.4756 
   00574    0.4400   -5889.9908  0.4761 
   00575    0.4050   -5888.2404  0.4766 
   00576    0.4375   -5892.7303  0.4759 
   00577    0.3900   -5894.8433  0.4778 
   00578    0.4325   -5899.2559  0.4784 
   00579    0.4550   -5895.0103  0.4785 
   00580    0.4350   -5892.6332  0.4811 
   00581    0.4400   -5888.8320  0.4808 
   00582    0.4375   -5885.5045  0.4800 
   00583    0.4350   -5884.9723  0.4809 
   00584    0.4150   -5883.4281  0.4811 
   00585    0.4250   -5885.4421  0.4833 
   00586    0.4300   -5887.6016  0.4833 
   00587    0.4100   -5893.0023  0.4872 
   00588    0.4375   -5886.8053  0.4858 
   00589    0.4375   -5890.7734  0.4868 
   00590    0.3950   -5892.5515  0.4880 
   00591    0.4425   -5887.8544  0.4897 
   00592    0.4325   -5892.6045  0.4889 
   00593    0.4325   -5889.1470  0.4889 
   00594    0.4625   -5889.0210  0.4894 
   00595    0.4600   -5889.6809  0.4900 
   00596    0.4550   -5894.8317  0.4901 
   00597    0.4300   -5896.7781  0.4889 
   00598    0.4425   -5897.2156  0.4883 
   00599    0.3925   -5887.7298  0.4856 
   00600    0.4450   -5886.8260  0.4846 
   00601    0.3950   -5885.3975  0.4865 
   00602    0.4575   -5883.5955  0.4864 
   00603    0.4050   -5880.6485  0.4877 
   00604    0.4225   -5876.5032  0.4845 
   00605    0.4275   -5870.1990  0.4839 
   00606    0.4300   -5863.7678  0.4831 
   00607    0.4175   -5868.1770  0.4845 
   00608    0.4575   -5867.2033  0.4877 
   00609    0.4600   -5865.0834  0.4901 
   00610    0.3800   -5869.4613  0.4907 
   00611    0.4650   -5870.9835  0.4903 
   00612    0.4175   -5867.6443  0.4924 
   00613    0.4100   -5872.3412  0.4942 
   00614    0.3725   -5873.7547  0.4959 
   00615    0.4600   -5875.5930  0.4942 
   00616    0.4175   -5877.9058  0.4952 
   00617    0.4250   -5883.9249  0.4977 
   00618    0.4375   -5881.6435  0.4991 
   00619    0.4350   -5880.6409  0.5002 
   00620    0.4175   -5885.5086  0.4996 
   00621    0.4225   -5878.3675  0.4975 
   00622    0.4400   -5879.4129  0.4966 
   00623    0.4350   -5872.7780  0.4960 
   00624    0.4400   -5867.5253  0.4961 
   00625    0.4025   -5868.5115  0.4970 
   00626    0.4275   -5868.4362  0.4967 
   00627    0.4425   -5877.3587  0.4961 
   00628    0.4125   -5879.3396  0.4955 
   00629    0.4475   -5888.7790  0.4917 
   00630    0.4575   -5888.2374  0.4910 
   00631    0.4225   -5884.4515  0.4891 
   00632    0.4225   -5883.3312  0.4910 
   00633    0.4475   -5880.2739  0.4915 
   00634    0.4050   -5881.4835  0.4930 
   00635    0.4400   -5876.7493  0.4930 
   00636    0.4725   -5883.7667  0.4934 
   00637    0.4100   -5884.8880  0.4965 
   00638    0.4375   -5882.5329  0.4956 
   00639    0.4325   -5884.5333  0.4951 
   00640    0.4100   -5888.1325  0.4930 
   00641    0.4275   -5883.7334  0.4934 
   00642    0.4150   -5884.0850  0.4929 
   00643    0.4100   -5889.5933  0.4927 
   00644    0.3700   -5886.9403  0.4936 
   00645    0.3550   -5888.4800  0.4941 
   00646    0.4525   -5889.6195  0.4939 
   00647    0.4550   -5893.9664  0.4943 
   00648    0.4400   -5889.9374  0.4945 
   00649    0.3950   -5888.7627  0.4970 
   00650    0.4450   -5890.9418  0.4988 
   00651    0.3825   -5884.1618  0.4982 
   00652    0.3975   -5887.4147  0.4976 
   00653    0.4075   -5888.7593  0.4972 
   00654    0.4075   -5892.3452  0.4981 
   00655    0.4250   -5893.8234  0.4990 
   00656    0.4425   -5899.1093  0.4984 
   00657    0.4325   -5902.3185  0.4990 
   00658    0.4325   -5898.9424  0.4996 
   00659    0.4525   -5901.7931  0.4999 
   00660    0.4400   -5890.8906  0.4987 
   00661    0.4175   -5885.6085  0.5014 
   00662    0.3900   -5885.3704  0.5008 
   00663    0.4375   -5888.9893  0.5004 
   00664    0.4300   -5886.5096  0.5006 
   00665    0.4100   -5885.6469  0.4987 
   00666    0.4375   -5888.1383  0.4989 
   00667    0.4225   -5887.9372  0.4961 
   00668    0.4375   -5875.2113  0.4968 
   00669    0.4750   -5874.8530  0.4998 
   00670    0.3875   -5882.3478  0.4977 
   00671    0.4200   -5887.7059  0.4967 
   00672    0.4300   -5895.3722  0.4974 
   00673    0.4125   -5886.0431  0.4977 
   00674    0.4100   -5884.6230  0.5005 
   00675    0.4825   -5875.7039  0.5017 
   00676    0.4500   -5879.1570  0.5000 
   00677    0.4225   -5877.5203  0.5002 
   00678    0.4275   -5884.6511  0.5017 
   00679    0.4050   -5891.7438  0.5008 
   00680    0.4475   -5894.1840  0.4996 
   00681    0.4550   -5904.1746  0.4964 
   00682    0.4325   -5900.4894  0.4977 
   00683    0.3775   -5904.1242  0.4967 
   00684    0.4600   -5904.3212  0.4936 
   00685    0.4375   -5904.4847  0.4925 
   00686    0.3850   -5911.2892  0.4927 
   00687    0.4275   -5901.6277  0.4911 
   00688    0.4000   -5902.6699  0.4896 
   00689    0.4350   -5899.0269  0.4888 
   00690    0.4200   -5905.4890  0.4882 
   00691    0.4175   -5900.8151  0.4864 
   00692    0.4350   -5903.6502  0.4853 
   00693    0.4125   -5902.1291  0.4852 
   00694    0.3750   -5906.0144  0.4829 
   00695    0.4175   -5900.8386  0.4829 
   00696    0.4025   -5906.8046  0.4805 
   00697    0.4275   -5913.4701  0.4799 
   00698    0.4375   -5910.7338  0.4808 
   00699    0.4550   -5912.3794  0.4810 
   00700    0.4050   -5907.9197  0.4790 
   00701    0.4150   -5912.1564  0.4821 
   00702    0.4300   -5914.5805  0.4813 
   00703    0.4350   -5910.2025  0.4817 
   00704    0.3575   -5903.1312  0.4825 
   00705    0.4025   -5902.0491  0.4842 
   00706    0.4225   -5903.7262  0.4832 
   00707    0.4175   -5906.8076  0.4828 
   00708    0.4025   -5902.1878  0.4830 
   00709    0.4200   -5895.8752  0.4825 
   00710    0.4100   -5889.7073  0.4832 
   00711    0.4125   -5900.7494  0.4842 
   00712    0.3950   -5902.1560  0.4864 
   00713    0.4300   -5903.0694  0.4854 
   00714    0.3950   -5897.9609  0.4872 
   00715    0.4400   -5898.4017  0.4853 
   00716    0.4275   -5898.4366  0.4858 
   00717    0.4175   -5897.6228  0.4857 
   00718    0.4425   -5902.8264  0.4859 
   00719    0.4350   -5905.3901  0.4875 
   00720    0.3900   -5899.7819  0.4863 
   00721    0.4075   -5904.0846  0.4866 
   00722    0.4325   -5907.6286  0.4867 
   00723    0.4175   -5911.7218  0.4880 
   00724    0.4400   -5906.8692  0.4902 
   00725    0.4200   -5899.9342  0.4888 
   00726    0.4300   -5896.9541  0.4885 
   00727    0.4100   -5892.8826  0.4867 
   00728    0.4250   -5891.1331  0.4878 
   00729    0.4000   -5892.9692  0.4873 
   00730    0.4225   -5895.4725  0.4885 
   00731    0.4400   -5893.2660  0.4875 
   00732    0.4150   -5896.2469  0.4862 
   00733    0.4125   -5897.2084  0.4886 
   00734    0.4575   -5906.6658  0.4872 
   00735    0.4475   -5912.2557  0.4861 
   00736    0.4100   -5912.6630  0.4876 
   00737    0.4200   -5915.1566  0.4892 
   00738    0.4125   -5918.3786  0.4884 
   00739    0.4050   -5913.7936  0.4891 
   00740    0.4150   -5910.5286  0.4906 
   00741    0.4075   -5913.8647  0.4887 
   00742    0.4125   -5916.6339  0.4893 
   00743    0.3750   -5920.2602  0.4883 
   00744    0.4350   -5924.8396  0.4896 
   00745    0.4150   -5917.3509  0.4919 
   00746    0.3700   -5915.8219  0.4922 
   00747    0.4100   -5912.3388  0.4932 
   00748    0.4625   -5912.8020  0.4934 
   00749    0.3850   -5903.4192  0.4936 
   00750    0.4025   -5906.6591  0.4939 
   00751    0.4400   -5909.0040  0.4942 
   00752    0.4175   -5899.8004  0.4908 
   00753    0.3850   -5898.4533  0.4904 
   00754    0.4375   -5907.0939  0.4885 
   00755    0.4125   -5902.6491  0.4884 
   00756    0.4450   -5904.5963  0.4888 
   00757    0.4225   -5905.1969  0.4909 
   00758    0.4525   -5914.1585  0.4931 
   00759    0.4500   -5914.7282  0.4960 
   00760    0.4250   -5900.3798  0.4943 
   00761    0.4550   -5903.4383  0.4956 
   00762    0.4400   -5905.9282  0.4960 
   00763    0.4375   -5914.1279  0.4975 
   00764    0.4100   -5908.7200  0.5016 
   00765    0.3725   -5908.4237  0.5031 
   00766    0.4150   -5907.7873  0.5032 
   00767    0.4350   -5920.0759  0.5021 
   00768    0.3725   -5919.0229  0.5029 
   00769    0.4325   -5924.3987  0.5025 
   00770    0.4575   -5927.7638  0.5037 
   00771    0.4325   -5931.7658  0.5030 
   00772    0.4175   -5927.8865  0.5025 
   00773    0.4625   -5925.6070  0.5016 
   00774    0.4150   -5934.7529  0.4992 
   00775    0.4175   -5937.0565  0.4995 
   00776    0.4275   -5945.4543  0.5010 
   00777    0.3775   -5944.5594  0.5015 
   00778    0.4250   -5938.8429  0.5013 
   00779    0.4325   -5929.4676  0.5017 
   00780    0.4600   -5926.4010  0.5018 
   00781    0.4525   -5923.3739  0.5014 
   00782    0.4300   -5928.4225  0.5002 
   00783    0.4450   -5923.8401  0.5004 
   00784    0.4325   -5927.3515  0.5020 
   00785    0.3925   -5926.7344  0.5016 
   00786    0.3825   -5929.7043  0.4988 
   00787    0.4200   -5934.2594  0.5004 
   00788    0.4075   -5932.3188  0.4996 
   00789    0.3900   -5933.8214  0.5003 
   00790    0.4500   -5927.3715  0.4996 
   00791    0.4250   -5917.9690  0.4987 
   00792    0.4250   -5917.6288  0.5022 
   00793    0.4250   -5916.9153  0.5021 
   00794    0.4575   -5922.4339  0.5004 
   00795    0.4150   -5914.5444  0.5021 
   00796    0.4175   -5914.9292  0.5022 
   00797    0.4475   -5913.5344  0.5029 
   00798    0.4900   -5911.0097  0.5034 
   00799    0.4725   -5914.1833  0.5038 
   00800    0.4150   -5912.0967  0.5026 
   00801    0.4125   -5914.5178  0.5046 
   00802    0.4550   -5922.8739  0.5057 
   00803    0.4025   -5926.3044  0.5042 
   00804    0.4375   -5930.3345  0.5037 
   00805    0.4575   -5932.1555  0.5021 
   00806    0.4100   -5930.5109  0.5018 
   00807    0.4775   -5933.3003  0.4990 
   00808    0.3975   -5927.4931  0.4989 
   00809    0.4225   -5929.1491  0.4996 
   00810    0.4525   -5931.3490  0.4992 
   00811    0.4400   -5934.7134  0.5028 
   00812    0.4375   -5936.3986  0.5033 
   00813    0.4075   -5937.6203  0.5038 
   00814    0.3900   -5940.6798  0.5049 
   00815    0.4175   -5937.4114  0.5072 
   00816    0.4275   -5940.1379  0.5063 
   00817    0.4475   -5933.0952  0.5057 
   00818    0.4100   -5927.2128  0.5047 
   00819    0.4025   -5925.0162  0.5051 
   00820    0.3925   -5928.0982  0.5053 
   00821    0.3925   -5934.3369  0.5054 
   00822    0.4550   -5939.3092  0.5060 
   00823    0.3950   -5944.9869  0.5064 
   00824    0.4200   -5944.4001  0.5058 
   00825    0.4350   -5943.2340  0.5095 
   00826    0.4175   -5936.3806  0.5106 
   00827    0.4375   -5932.3626  0.5102 
   00828    0.4300   -5920.6493  0.5114 
   00829    0.3975   -5923.2244  0.5113 
   00830    0.3950   -5928.9998  0.5126 
   00831    0.4275   -5925.5438  0.5145 
   00832    0.4400   -5920.8071  0.5120 
   00833    0.3975   -5921.9869  0.5136 
   00834    0.4525   -5930.8648  0.5131 
   00835    0.4200   -5925.9599  0.5128 
   00836    0.4325   -5919.2843  0.5130 
   00837    0.4150   -5917.8982  0.5122 
   00838    0.4325   -5916.1863  0.5140 
   00839    0.4325   -5919.6447  0.5128 
   00840    0.4375   -5922.8731  0.5103 
   00841    0.4425   -5916.3351  0.5111 
   00842    0.4650   -5912.5319  0.5097 
   00843    0.3925   -5917.4440  0.5098 
   00844    0.4200   -5929.3715  0.5119 
   00845    0.3925   -5936.8359  0.5145 
   00846    0.4175   -5941.1650  0.5136 
   00847    0.4550   -5949.8139  0.5150 
   00848    0.3750   -5952.0546  0.5165 
   00849    0.4150   -5947.0972  0.5168 
   00850    0.4475   -5949.6874  0.5158 
   00851    0.3850   -5949.2185  0.5168 
   00852    0.4375   -5941.7263  0.5148 
   00853    0.3775   -5946.8695  0.5141 
   00854    0.4400   -5940.3180  0.5151 
   00855    0.4175   -5941.7927  0.5146 
   00856    0.3975   -5948.9007  0.5170 
   00857    0.4350   -5947.3216  0.5182 
   00858    0.4250   -5949.8318  0.5196 
   00859    0.4000   -5944.0864  0.5184 
   00860    0.3925   -5942.9219  0.5176 
   00861    0.4225   -5942.6041  0.5183 
   00862    0.4300   -5943.8880  0.5168 
   00863    0.3675   -5945.6398  0.5175 
   00864    0.3900   -5944.3565  0.5180 
   00865    0.4250   -5941.1180  0.5192 
   00866    0.4375   -5943.1976  0.5194 
   00867    0.4475   -5942.7490  0.5211 
   00868    0.3500   -5942.3417  0.5232 
   00869    0.4375   -5940.8297  0.5252 
   00870    0.4250   -5941.4356  0.5262 
   00871    0.4375   -5937.0621  0.5251 
   00872    0.4075   -5938.7927  0.5266 
   00873    0.4475   -5937.4544  0.5270 
   00874    0.3800   -5942.2348  0.5276 
   00875    0.4325   -5942.9351  0.5269 
   00876    0.4200   -5943.9173  0.5281 
   00877    0.4225   -5944.7940  0.5286 
   00878    0.4175   -5938.4349  0.5294 
   00879    0.4400   -5933.4616  0.5297 
   00880    0.3975   -5936.3377  0.5281 
   00881    0.4550   -5938.8960  0.5283 
   00882    0.4250   -5934.8274  0.5290 
   00883    0.4050   -5936.1456  0.5271 
   00884    0.4575   -5942.6255  0.5254 
   00885    0.4450   -5942.7576  0.5268 
   00886    0.4200   -5944.6569  0.5260 
   00887    0.4175   -5942.4897  0.5262 
   00888    0.4450   -5943.2086  0.5246 
   00889    0.3925   -5940.8526  0.5259 
   00890    0.4275   -5950.0908  0.5258 
   00891    0.4200   -5948.4395  0.5252 
   00892    0.4450   -5954.7690  0.5285 
   00893    0.4250   -5953.4415  0.5284 
   00894    0.4300   -5955.4714  0.5260 
   00895    0.3925   -5955.5138  0.5243 
   00896    0.4550   -5953.1685  0.5238 
   00897    0.4325   -5960.0015  0.5211 
   00898    0.3950   -5963.9130  0.5215 
   00899    0.4475   -5962.1663  0.5199 
   00900    0.4250   -5966.0238  0.5205 
   00901    0.4150   -5967.0374  0.5199 
   00902    0.4225   -5963.0896  0.5214 
   00903    0.4400   -5958.7468  0.5219 
   00904    0.4250   -5963.5182  0.5224 
   00905    0.3975   -5957.5009  0.5215 
   00906    0.4075   -5958.9040  0.5233 
   00907    0.4125   -5962.1398  0.5243 
   00908    0.3975   -5960.6430  0.5258 
   00909    0.4050   -5960.9900  0.5262 
   00910    0.4500   -5963.6369  0.5250 
   00911    0.4175   -5963.8271  0.5251 
   00912    0.3900   -5960.1721  0.5257 
   00913    0.4175   -5959.4587  0.5255 
   00914    0.3975   -5947.1021  0.5258 
   00915    0.4150   -5951.2846  0.5239 
   00916    0.4200   -5942.3569  0.5246 
   00917    0.4300   -5948.4923  0.5242 
   00918    0.4075   -5948.9769  0.5213 
   00919    0.4625   -5953.9313  0.5228 
   00920    0.4450   -5953.3588  0.5225 
   00921    0.4075   -5962.0026  0.5221 
   00922    0.4000   -5951.0404  0.5202 
   00923    0.4150   -5952.0763  0.5195 
   00924    0.4400   -5951.9061  0.5200 
   00925    0.4150   -5953.1974  0.5204 
   00926    0.4025   -5951.4875  0.5205 
   00927    0.4500   -5952.0343  0.5201 
   00928    0.3825   -5955.0086  0.5210 
   00929    0.4250   -5943.5594  0.5215 
   00930    0.4175   -5950.4719  0.5209 
   00931    0.4450   -5955.5853  0.5228 
   00932    0.4100   -5954.6499  0.5214 
   00933    0.4500   -5953.6132  0.5200 
   00934    0.4175   -5955.2902  0.5222 
   00935    0.4325   -5950.3697  0.5189 
   00936    0.4000   -5952.2226  0.5171 
   00937    0.4550   -5953.5763  0.5177 
   00938    0.4625   -5955.0958  0.5162 
   00939    0.4200   -5953.9208  0.5177 
   00940    0.4575   -5955.8783  0.5169 
   00941    0.4250   -5960.1839  0.5177 
   00942    0.4550   -5964.3571  0.5185 
   00943    0.4075   -5964.5946  0.5199 
   00944    0.4150   -5964.1027  0.5194 
   00945    0.4025   -5962.1719  0.5188 
   00946    0.4525   -5960.7088  0.5187 
   00947    0.4425   -5956.6991  0.5204 
   00948    0.3950   -5957.0497  0.5183 
   00949    0.3750   -5954.3925  0.5165 
   00950    0.3975   -5955.1962  0.5156 
   00951    0.4125   -5953.9120  0.5165 
   00952    0.4325   -5957.5866  0.5178 
   00953    0.4325   -5957.2938  0.5187 
   00954    0.4350   -5960.6196  0.5173 
   00955    0.4325   -5957.7746  0.5173 
   00956    0.4225   -5957.6832  0.5178 
   00957    0.4150   -5964.6418  0.5192 
   00958    0.4475   -5963.9077  0.5203 
   00959    0.4125   -5967.8335  0.5227 
   00960    0.4050   -5964.0404  0.5226 
   00961    0.4000   -5969.0528  0.5221 
   00962    0.4575   -5972.1742  0.5236 
   00963    0.4125   -5974.2449  0.5247 
   00964    0.4125   -5967.3433  0.5247 
   00965    0.4125   -5968.2505  0.5253 
   00966    0.4275   -5967.4911  0.5246 
   00967    0.4025   -5963.2659  0.5258 
   00968    0.4675   -5962.8787  0.5269 
   00969    0.3875   -5960.5979  0.5279 
   00970    0.4600   -5956.1353  0.5303 
   00971    0.4275   -5951.7433  0.5312 
   00972    0.4350   -5954.6667  0.5323 
   00973    0.3900   -5956.0569  0.5308 
   00974    0.4225   -5949.2487  0.5290 
   00975    0.4200   -5954.9020  0.5288 
   00976    0.4125   -5953.4700  0.5275 
   00977    0.4075   -5949.3214  0.5304 
   00978    0.3975   -5949.4665  0.5306 
   00979    0.4425   -5958.2526  0.5322 
   00980    0.4500   -5962.2285  0.5311 
   00981    0.4125   -5960.8796  0.5307 
   00982    0.4525   -5955.6616  0.5297 
   00983    0.3900   -5959.6587  0.5294 
   00984    0.4100   -5955.4243  0.5273 
   00985    0.4475   -5960.2456  0.5282 
   00986    0.3875   -5967.7055  0.5284 
   00987    0.4025   -5966.9961  0.5290 
   00988    0.4250   -5968.0233  0.5306 
   00989    0.3750   -5962.9343  0.5312 
   00990    0.4600   -5959.2159  0.5310 
   00991    0.4125   -5962.6205  0.5316 
   00992    0.4100   -5960.7982  0.5290 
   00993    0.4200   -5964.5756  0.5298 
   00994    0.4100   -5963.9400  0.5308 
   00995    0.4050   -5962.5815  0.5318 
   00996    0.4875   -5964.1647  0.5317 
   00997    0.3800   -5966.8823  0.5316 
   00998    0.3975   -5968.7505  0.5327 
   00999    0.4350   -5966.3821  0.5328 
   01000    0.4400   -5961.6311  0.5332 
