#=====================================================
# File created:        Mon-06-Nov-2023-at-11-25-53AM
# Size of lattice:     60x60
# Number of MC steps:  1000
# Reduced temperature: 1.800
# Run time (s):        89.398289
#=====================================================
# MC step:  Ratio:     Energy:   Order:
#=====================================================
   00000    0.5000   -3557.6136  0.2637 
   00001    0.7533   -4053.1421  0.2570 
   00002    0.7056   -4412.7025  0.2571 
   00003    0.7211   -4791.6497  0.2593 
   00004    0.6878   -5017.9411  0.2581 
   00005    0.7056   -5114.5525  0.2549 
   00006    0.6611   -5231.1283  0.2572 
   00007    0.6889   -5346.0904  0.2550 
   00008    0.6678   -5356.9454  0.2550 
   00009    0.6700   -5494.1198  0.2544 
   00010    0.6822   -5555.1201  0.2522 
   00011    0.6433   -5712.8413  0.2582 
   00012    0.6411   -5721.2300  0.2587 
   00013    0.6689   -5683.0733  0.2634 
   00014    0.6667   -5665.7346  0.2671 
   00015    0.6644   -5771.0699  0.2628 
   00016    0.6422   -5740.9724  0.2713 
   00017    0.6811   -5720.0183  0.2761 
   00018    0.6933   -5800.1604  0.2760 
   00019    0.6578   -5820.3704  0.2725 
   00020    0.6756   -5849.2005  0.2658 
   00021    0.6767   -5858.9211  0.2665 
   00022    0.6400   -5835.9733  0.2592 
   00023    0.6778   -5821.4896  0.2586 
   00024    0.6611   -5901.5436  0.2598 
   00025    0.6589   -5855.1484  0.2534 
   00026    0.6467   -5843.6474  0.2552 
   00027    0.6256   -5870.8209  0.2587 
   00028    0.6600   -5923.2007  0.2534 
   00029    0.6422   -5903.9211  0.2645 
   00030    0.6600   -5854.0737  0.2567 
   00031    0.6344   -5968.6937  0.2611 
   00032    0.6411   -6033.2432  0.2581 
   00033    0.6633   -6017.5600  0.2661 
   00034    0.6611   -6017.9572  0.2721 
   00035    0.6578   -6006.9552  0.2744 
   00036    0.6311   -6067.4133  0.2691 
   00037    0.6378   -6007.2504  0.2678 
   00038    0.6500   -6017.2944  0.2645 
   00039    0.6767   -6014.4906  0.2671 
   00040    0.6456   -5961.6644  0.2691 
   00041    0.6344   -5978.2542  0.2683 
   00042    0.6556   -5987.3883  0.2645 
   00043    0.6622   -6005.2992  0.2668 
   00044    0.6733   -6058.9765  0.2616 
   00045    0.6433   -6060.0449  0.2593 
   00046    0.6400   -5986.9791  0.2588 
   00047    0.6522   -5958.6300  0.2623 
   00048    0.6589   -5979.8520  0.2645 
   00049    0.6156   -5986.1346  0.2663 
   00050    0.6400   -5969.8170  0.2697 
   00051    0.6700   -5869.4237  0.2733 
   00052    0.6367   -5931.1126  0.2664 
   00053    0.6667   -5936.2746  0.2660 
   00054    0.6178   -5896.5080  0.2658 
   00055    0.6822   -5970.9231  0.2672 
   00056    0.6633   -5937.3428  0.2675 
   00057    0.6456   -5893.2521  0.2653 
   00058    0.6500   -5833.4580  0.2584 
   00059    0.6856   -5866.4118  0.2638 
   00060    0.6500   -5943.4870  0.2692 
   00061    0.6444   -5974.8917  0.2638 
   00062    0.6633   -6033.1478  0.2621 
   00063    0.6511   -6080.2633  0.2675 
   00064    0.6456   -6100.2837  0.2675 
   00065    0.6378   -6006.1351  0.2635 
   00066    0.6700   -6039.0069  0.2600 
   00067    0.6556   -6024.3146  0.2540 
   00068    0.6189   -6102.6791  0.2595 
   00069    0.6233   -6082.3752  0.2602 
   00070    0.6356   -6154.0360  0.2662 
   00071    0.6111   -6146.3660  0.2698 
   00072    0.6278   -6078.7928  0.2721 
   00073    0.6844   -6113.2916  0.2749 
   00074    0.6378   -6097.3241  0.2706 
   00075    0.6756   -6156.5180  0.2623 
   00076    0.6600   -6104.9166  0.2623 
   00077    0.6300   -6101.8105  0.2610 
   00078    0.6433   -6019.5311  0.2636 
   00079    0.6611   -6020.5408  0.2622 
   00080    0.6578   -6073.3174  0.2682 
   00081    0.6322   -6000.3946  0.2685 
   00082    0.6533   -5994.0536  0.2665 
   00083    0.6467   -6016.9773  0.2713 
   00084    0.6756   -5946.4371  0.2733 
   00085    0.6544   -6002.6418  0.2661 
   00086    0.6867   -5938.1772  0.2711 
   00087    0.6600   -5925.5699  0.2662 
   00088    0.6556   -5960.3272  0.2690 
   00089    0.6256   -5915.2901  0.2669 
   00090    0.6667   -6011.0433  0.2666 
   00091    0.6444   -5888.0091  0.2747 
   00092    0.6300   -5852.3041  0.2694 
   00093    0.6444   -5765.6341  0.2639 
   00094    0.6556   -5821.7011  0.2597 
   00095    0.6556   -5838.3599  0.2583 
   00096    0.6389   -5860.6091  0.2584 
   00097    0.6778   -5956.4716  0.2519 
   00098    0.6367   -5946.8285  0.2627 
   00099    0.6489   -5978.6662  0.2621 
   00100    0.6478   -6017.0158  0.2627 
   00101    0.6333   -5970.8994  0.2684 
   00102    0.6311   -6010.5534  0.2610 
   00103    0.6467   -6013.8884  0.2663 
   00104    0.6478   -6009.2443  0.2645 
   00105    0.6678   -5946.5572  0.2637 
   00106    0.6567   -5945.0230  0.2648 
   00107    0.6233   -5918.2960  0.2671 
   00108    0.6511   -5928.6779  0.2722 
   00109    0.6533   -5963.1621  0.2686 
   00110    0.6567   -6021.1715  0.2629 
   00111    0.6611   -5995.9871  0.2584 
   00112    0.6656   -5972.8475  0.2638 
   00113    0.6644   -5900.8982  0.2667 
   00114    0.6433   -5999.5875  0.2763 
   00115    0.6744   -6044.5616  0.2703 
   00116    0.6700   -6013.2012  0.2656 
   00117    0.6333   -6027.2823  0.2632 
   00118    0.6533   -5956.3578  0.2705 
   00119    0.6578   -5988.7230  0.2689 
   00120    0.6722   -6024.8072  0.2687 
   00121    0.6244   -6168.1400  0.2738 
   00122    0.6333   -6158.7559  0.2725 
   00123    0.6167   -6178.3687  0.2692 
   00124    0.6167   -6170.6526  0.2692 
   00125    0.6511   -6192.4638  0.2619 
   00126    0.6156   -6159.3238  0.2539 
   00127    0.6556   -6144.8371  0.2589 
   00128    0.6400   -6078.8529  0.2620 
   00129    0.6544   -6002.7682  0.2630 
   00130    0.6500   -6020.8118  0.2552 
   00131    0.6411   -6114.8282  0.2640 
   00132    0.6444   -6108.1051  0.2653 
   00133    0.6467   -6081.0769  0.2651 
   00134    0.6400   -6060.7097  0.2643 
   00135    0.6322   -6081.5229  0.2615 
   00136    0.6700   -6072.2407  0.2683 
   00137    0.6533   -6098.5041  0.2657 
   00138    0.6489   -6138.1202  0.2707 
   00139    0.6622   -6197.9940  0.2768 
   00140    0.6456   -6145.2963  0.2708 
   00141    0.6444   -6145.1493  0.2691 
   00142    0.6489   -6202.1974  0.2660 
   00143    0.6478   -6171.6658  0.2691 
   00144    0.6222   -6053.2418  0.2749 
   00145    0.6522   -6107.2090  0.2673 
   00146    0.6578   -6110.7917  0.2713 
   00147    0.6489   -6027.1463  0.2683 
   00148    0.6589   -6094.2586  0.2658 
   00149    0.6889   -6040.2957  0.2665 
   00150    0.6644   -5969.8137  0.2643 
   00151    0.6478   -5933.1644  0.2556 
   00152    0.6522   -5978.0866  0.2600 
   00153    0.6611   -6006.3017  0.2570 
   00154    0.6511   -5995.9038  0.2541 
   00155    0.6444   -5952.6345  0.2637 
   00156    0.6444   -5904.9451  0.2583 
   00157    0.6611   -5874.3861  0.2589 
   00158    0.6444   -5849.9365  0.2614 
   00159    0.6811   -5833.0539  0.2589 
   00160    0.6967   -5807.1920  0.2570 
   00161    0.6600   -5837.5383  0.2619 
   00162    0.6611   -5906.4820  0.2620 
   00163    0.6767   -5972.2316  0.2685 
   00164    0.6356   -5990.4785  0.2655 
   00165    0.6411   -6032.3015  0.2714 
   00166    0.6522   -6001.8609  0.2681 
   00167    0.6378   -6072.7571  0.2707 
   00168    0.6567   -6089.9198  0.2629 
   00169    0.6511   -6085.8793  0.2662 
   00170    0.6333   -6116.2501  0.2701 
   00171    0.6367   -6106.5931  0.2693 
   00172    0.6433   -6098.2482  0.2715 
   00173    0.6300   -6103.1560  0.2716 
   00174    0.6756   -6110.5307  0.2700 
   00175    0.6556   -6114.0623  0.2718 
   00176    0.6389   -6036.4994  0.2651 
   00177    0.6378   -6076.5551  0.2593 
   00178    0.6444   -6003.2524  0.2530 
   00179    0.6522   -5991.5654  0.2556 
   00180    0.6422   -6031.4619  0.2536 
   00181    0.6356   -6042.7422  0.2582 
   00182    0.6556   -6085.1311  0.2583 
   00183    0.6711   -6100.0447  0.2543 
   00184    0.6278   -6050.3026  0.2585 
   00185    0.6589   -6085.4869  0.2639 
   00186    0.6500   -6046.6769  0.2648 
   00187    0.6700   -6044.4546  0.2667 
   00188    0.6467   -6129.8102  0.2727 
   00189    0.6611   -6062.4380  0.2653 
   00190    0.6800   -6031.9369  0.2715 
   00191    0.6356   -6081.2168  0.2700 
   00192    0.6467   -6025.5280  0.2728 
   00193    0.6322   -5980.8447  0.2688 
   00194    0.6367   -6012.0056  0.2765 
   00195    0.6478   -5997.2958  0.2729 
   00196    0.6767   -6078.9632  0.2772 
   00197    0.6311   -6139.3866  0.2808 
   00198    0.6267   -6165.1573  0.2783 
   00199    0.6467   -6117.1008  0.2813 
   00200    0.6689   -6059.4102  0.2881 
   00201    0.6444   -5973.2312  0.2883 
   00202    0.6478   -5992.0988  0.2805 
   00203    0.6233   -5994.0152  0.2871 
   00204    0.6667   -5995.1225  0.2849 
   00205    0.6444   -6075.2385  0.2822 
   00206    0.6889   -6048.4565  0.2866 
   00207    0.6667   -5987.4846  0.2866 
   00208    0.6500   -5958.9007  0.2903 
   00209    0.6556   -5939.6575  0.2934 
   00210    0.6900   -6031.6124  0.3014 
   00211    0.6622   -6058.0163  0.3111 
   00212    0.6378   -6070.3289  0.3074 
   00213    0.6478   -6109.7351  0.3081 
   00214    0.6333   -6128.7192  0.2991 
   00215    0.6311   -6194.7765  0.2955 
   00216    0.6311   -6155.6819  0.2965 
   00217    0.6589   -6040.2246  0.2889 
   00218    0.6433   -6058.2891  0.2861 
   00219    0.6178   -6031.5395  0.2816 
   00220    0.6311   -6072.1441  0.2820 
   00221    0.6456   -6011.4899  0.2750 
   00222    0.6533   -5971.7658  0.2773 
   00223    0.6700   -5946.3585  0.2800 
   00224    0.6722   -6011.3097  0.2784 
   00225    0.6744   -5998.1509  0.2767 
   00226    0.6344   -5953.8677  0.2821 
   00227    0.6311   -5934.6755  0.2858 
   00228    0.6633   -5972.9322  0.2850 
   00229    0.6433   -5995.0502  0.2797 
   00230    0.6778   -5907.9203  0.2827 
   00231    0.6800   -5893.9487  0.2875 
   00232    0.6544   -5893.6585  0.2888 
   00233    0.6500   -5958.9827  0.2923 
   00234    0.6711   -5961.9541  0.2873 
   00235    0.6344   -6042.8136  0.2786 
   00236    0.6533   -5973.4690  0.2805 
   00237    0.6144   -5909.1538  0.2824 
   00238    0.6600   -5918.2992  0.2816 
   00239    0.6300   -5975.3402  0.2807 
   00240    0.6444   -6006.0893  0.2819 
   00241    0.6789   -5989.1326  0.2845 
   00242    0.6467   -6032.8099  0.2847 
   00243    0.6267   -6068.9253  0.2790 
   00244    0.6433   -6073.0463  0.2839 
   00245    0.6267   -6122.7071  0.2876 
   00246    0.6289   -6077.8693  0.2918 
   00247    0.6622   -6065.7430  0.2946 
   00248    0.6156   -6046.4699  0.2917 
   00249    0.6378   -5949.4472  0.2906 
   00250    0.6522   -5949.7370  0.2934 
   00251    0.6422   -5979.2967  0.2928 
   00252    0.6533   -6042.9431  0.2958 
   00253    0.6356   -6041.0696  0.2956 
   00254    0.6478   -6045.1042  0.2910 
   00255    0.6589   -5916.2755  0.2857 
   00256    0.6689   -5978.0912  0.2936 
   00257    0.6689   -5972.4017  0.2899 
   00258    0.6611   -5918.6149  0.2891 
   00259    0.6511   -5955.0836  0.2844 
   00260    0.6300   -6002.8020  0.2802 
   00261    0.6411   -5896.5485  0.2861 
   00262    0.6589   -5821.9146  0.2828 
   00263    0.6822   -5857.2078  0.2785 
   00264    0.6600   -5798.9608  0.2835 
   00265    0.6578   -5782.6943  0.2729 
   00266    0.6444   -5789.9496  0.2757 
   00267    0.6689   -5788.9668  0.2790 
   00268    0.6456   -5840.9791  0.2787 
   00269    0.6411   -5862.9436  0.2767 
   00270    0.6456   -6014.4456  0.2715 
   00271    0.6722   -5987.6585  0.2689 
   00272    0.6644   -5819.5722  0.2679 
   00273    0.6689   -5846.2737  0.2686 
   00274    0.6622   -5769.2172  0.2686 
   00275    0.6667   -5763.4479  0.2620 
   00276    0.6644   -5768.3690  0.2642 
   00277    0.6522   -5857.8428  0.2642 
   00278    0.6622   -5928.3954  0.2622 
   00279    0.6556   -5845.6708  0.2558 
   00280    0.6622   -5851.4116  0.2621 
   00281    0.6456   -5834.5424  0.2642 
   00282    0.6600   -5855.5511  0.2560 
   00283    0.6411   -5926.9972  0.2588 
   00284    0.6811   -5925.7110  0.2577 
   00285    0.6622   -5972.9728  0.2582 
   00286    0.6456   -5968.7340  0.2615 
   00287    0.6289   -5927.7018  0.2587 
   00288    0.6756   -5934.8828  0.2666 
   00289    0.6556   -5905.1890  0.2633 
   00290    0.6400   -5884.4922  0.2589 
   00291    0.6422   -5933.2441  0.2616 
   00292    0.6522   -5847.7892  0.2657 
   00293    0.6567   -6011.1379  0.2616 
   00294    0.6556   -6040.1370  0.2612 
   00295    0.6289   -6007.0410  0.2545 
   00296    0.6456   -6053.4480  0.2617 
   00297    0.6311   -5999.2991  0.2604 
   00298    0.6267   -6000.8096  0.2637 
   00299    0.6556   -5988.8476  0.2620 
   00300    0.6322   -6051.3217  0.2692 
   00301    0.6511   -6048.5951  0.2650 
   00302    0.6522   -6128.4791  0.2666 
   00303    0.6500   -6186.6063  0.2640 
   00304    0.6278   -6181.8015  0.2693 
   00305    0.6511   -6117.3200  0.2659 
   00306    0.6456   -6036.0058  0.2735 
   00307    0.6322   -6021.7030  0.2700 
   00308    0.6589   -6066.4781  0.2758 
   00309    0.6600   -6048.0791  0.2792 
   00310    0.6367   -6031.0236  0.2776 
   00311    0.6556   -6020.2110  0.2717 
   00312    0.6556   -6002.5265  0.2695 
   00313    0.6400   -6121.8423  0.2724 
   00314    0.6522   -6189.2646  0.2632 
   00315    0.6500   -6204.1335  0.2679 
   00316    0.6544   -6106.0097  0.2697 
   00317    0.6422   -6055.5182  0.2613 
   00318    0.6544   -5937.0551  0.2665 
   00319    0.6367   -5987.3219  0.2643 
   00320    0.6544   -5914.7385  0.2568 
   00321    0.6711   -5920.2220  0.2651 
   00322    0.6444   -5856.6291  0.2709 
   00323    0.6789   -5860.2301  0.2757 
   00324    0.6489   -5835.8086  0.2738 
   00325    0.6478   -5940.2900  0.2780 
   00326    0.6511   -6049.1833  0.2824 
   00327    0.6267   -6005.5523  0.2783 
   00328    0.6544   -5924.3464  0.2710 
   00329    0.6733   -5904.0563  0.2804 
   00330    0.6567   -5911.1259  0.2756 
   00331    0.6589   -5932.1610  0.2751 
   00332    0.6544   -6037.9426  0.2737 
   00333    0.6300   -6058.2503  0.2699 
   00334    0.6478   -5974.9125  0.2773 
   00335    0.6656   -6012.3616  0.2761 
   00336    0.6456   -6045.8003  0.2696 
   00337    0.6622   -6039.7730  0.2674 
   00338    0.6511   -6004.9833  0.2631 
   00339    0.6644   -5951.4687  0.2711 
   00340    0.6689   -5961.2419  0.2721 
   00341    0.6389   -5943.3389  0.2678 
   00342    0.6678   -6023.9172  0.2693 
   00343    0.6389   -5955.5529  0.2748 
   00344    0.6478   -5920.0030  0.2744 
   00345    0.6533   -5891.3854  0.2675 
   00346    0.6489   -5849.1770  0.2652 
   00347    0.6622   -5917.5565  0.2641 
   00348    0.6633   -5873.6642  0.2724 
   00349    0.6500   -5879.9462  0.2750 
   00350    0.6467   -5839.4164  0.2713 
   00351    0.6389   -5881.5357  0.2694 
   00352    0.6367   -5828.6796  0.2632 
   00353    0.6333   -5899.2429  0.2560 
   00354    0.6656   -5895.8642  0.2530 
   00355    0.6378   -5978.8799  0.2607 
   00356    0.6800   -5993.0879  0.2621 
   00357    0.6522   -6039.7760  0.2610 
   00358    0.6300   -5915.8696  0.2619 
   00359    0.6489   -5949.0707  0.2630 
   00360    0.6344   -5902.0311  0.2661 
   00361    0.6689   -5987.4804  0.2661 
   00362    0.6556   -6042.7967  0.2699 
   00363    0.6444   -6075.2341  0.2686 
   00364    0.6756   -5996.8213  0.2732 
   00365    0.6678   -6008.2725  0.2755 
   00366    0.6344   -5905.6159  0.2655 
   00367    0.6322   -5859.9559  0.2695 
   00368    0.6533   -5924.7391  0.2704 
   00369    0.6522   -5976.0578  0.2686 
   00370    0.6478   -5986.4957  0.2764 
   00371    0.6467   -6077.8054  0.2760 
   00372    0.6556   -5983.9820  0.2658 
   00373    0.6456   -5854.5994  0.2648 
   00374    0.6578   -5881.0376  0.2656 
   00375    0.6644   -5839.4980  0.2612 
   00376    0.6667   -5807.4739  0.2597 
   00377    0.6456   -5834.8261  0.2602 
   00378    0.6756   -5862.2089  0.2614 
   00379    0.6456   -5928.5427  0.2689 
   00380    0.6389   -5847.9510  0.2597 
   00381    0.6778   -5877.1360  0.2596 
   00382    0.6656   -5879.8822  0.2570 
   00383    0.6678   -5967.6468  0.2508 
   00384    0.6800   -6062.4107  0.2573 
   00385    0.6533   -6066.6445  0.2592 
   00386    0.6300   -6125.1801  0.2609 
   00387    0.6533   -6111.5887  0.2604 
   00388    0.6256   -6146.7363  0.2560 
   00389    0.6422   -6101.4034  0.2600 
   00390    0.6756   -6069.7239  0.2566 
   00391    0.6622   -6002.9239  0.2580 
   00392    0.6733   -6068.7456  0.2593 
   00393    0.6778   -6093.2544  0.2594 
   00394    0.6633   -6103.0981  0.2628 
   00395    0.6456   -6097.1218  0.2618 
   00396    0.6567   -6087.0951  0.2605 
   00397    0.6567   -6062.6090  0.2570 
   00398    0.6422   -6108.9802  0.2659 
   00399    0.6378   -6020.4603  0.2604 
   00400    0.6589   -5978.3444  0.2656 
   00401    0.6522   -5950.6796  0.2672 
   00402    0.6689   -5914.2005  0.2695 
   00403    0.6600   -5933.9787  0.2675 
   00404    0.6311   -5907.6251  0.2713 
   00405    0.6389   -5908.2348  0.2702 
   00406    0.6522   -5950.4693  0.2608 
   00407    0.6489   -5991.8534  0.2717 
   00408    0.6700   -5932.8763  0.2780 
   00409    0.6467   -5983.5311  0.2769 
   00410    0.6689   -5961.7413  0.2794 
   00411    0.6422   -6027.2337  0.2753 
   00412    0.6556   -5932.6071  0.2707 
   00413    0.6700   -5919.0595  0.2731 
   00414    0.6656   -5936.8383  0.2720 
   00415    0.6611   -5999.3720  0.2721 
   00416    0.6533   -6043.2178  0.2772 
   00417    0.6644   -6002.7342  0.2763 
   00418    0.6633   -6051.4887  0.2731 
   00419    0.6244   -6085.5672  0.2683 
   00420    0.6544   -6123.2770  0.2623 
   00421    0.6556   -6062.6665  0.2632 
   00422    0.6667   -6116.9056  0.2534 
   00423    0.6289   -6092.3664  0.2641 
   00424    0.6556   -6160.5789  0.2630 
   00425    0.6689   -6038.4375  0.2642 
   00426    0.6322   -6091.7742  0.2666 
   00427    0.6589   -6041.2186  0.2684 
   00428    0.6567   -5996.0656  0.2671 
   00429    0.6300   -5974.0977  0.2714 
   00430    0.6500   -5919.0328  0.2661 
   00431    0.6389   -5926.4125  0.2665 
   00432    0.6489   -6010.8064  0.2623 
   00433    0.6400   -6020.0794  0.2635 
   00434    0.6444   -6071.9446  0.2608 
   00435    0.6300   -6110.8054  0.2560 
   00436    0.6522   -6072.3117  0.2612 
   00437    0.6433   -6022.3613  0.2627 
   00438    0.6700   -6040.9464  0.2644 
   00439    0.6633   -6071.4310  0.2568 
   00440    0.6489   -6072.5650  0.2572 
   00441    0.6589   -5995.0378  0.2573 
   00442    0.6267   -5942.5510  0.2604 
   00443    0.6456   -5981.9345  0.2627 
   00444    0.6400   -6004.5042  0.2660 
   00445    0.6456   -5991.8089  0.2703 
   00446    0.6489   -6056.9667  0.2595 
   00447    0.6433   -6003.0843  0.2585 
   00448    0.6500   -6076.6864  0.2634 
   00449    0.6422   -6050.9001  0.2622 
   00450    0.6511   -6036.1257  0.2571 
   00451    0.6544   -6065.2182  0.2548 
   00452    0.6278   -6045.5041  0.2551 
   00453    0.6544   -6054.6501  0.2561 
   00454    0.6422   -6053.7235  0.2578 
   00455    0.6478   -5998.0166  0.2536 
   00456    0.6578   -6051.6807  0.2591 
   00457    0.6278   -6096.4937  0.2526 
   00458    0.6722   -5979.9803  0.2572 
   00459    0.6489   -5985.1076  0.2589 
   00460    0.6578   -5981.3695  0.2655 
   00461    0.6433   -6013.9497  0.2639 
   00462    0.6667   -5912.4594  0.2717 
   00463    0.6633   -5888.4353  0.2666 
   00464    0.6411   -5871.0486  0.2644 
   00465    0.6744   -5928.1974  0.2640 
   00466    0.6822   -5919.2136  0.2647 
   00467    0.6622   -5920.6055  0.2638 
   00468    0.6567   -5908.7632  0.2624 
   00469    0.6211   -5903.1915  0.2616 
   00470    0.6200   -5856.7995  0.2672 
   00471    0.6789   -5833.8993  0.2798 
   00472    0.6567   -5920.2874  0.2800 
   00473    0.6500   -5926.1700  0.2838 
   00474    0.6689   -5960.8332  0.2801 
   00475    0.6456   -5951.4122  0.2779 
   00476    0.6567   -5908.4340  0.2784 
   00477    0.6589   -5937.2125  0.2770 
   00478    0.6533   -5892.4312  0.2749 
   00479    0.6444   -5886.4312  0.2727 
   00480    0.6744   -5917.8168  0.2722 
   00481    0.6356   -5970.5314  0.2770 
   00482    0.6689   -5997.1621  0.2790 
   00483    0.6322   -6049.8872  0.2802 
   00484    0.6656   -6101.5879  0.2777 
   00485    0.6600   -6035.7166  0.2659 
   00486    0.6456   -6130.8961  0.2638 
   00487    0.6500   -5976.9400  0.2634 
   00488    0.6411   -5959.5163  0.2651 
   00489    0.6433   -5995.0645  0.2620 
   00490    0.6700   -5921.1052  0.2671 
   00491    0.6611   -5919.7516  0.2728 
   00492    0.6489   -5981.3175  0.2706 
   00493    0.6700   -5993.1900  0.2650 
   00494    0.6556   -5976.4521  0.2710 
   00495    0.6622   -6000.2717  0.2711 
   00496    0.6567   -5966.3786  0.2677 
   00497    0.6467   -5836.7005  0.2683 
   00498    0.6478   -5847.7544  0.2775 
   00499    0.6422   -5865.5247  0.2724 
   00500    0.6478   -5774.3578  0.2740 
   00501    0.6522   -5863.8085  0.2819 
   00502    0.6256   -5910.0940  0.2733 
   00503    0.6822   -5924.1477  0.2703 
   00504    0.6589   -5932.7702  0.2668 
   00505    0.6611   -5884.2465  0.2679 
   00506    0.6733   -5956.9089  0.2576 
   00507    0.6767   -5853.6431  0.2516 
   00508    0.6667   -5797.8588  0.2567 
   00509    0.6511   -5813.7903  0.2549 
   00510    0.6633   -5845.1434  0.2576 
   00511    0.6667   -5832.0622  0.2578 
   00512    0.6278   -5842.2741  0.2602 
   00513    0.6578   -5897.3400  0.2664 
   00514    0.6478   -5952.8767  0.2665 
   00515    0.6433   -5966.6372  0.2597 
   00516    0.6744   -5952.1345  0.2587 
   00517    0.6467   -5953.8063  0.2645 
   00518    0.6344   -5983.2786  0.2611 
   00519    0.6356   -5896.5998  0.2588 
   00520    0.6267   -5923.8039  0.2589 
   00521    0.6522   -5906.7964  0.2558 
   00522    0.6844   -5917.8656  0.2563 
   00523    0.6300   -5973.3100  0.2572 
   00524    0.6500   -6084.5834  0.2538 
   00525    0.6633   -6059.0341  0.2542 
   00526    0.6456   -6113.1734  0.2571 
   00527    0.6667   -6040.6709  0.2564 
   00528    0.6756   -6075.7424  0.2565 
   00529    0.6522   -6048.0897  0.2627 
   00530    0.6322   -5982.7044  0.2703 
   00531    0.6411   -5938.5286  0.2731 
   00532    0.6400   -5982.6630  0.2721 
   00533    0.6511   -5925.3611  0.2734 
   00534    0.6467   -5947.4628  0.2678 
   00535    0.6600   -5834.2292  0.2690 
   00536    0.6767   -5932.6099  0.2781 
   00537    0.6644   -6004.9864  0.2772 
   00538    0.6567   -5983.6732  0.2718 
   00539    0.6267   -5996.5734  0.2709 
   00540    0.6611   -5979.5458  0.2709 
   00541    0.6456   -5931.8993  0.2630 
   00542    0.6556   -5934.4063  0.2639 
   00543    0.6633   -5967.9057  0.2696 
   00544    0.6411   -5913.6628  0.2769 
   00545    0.6444   -5874.3669  0.2783 
   00546    0.6500   -5922.0305  0.2850 
   00547    0.6333   -6026.9302  0.2832 
   00548    0.6544   -6008.2906  0.2830 
   00549    0.6544   -6053.1158  0.2807 
   00550    0.6656   -6017.0445  0.2853 
   00551    0.6522   -6026.2826  0.2933 
   00552    0.6111   -6097.5303  0.2945 
   00553    0.6511   -6097.2372  0.2948 
   00554    0.6400   -6079.8593  0.2895 
   00555    0.6500   -6152.9433  0.2899 
   00556    0.6522   -6148.9914  0.2988 
   00557    0.6656   -6045.8551  0.2984 
   00558    0.6500   -6031.5166  0.3027 
   00559    0.6689   -5960.6999  0.3004 
   00560    0.6333   -6061.7431  0.2962 
   00561    0.6322   -5976.2282  0.2836 
   00562    0.6689   -5949.1382  0.2790 
   00563    0.6567   -5864.5974  0.2825 
   00564    0.6433   -5869.0690  0.2767 
   00565    0.6378   -5847.6822  0.2737 
   00566    0.6400   -5835.5411  0.2768 
   00567    0.6356   -5918.7626  0.2833 
   00568    0.6289   -5924.2226  0.2837 
   00569    0.6811   -5914.7700  0.2808 
   00570    0.6633   -5870.5743  0.2772 
   00571    0.6389   -5884.3072  0.2804 
   00572    0.6400   -5924.1478  0.2823 
   00573    0.6733   -5979.1942  0.2773 
   00574    0.6578   -5964.5006  0.2744 
   00575    0.6411   -5900.8596  0.2819 
   00576    0.6611   -5981.2897  0.2815 
   00577    0.6511   -6087.2351  0.2774 
   00578    0.6256   -6115.9937  0.2761 
   00579    0.6700   -6186.1835  0.2711 
   00580    0.6644   -6157.1471  0.2687 
   00581    0.6333   -6228.4386  0.2678 
   00582    0.6311   -6142.5639  0.2711 
   00583    0.6322   -6178.5452  0.2666 
   00584    0.6667   -6082.0224  0.2614 
   00585    0.6667   -6116.2905  0.2623 
   00586    0.6456   -6086.2866  0.2643 
   00587    0.6433   -6007.2540  0.2692 
   00588    0.6522   -6007.2203  0.2654 
   00589    0.6489   -6039.3261  0.2686 
   00590    0.6467   -5947.9443  0.2754 
   00591    0.6456   -5974.1263  0.2696 
   00592    0.6622   -6001.3988  0.2736 
   00593    0.6656   -6034.0550  0.2758 
   00594    0.6400   -6067.8605  0.2800 
   00595    0.6322   -6002.6722  0.2802 
   00596    0.6478   -5918.4403  0.2772 
   00597    0.6622   -6044.7678  0.2781 
   00598    0.6378   -6128.4899  0.2794 
   00599    0.6400   -6104.3655  0.2835 
   00600    0.6467   -6096.4470  0.2830 
   00601    0.6356   -5959.8422  0.2782 
   00602    0.6578   -6010.7680  0.2835 
   00603    0.6500   -5953.0776  0.2843 
   00604    0.6511   -5932.5874  0.2796 
   00605    0.6533   -5905.7042  0.2831 
   00606    0.6789   -5979.4378  0.2825 
   00607    0.6322   -6049.1963  0.2870 
   00608    0.6622   -6129.9453  0.2821 
   00609    0.6556   -6100.3378  0.2765 
   00610    0.6456   -6054.5281  0.2740 
   00611    0.6467   -6042.8744  0.2731 
   00612    0.6456   -6007.5474  0.2773 
   00613    0.6567   -6072.4790  0.2815 
   00614    0.6422   -6094.9945  0.2728 
   00615    0.6511   -6058.9755  0.2784 
   00616    0.6500   -6041.2798  0.2853 
   00617    0.6389   -5961.2468  0.2896 
   00618    0.6511   -6001.3114  0.2928 
   00619    0.6356   -6041.9778  0.2970 
   00620    0.6878   -5949.3011  0.2975 
   00621    0.6478   -5981.7083  0.2958 
   00622    0.6411   -6073.1819  0.2890 
   00623    0.6600   -5995.3200  0.2900 
   00624    0.6522   -6029.8258  0.2885 
   00625    0.6511   -5926.3771  0.2834 
   00626    0.6556   -5939.1049  0.2803 
   00627    0.6167   -5974.7189  0.2772 
   00628    0.6444   -6045.9793  0.2775 
   00629    0.6544   -6041.1859  0.2776 
   00630    0.6733   -5995.6133  0.2695 
   00631    0.6367   -6042.3097  0.2772 
   00632    0.6556   -5953.8140  0.2756 
   00633    0.6533   -5941.8352  0.2733 
   00634    0.6467   -5982.7571  0.2688 
   00635    0.6289   -6054.2901  0.2748 
   00636    0.6444   -6058.9948  0.2715 
   00637    0.6678   -6069.2104  0.2706 
   00638    0.6444   -6044.3905  0.2769 
   00639    0.6689   -6038.3114  0.2779 
   00640    0.6189   -5979.6105  0.2815 
   00641    0.6167   -6059.5841  0.2838 
   00642    0.6511   -6072.4622  0.2831 
   00643    0.6556   -6005.5874  0.2796 
   00644    0.6556   -6025.4259  0.2822 
   00645    0.6533   -6052.0208  0.2857 
   00646    0.6556   -6112.5926  0.2852 
   00647    0.6256   -6094.2293  0.2831 
   00648    0.6533   -6012.5108  0.2781 
   00649    0.6578   -5963.5933  0.2777 
   00650    0.6733   -6014.3582  0.2794 
   00651    0.6522   -5966.1062  0.2700 
   00652    0.6500   -6058.2660  0.2748 
   00653    0.6456   -5995.7250  0.2638 
   00654    0.6478   -5906.2196  0.2568 
   00655    0.6478   -5875.1262  0.2563 
   00656    0.6811   -5980.2920  0.2595 
   00657    0.6644   -5982.6932  0.2645 
   00658    0.6711   -6061.9266  0.2612 
   00659    0.6467   -6100.2691  0.2513 
   00660    0.6289   -6103.4742  0.2546 
   00661    0.6500   -6020.4254  0.2515 
   00662    0.6522   -6008.2607  0.2539 
   00663    0.6667   -5975.5236  0.2539 
   00664    0.6578   -5965.8592  0.2584 
   00665    0.6522   -6038.1297  0.2585 
   00666    0.6489   -6065.6598  0.2615 
   00667    0.6533   -6005.7099  0.2561 
   00668    0.6278   -5978.7745  0.2517 
   00669    0.6422   -5965.5493  0.2521 
   00670    0.6522   -6059.8095  0.2515 
   00671    0.6711   -5989.8592  0.2549 
   00672    0.6433   -5996.7214  0.2602 
   00673    0.6856   -5924.2647  0.2663 
   00674    0.6322   -5910.8181  0.2614 
   00675    0.6722   -5925.1164  0.2658 
   00676    0.6678   -5994.9926  0.2742 
   00677    0.6622   -6007.3626  0.2773 
   00678    0.6489   -6075.0686  0.2772 
   00679    0.6589   -6042.0736  0.2803 
   00680    0.6567   -6104.1333  0.2724 
   00681    0.6800   -6111.1354  0.2726 
   00682    0.6267   -6095.1193  0.2719 
   00683    0.6578   -6126.9816  0.2718 
   00684    0.6400   -6060.6832  0.2651 
   00685    0.6578   -6083.0411  0.2646 
   00686    0.6422   -6016.8938  0.2586 
   00687    0.6633   -5999.9081  0.2568 
   00688    0.6444   -6036.7210  0.2596 
   00689    0.6644   -5986.3366  0.2623 
   00690    0.6400   -5999.5078  0.2669 
   00691    0.6478   -6023.4680  0.2741 
   00692    0.6556   -6008.8286  0.2666 
   00693    0.6267   -6010.6099  0.2670 
   00694    0.6500   -6022.1969  0.2672 
   00695    0.6478   -5924.3954  0.2635 
   00696    0.6644   -5927.6626  0.2631 
   00697    0.6467   -6026.8580  0.2661 
   00698    0.6544   -6055.8819  0.2558 
   00699    0.6489   -5982.2700  0.2575 
   00700    0.6644   -5933.9202  0.2652 
   00701    0.6556   -5901.1264  0.2609 
   00702    0.6656   -5896.6431  0.2540 
   00703    0.6722   -5818.8362  0.2545 
   00704    0.6367   -5938.2086  0.2594 
   00705    0.6522   -5947.0912  0.2602 
   00706    0.6489   -5898.4334  0.2599 
   00707    0.6744   -5896.8824  0.2666 
   00708    0.6578   -5887.2295  0.2691 
   00709    0.6578   -5891.1132  0.2690 
   00710    0.6622   -5921.9768  0.2721 
   00711    0.6678   -5960.2639  0.2686 
   00712    0.6478   -5998.2006  0.2696 
   00713    0.6567   -6085.5453  0.2684 
   00714    0.6567   -6059.0752  0.2731 
   00715    0.6589   -5964.7502  0.2710 
   00716    0.6556   -5942.2162  0.2708 
   00717    0.6278   -5922.6724  0.2697 
   00718    0.6556   -5887.4171  0.2735 
   00719    0.6522   -5948.8703  0.2672 
   00720    0.6578   -5936.3574  0.2609 
   00721    0.6711   -5924.4489  0.2633 
   00722    0.6567   -5937.1518  0.2634 
   00723    0.6744   -5987.6491  0.2550 
   00724    0.6600   -5959.3828  0.2569 
   00725    0.6644   -6012.3830  0.2581 
   00726    0.6689   -6096.5747  0.2629 
   00727    0.6478   -6104.8122  0.2690 
   00728    0.6422   -6069.7996  0.2678 
   00729    0.6011   -6115.1815  0.2686 
   00730    0.6289   -6073.3544  0.2657 
   00731    0.6400   -5998.3990  0.2710 
   00732    0.6656   -6095.0416  0.2715 
   00733    0.6500   -6058.2747  0.2726 
   00734    0.6556   -6005.6873  0.2762 
   00735    0.6589   -5973.5849  0.2784 
   00736    0.6622   -6008.2948  0.2797 
   00737    0.6556   -6067.6999  0.2755 
   00738    0.6267   -6122.4176  0.2753 
   00739    0.6333   -6117.8541  0.2777 
   00740    0.6400   -6119.7867  0.2748 
   00741    0.6344   -6065.2620  0.2715 
   00742    0.6389   -6077.5956  0.2748 
   00743    0.6356   -5954.9680  0.2663 
   00744    0.6500   -5922.4383  0.2629 
   00745    0.6522   -5982.6976  0.2593 
   00746    0.6778   -5958.4021  0.2607 
   00747    0.6789   -5933.8846  0.2627 
   00748    0.6544   -5883.9810  0.2685 
   00749    0.6378   -5789.8472  0.2631 
   00750    0.6322   -5922.5527  0.2614 
   00751    0.6367   -5967.0698  0.2597 
   00752    0.6367   -6028.4535  0.2622 
   00753    0.6511   -6062.8527  0.2681 
   00754    0.6367   -6060.4051  0.2688 
   00755    0.6467   -6064.4069  0.2712 
   00756    0.6222   -6036.9806  0.2659 
   00757    0.6656   -6028.4402  0.2716 
   00758    0.6756   -6030.3394  0.2754 
   00759    0.6644   -6004.7576  0.2734 
   00760    0.6578   -6017.9391  0.2764 
   00761    0.6622   -6114.1078  0.2806 
   00762    0.6433   -6139.5119  0.2785 
   00763    0.6422   -6154.8465  0.2715 
   00764    0.6522   -6119.1799  0.2809 
   00765    0.6378   -6033.2824  0.2820 
   00766    0.6378   -6049.6923  0.2783 
   00767    0.6100   -6068.2358  0.2778 
   00768    0.6467   -6079.2877  0.2682 
   00769    0.6489   -6098.6896  0.2700 
   00770    0.6456   -6127.9417  0.2733 
   00771    0.6622   -6175.6412  0.2762 
   00772    0.6444   -6185.9458  0.2701 
   00773    0.6167   -6147.9622  0.2729 
   00774    0.6489   -6067.1381  0.2744 
   00775    0.6400   -6121.0104  0.2747 
   00776    0.6444   -6093.9481  0.2717 
   00777    0.6322   -6049.2568  0.2710 
   00778    0.6567   -6104.3121  0.2791 
   00779    0.6322   -6124.6383  0.2852 
   00780    0.6689   -6147.2324  0.2795 
   00781    0.6222   -6179.5993  0.2786 
   00782    0.6433   -6121.3376  0.2881 
   00783    0.6300   -6088.9507  0.2833 
   00784    0.6544   -6065.9678  0.2795 
   00785    0.6278   -6073.4426  0.2785 
   00786    0.6389   -6075.8277  0.2710 
   00787    0.6567   -6087.6477  0.2740 
   00788    0.6567   -5991.9502  0.2665 
   00789    0.6522   -5971.9637  0.2651 
   00790    0.6433   -5992.5762  0.2666 
   00791    0.6522   -5964.6086  0.2627 
   00792    0.6700   -6025.3596  0.2582 
   00793    0.6467   -5998.9601  0.2594 
   00794    0.6700   -6058.8222  0.2663 
   00795    0.6189   -6042.5898  0.2604 
   00796    0.6522   -5979.0079  0.2572 
   00797    0.6333   -5973.1814  0.2625 
   00798    0.6456   -6013.5334  0.2590 
   00799    0.6444   -5995.3486  0.2572 
   00800    0.6444   -6001.6111  0.2565 
   00801    0.6500   -5993.4767  0.2560 
   00802    0.6689   -5937.2577  0.2514 
   00803    0.6111   -5982.4331  0.2533 
   00804    0.6422   -5987.4338  0.2534 
   00805    0.6400   -5981.6295  0.2599 
   00806    0.6789   -5942.4517  0.2617 
   00807    0.6700   -5979.8198  0.2587 
   00808    0.6656   -5970.9903  0.2594 
   00809    0.6522   -5990.2760  0.2582 
   00810    0.6389   -6032.8653  0.2664 
   00811    0.6367   -6049.0302  0.2666 
   00812    0.6833   -6037.5514  0.2795 
   00813    0.6389   -6053.2490  0.2770 
   00814    0.6289   -6055.7684  0.2641 
   00815    0.6544   -6071.4527  0.2682 
   00816    0.6467   -6035.5349  0.2654 
   00817    0.6544   -6024.5790  0.2699 
   00818    0.6400   -6103.4329  0.2638 
   00819    0.6578   -6141.6688  0.2675 
   00820    0.6422   -6063.5691  0.2631 
   00821    0.6367   -6044.0315  0.2565 
   00822    0.6556   -6017.0288  0.2533 
   00823    0.6489   -5984.0532  0.2543 
   00824    0.6300   -5993.9361  0.2602 
   00825    0.6311   -6032.7687  0.2641 
   00826    0.6356   -6015.9367  0.2685 
   00827    0.6722   -6014.7426  0.2654 
   00828    0.6856   -5942.6332  0.2676 
   00829    0.6511   -5882.1224  0.2617 
   00830    0.6300   -5922.5239  0.2607 
   00831    0.6278   -5944.0818  0.2578 
   00832    0.6744   -6055.8094  0.2549 
   00833    0.6478   -5959.1006  0.2579 
   00834    0.6578   -5997.2408  0.2624 
   00835    0.6778   -6007.6605  0.2647 
   00836    0.6767   -6093.2093  0.2652 
   00837    0.6478   -6105.0614  0.2621 
   00838    0.6400   -6025.8630  0.2651 
   00839    0.6567   -6017.1719  0.2604 
   00840    0.6656   -6049.1675  0.2643 
   00841    0.6433   -6034.9831  0.2699 
   00842    0.6467   -6109.4028  0.2649 
   00843    0.6500   -5995.2132  0.2609 
   00844    0.6467   -5979.8132  0.2637 
   00845    0.6656   -5959.9902  0.2665 
   00846    0.6522   -6035.1452  0.2628 
   00847    0.6667   -6030.5964  0.2590 
   00848    0.6289   -6039.0703  0.2586 
   00849    0.6656   -6061.9141  0.2678 
   00850    0.6400   -6109.5348  0.2648 
   00851    0.6422   -5915.0443  0.2596 
   00852    0.6622   -5938.5609  0.2635 
   00853    0.6411   -6015.9820  0.2602 
   00854    0.6522   -6013.5882  0.2539 
   00855    0.6489   -6106.5051  0.2573 
   00856    0.6156   -6160.6636  0.2624 
   00857    0.6444   -6132.7603  0.2598 
   00858    0.6433   -6124.0992  0.2628 
   00859    0.6689   -6184.4000  0.2622 
   00860    0.6567   -6182.9492  0.2635 
   00861    0.6611   -6128.7445  0.2639 
   00862    0.6333   -5929.8270  0.2660 
   00863    0.6511   -5946.9002  0.2639 
   00864    0.6356   -5975.9958  0.2620 
   00865    0.6556   -5957.0036  0.2660 
   00866    0.6500   -6055.3458  0.2642 
   00867    0.6422   -6056.4920  0.2588 
   00868    0.6567   -6009.3886  0.2641 
   00869    0.6578   -6125.7712  0.2704 
   00870    0.6433   -6012.6531  0.2665 
   00871    0.6844   -6006.2937  0.2699 
   00872    0.6500   -5995.0260  0.2722 
   00873    0.6567   -5987.8931  0.2671 
   00874    0.6411   -5976.0100  0.2634 
   00875    0.6633   -5954.0354  0.2599 
   00876    0.6422   -5919.3007  0.2588 
   00877    0.6478   -5898.9601  0.2549 
   00878    0.6722   -5980.3902  0.2562 
   00879    0.6622   -5980.9311  0.2624 
   00880    0.6589   -6001.3811  0.2650 
   00881    0.6844   -6063.1532  0.2673 
   00882    0.6222   -5969.9218  0.2634 
   00883    0.6344   -5979.9928  0.2673 
   00884    0.6633   -6028.6065  0.2603 
   00885    0.6478   -6061.9263  0.2535 
   00886    0.6522   -6072.5821  0.2511 
   00887    0.6578   -5977.7245  0.2526 
   00888    0.6333   -5996.0229  0.2555 
   00889    0.6433   -6042.8584  0.2523 
   00890    0.6544   -6087.8510  0.2522 
   00891    0.6289   -6115.1396  0.2531 
   00892    0.6678   -6101.5122  0.2549 
   00893    0.6300   -6057.5148  0.2590 
   00894    0.6478   -5991.3237  0.2519 
   00895    0.6644   -5951.2638  0.2567 
   00896    0.6800   -5935.6985  0.2546 
   00897    0.6656   -6032.4626  0.2555 
   00898    0.6533   -6044.5285  0.2558 
   00899    0.6456   -6063.6197  0.2605 
   00900    0.6556   -6069.0144  0.2723 
   00901    0.6522   -6005.9679  0.2734 
   00902    0.6389   -6089.9292  0.2729 
   00903    0.6544   -6079.6651  0.2641 
   00904    0.6478   -6035.1299  0.2688 
   00905    0.6289   -6011.1842  0.2640 
   00906    0.6267   -6000.3218  0.2629 
   00907    0.6433   -5998.4132  0.2638 
   00908    0.6478   -5934.9385  0.2679 
   00909    0.6633   -5894.3347  0.2750 
   00910    0.6533   -5894.3547  0.2779 
   00911    0.6322   -5974.6293  0.2754 
   00912    0.6567   -5943.2169  0.2767 
   00913    0.6611   -5975.2863  0.2735 
   00914    0.6700   -5954.0780  0.2680 
   00915    0.6589   -5933.5426  0.2721 
   00916    0.6611   -5928.1002  0.2675 
   00917    0.6567   -6037.7766  0.2639 
   00918    0.6311   -6101.5175  0.2665 
   00919    0.6467   -6116.9928  0.2576 
   00920    0.6578   -6042.2641  0.2658 
   00921    0.6611   -6096.0818  0.2593 
   00922    0.6567   -6016.9908  0.2590 
   00923    0.6367   -5996.0537  0.2580 
   00924    0.6422   -6002.2007  0.2540 
   00925    0.6322   -5948.0656  0.2549 
   00926    0.6511   -5916.2262  0.2570 
   00927    0.6644   -5997.3749  0.2559 
   00928    0.6644   -5983.6799  0.2565 
   00929    0.6389   -6010.4373  0.2563 
   00930    0.6356   -5960.8235  0.2581 
   00931    0.6400   -5864.2363  0.2712 
   00932    0.6300   -5965.7911  0.2769 
   00933    0.6700   -6073.9142  0.2733 
   00934    0.6556   -6065.9657  0.2747 
   00935    0.6256   -6056.5450  0.2782 
   00936    0.6589   -6028.1659  0.2761 
   00937    0.6667   -6071.8775  0.2785 
   00938    0.6389   -6102.1600  0.2738 
   00939    0.6289   -6049.5166  0.2650 
   00940    0.6456   -6096.6713  0.2579 
   00941    0.6200   -6192.5957  0.2628 
   00942    0.6233   -6070.3959  0.2614 
   00943    0.6511   -6022.4431  0.2662 
   00944    0.6389   -6056.6052  0.2699 
   00945    0.6489   -6076.6443  0.2741 
   00946    0.6400   -6122.5927  0.2693 
   00947    0.6456   -6176.8621  0.2613 
   00948    0.6478   -6332.7438  0.2618 
   00949    0.6567   -6255.0200  0.2614 
   00950    0.6411   -6263.4022  0.2632 
   00951    0.6089   -6233.8997  0.2558 
   00952    0.6444   -6156.0444  0.2593 
   00953    0.6422   -6198.8967  0.2596 
   00954    0.6344   -6167.8063  0.2637 
   00955    0.6122   -6121.0195  0.2662 
   00956    0.6344   -6189.0422  0.2683 
   00957    0.6556   -6150.9737  0.2658 
   00958    0.6200   -6048.5222  0.2647 
   00959    0.6444   -5996.8943  0.2599 
   00960    0.6411   -5914.2208  0.2553 
   00961    0.6322   -5973.0290  0.2549 
   00962    0.6644   -5988.1498  0.2557 
   00963    0.6567   -5999.5394  0.2583 
   00964    0.6522   -6026.9397  0.2630 
   00965    0.6467   -6117.5450  0.2690 
   00966    0.6333   -6005.5743  0.2653 
   00967    0.6789   -6013.1017  0.2612 
   00968    0.6811   -5996.4466  0.2590 
   00969    0.6556   -5970.1689  0.2572 
   00970    0.6533   -6003.7509  0.2594 
   00971    0.6544   -5880.5495  0.2567 
   00972    0.6467   -5877.0854  0.2523 
   00973    0.6478   -5847.2919  0.2593 
   00974    0.6622   -5877.8823  0.2605 
   00975    0.6678   -5916.8211  0.2651 
   00976    0.6556   -5937.1177  0.2726 
   00977    0.6478   -5971.6969  0.2688 
   00978    0.6567   -6037.0866  0.2627 
   00979    0.6400   -6078.8013  0.2615 
   00980    0.6522   -6046.7904  0.2619 
   00981    0.6244   -6044.9266  0.2645 
   00982    0.6478   -6061.0207  0.2630 
   00983    0.6322   -6114.8822  0.2628 
   00984    0.6489   -6186.9153  0.2592 
   00985    0.6633   -6177.8178  0.2534 
   00986    0.6511   -6085.9569  0.2513 
   00987    0.6411   -5943.7318  0.2549 
   00988    0.6689   -5947.8837  0.2537 
   00989    0.6656   -5938.8078  0.2606 
   00990    0.6756   -6051.4665  0.2593 
   00991    0.6522   -5988.4956  0.2580 
   00992    0.6467   -6034.5219  0.2538 
   00993    0.6533   -6114.4203  0.2568 
   00994    0.6378   -6146.7769  0.2585 
   00995    0.6367   -6100.7027  0.2596 
   00996    0.6400   -6140.7418  0.2625 
   00997    0.6344   -6125.2907  0.2656 
   00998    0.6556   -6047.2870  0.2638 
   00999    0.6533   -6059.4655  0.2657 
   01000    0.6567   -6070.2934  0.2696 
