#=====================================================
# File created:        Mon-06-Nov-2023-at-03-20-51PM
# Size of lattice:     80x80
# Number of MC steps:  1000
# Reduced temperature: 0.200
# Run time (s):        36.245802
#=====================================================
# MC step:  Ratio:     Energy:   Order:
#=====================================================
   00000    0.5000   -6378.9624  0.2621 
   00001    0.6675   -8426.6062  0.2641 
   00002    0.6464  -10194.7630  0.2643 
   00003    0.6338  -11761.7933  0.2667 
   00004    0.6222  -13021.1442  0.2645 
   00005    0.5983  -14213.4371  0.2648 
   00006    0.5736  -15115.4083  0.2662 
   00007    0.5706  -15938.4561  0.2665 
   00008    0.5753  -16650.8099  0.2712 
   00009    0.5458  -17325.8043  0.2744 
   00010    0.5553  -17941.1496  0.2756 
   00011    0.5431  -18422.0988  0.2766 
   00012    0.5337  -18840.5561  0.2774 
   00013    0.5242  -19209.5286  0.2802 
   00014    0.5261  -19555.1325  0.2779 
   00015    0.5231  -19830.1315  0.2767 
   00016    0.5102  -20049.9375  0.2791 
   00017    0.5156  -20303.2342  0.2799 
   00018    0.5138  -20527.2106  0.2808 
   00019    0.5188  -20723.8714  0.2800 
   00020    0.4944  -20880.2171  0.2794 
   00021    0.4958  -21057.4306  0.2813 
   00022    0.5059  -21220.8111  0.2808 
   00023    0.4959  -21325.7160  0.2806 
   00024    0.5000  -21446.4607  0.2824 
   00025    0.4942  -21576.2855  0.2830 
   00026    0.5042  -21654.1773  0.2832 
   00027    0.4936  -21784.2480  0.2833 
   00028    0.4948  -21860.6660  0.2834 
   00029    0.4906  -21936.9359  0.2856 
   00030    0.4839  -22021.6947  0.2883 
   00031    0.4895  -22085.9090  0.2870 
   00032    0.4883  -22141.5765  0.2871 
   00033    0.4948  -22157.6350  0.2878 
   00034    0.4833  -22211.2118  0.2873 
   00035    0.4911  -22262.0415  0.2879 
   00036    0.4950  -22311.0382  0.2883 
   00037    0.4748  -22383.5727  0.2881 
   00038    0.4728  -22405.0336  0.2895 
   00039    0.4864  -22441.9604  0.2902 
   00040    0.4803  -22500.4229  0.2909 
   00041    0.4852  -22553.4406  0.2895 
   00042    0.4775  -22564.6651  0.2898 
   00043    0.4900  -22596.7865  0.2927 
   00044    0.4850  -22630.5850  0.2939 
   00045    0.4941  -22653.1057  0.2936 
   00046    0.4853  -22687.8690  0.2949 
   00047    0.4783  -22717.6497  0.2952 
   00048    0.4788  -22742.9815  0.2956 
   00049    0.4703  -22767.9779  0.2958 
   00050    0.4756  -22804.8554  0.2972 
   00051    0.4673  -22833.3427  0.2962 
   00052    0.4797  -22848.3252  0.2975 
   00053    0.4789  -22863.1139  0.2959 
   00054    0.4763  -22864.8666  0.2958 
   00055    0.4747  -22931.9395  0.2956 
   00056    0.4786  -22969.4412  0.2953 
   00057    0.4811  -22961.7591  0.2969 
   00058    0.4778  -23022.4184  0.2964 
   00059    0.4675  -23028.5364  0.2993 
   00060    0.4814  -23070.7543  0.2990 
   00061    0.4853  -23051.8251  0.3001 
   00062    0.4884  -23049.7047  0.2980 
   00063    0.4848  -23045.8930  0.2999 
   00064    0.4841  -23076.8943  0.3000 
   00065    0.4789  -23092.2058  0.3025 
   00066    0.4802  -23092.5056  0.3032 
   00067    0.4784  -23122.8529  0.3040 
   00068    0.4794  -23126.7477  0.3029 
   00069    0.4800  -23127.6075  0.3008 
   00070    0.4766  -23161.6079  0.3020 
   00071    0.4798  -23207.6208  0.3027 
   00072    0.4847  -23215.4199  0.3033 
   00073    0.4753  -23218.5663  0.3037 
   00074    0.4808  -23230.4926  0.3039 
   00075    0.4702  -23230.3856  0.3030 
   00076    0.4717  -23247.5801  0.3030 
   00077    0.4697  -23251.7473  0.3054 
   00078    0.4748  -23260.8253  0.3081 
   00079    0.4713  -23271.4916  0.3077 
   00080    0.4723  -23281.1971  0.3088 
   00081    0.4750  -23302.1079  0.3097 
   00082    0.4869  -23294.8436  0.3096 
   00083    0.4703  -23299.8039  0.3107 
   00084    0.4816  -23333.7476  0.3114 
   00085    0.4669  -23352.1457  0.3147 
   00086    0.4720  -23305.7055  0.3158 
   00087    0.4672  -23325.8714  0.3178 
   00088    0.4747  -23327.8438  0.3187 
   00089    0.4809  -23320.4348  0.3190 
   00090    0.4634  -23322.9723  0.3198 
   00091    0.4789  -23325.4622  0.3188 
   00092    0.4805  -23326.7887  0.3174 
   00093    0.4830  -23347.1640  0.3191 
   00094    0.4694  -23352.5977  0.3211 
   00095    0.4761  -23361.1098  0.3209 
   00096    0.4809  -23352.5105  0.3225 
   00097    0.4723  -23325.8269  0.3190 
   00098    0.4702  -23350.4694  0.3224 
   00099    0.4797  -23374.5749  0.3231 
   00100    0.4716  -23384.9390  0.3232 
   00101    0.4700  -23394.4201  0.3234 
   00102    0.4781  -23407.5447  0.3236 
   00103    0.4694  -23434.9639  0.3222 
   00104    0.4700  -23409.4689  0.3202 
   00105    0.4789  -23389.8891  0.3181 
   00106    0.4813  -23388.2225  0.3199 
   00107    0.4741  -23411.0423  0.3214 
   00108    0.4628  -23431.3768  0.3222 
   00109    0.4758  -23448.0423  0.3231 
   00110    0.4798  -23457.4469  0.3227 
   00111    0.4639  -23462.2810  0.3255 
   00112    0.4594  -23456.7531  0.3253 
   00113    0.4592  -23463.4432  0.3241 
   00114    0.4730  -23454.4404  0.3231 
   00115    0.4827  -23426.2403  0.3249 
   00116    0.4670  -23457.6543  0.3251 
   00117    0.4725  -23451.8945  0.3262 
   00118    0.4692  -23457.2214  0.3292 
   00119    0.4733  -23456.2989  0.3294 
   00120    0.4720  -23475.2993  0.3315 
   00121    0.4662  -23485.4093  0.3307 
   00122    0.4627  -23463.6132  0.3311 
   00123    0.4716  -23433.8180  0.3311 
   00124    0.4709  -23429.6237  0.3294 
   00125    0.4692  -23451.5175  0.3286 
   00126    0.4644  -23441.5230  0.3290 
   00127    0.4772  -23471.3219  0.3288 
   00128    0.4558  -23498.2564  0.3302 
   00129    0.4642  -23513.5154  0.3311 
   00130    0.4667  -23530.7281  0.3323 
   00131    0.4733  -23503.1723  0.3319 
   00132    0.4713  -23482.4704  0.3321 
   00133    0.4644  -23518.3933  0.3340 
   00134    0.4648  -23517.7077  0.3348 
   00135    0.4656  -23519.0089  0.3359 
   00136    0.4811  -23501.3010  0.3382 
   00137    0.4539  -23522.4323  0.3387 
   00138    0.4763  -23512.2844  0.3392 
   00139    0.4802  -23495.3319  0.3409 
   00140    0.4734  -23507.5544  0.3367 
   00141    0.4758  -23507.8197  0.3378 
   00142    0.4752  -23507.7258  0.3402 
   00143    0.4734  -23497.4552  0.3369 
   00144    0.4736  -23520.0569  0.3391 
   00145    0.4756  -23542.4549  0.3409 
   00146    0.4728  -23590.8100  0.3415 
   00147    0.4764  -23599.0851  0.3410 
   00148    0.4637  -23579.9409  0.3375 
   00149    0.4683  -23575.3333  0.3366 
   00150    0.4692  -23599.9630  0.3369 
   00151    0.4783  -23591.4133  0.3373 
   00152    0.4711  -23606.4385  0.3365 
   00153    0.4691  -23574.4863  0.3361 
   00154    0.4630  -23599.7415  0.3345 
   00155    0.4738  -23591.9434  0.3365 
   00156    0.4717  -23606.3522  0.3378 
   00157    0.4717  -23600.0642  0.3408 
   00158    0.4772  -23583.8870  0.3419 
   00159    0.4636  -23594.5499  0.3417 
   00160    0.4723  -23604.6448  0.3418 
   00161    0.4714  -23595.1446  0.3442 
   00162    0.4723  -23598.1558  0.3423 
   00163    0.4720  -23602.2751  0.3428 
   00164    0.4781  -23639.2139  0.3446 
   00165    0.4706  -23644.5835  0.3466 
   00166    0.4642  -23636.4803  0.3451 
   00167    0.4678  -23617.0829  0.3441 
   00168    0.4714  -23596.6420  0.3413 
   00169    0.4781  -23616.1159  0.3421 
   00170    0.4755  -23614.0247  0.3429 
   00171    0.4684  -23623.1786  0.3424 
   00172    0.4700  -23598.0569  0.3425 
   00173    0.4783  -23640.3384  0.3410 
   00174    0.4555  -23659.5156  0.3411 
   00175    0.4664  -23627.9632  0.3392 
   00176    0.4748  -23661.1659  0.3405 
   00177    0.4698  -23633.7169  0.3409 
   00178    0.4664  -23637.7308  0.3397 
   00179    0.4666  -23654.6408  0.3418 
   00180    0.4667  -23655.9906  0.3411 
   00181    0.4748  -23618.4763  0.3415 
   00182    0.4688  -23649.1728  0.3424 
   00183    0.4683  -23647.3503  0.3444 
   00184    0.4680  -23646.0977  0.3468 
   00185    0.4639  -23619.6020  0.3488 
   00186    0.4703  -23626.2127  0.3463 
   00187    0.4658  -23640.3374  0.3456 
   00188    0.4586  -23661.1444  0.3480 
   00189    0.4761  -23666.2255  0.3476 
   00190    0.4766  -23670.8279  0.3492 
   00191    0.4664  -23669.1350  0.3510 
   00192    0.4781  -23680.0753  0.3513 
   00193    0.4706  -23653.3631  0.3530 
   00194    0.4606  -23633.8789  0.3537 
   00195    0.4641  -23641.0787  0.3538 
   00196    0.4662  -23662.7754  0.3557 
   00197    0.4652  -23654.7262  0.3595 
   00198    0.4772  -23664.4115  0.3597 
   00199    0.4683  -23673.3779  0.3582 
   00200    0.4702  -23677.6824  0.3586 
   00201    0.4803  -23664.3195  0.3591 
   00202    0.4683  -23674.9651  0.3571 
   00203    0.4808  -23669.6112  0.3574 
   00204    0.4706  -23680.7076  0.3598 
   00205    0.4769  -23690.7220  0.3582 
   00206    0.4680  -23670.4470  0.3588 
   00207    0.4750  -23681.0333  0.3576 
   00208    0.4748  -23697.2541  0.3578 
   00209    0.4628  -23733.3201  0.3607 
   00210    0.4648  -23758.5018  0.3599 
   00211    0.4733  -23771.8292  0.3585 
   00212    0.4659  -23735.6298  0.3588 
   00213    0.4681  -23715.6386  0.3598 
   00214    0.4759  -23730.5872  0.3616 
   00215    0.4597  -23744.1963  0.3616 
   00216    0.4767  -23728.5623  0.3604 
   00217    0.4661  -23716.4168  0.3621 
   00218    0.4644  -23713.9976  0.3630 
   00219    0.4700  -23672.5587  0.3628 
   00220    0.4675  -23727.3588  0.3626 
   00221    0.4664  -23741.6488  0.3630 
   00222    0.4500  -23730.2079  0.3652 
   00223    0.4723  -23744.1884  0.3659 
   00224    0.4650  -23748.7029  0.3623 
   00225    0.4819  -23741.3034  0.3603 
   00226    0.4627  -23765.6002  0.3627 
   00227    0.4683  -23754.9191  0.3631 
   00228    0.4612  -23761.7376  0.3625 
   00229    0.4545  -23740.8822  0.3648 
   00230    0.4725  -23754.4346  0.3648 
   00231    0.4661  -23741.5242  0.3650 
   00232    0.4633  -23761.6008  0.3629 
   00233    0.4698  -23768.8750  0.3642 
   00234    0.4625  -23767.0308  0.3646 
   00235    0.4645  -23767.3826  0.3659 
   00236    0.4716  -23791.1411  0.3667 
   00237    0.4706  -23786.6996  0.3683 
   00238    0.4697  -23786.3569  0.3675 
   00239    0.4756  -23792.1843  0.3673 
   00240    0.4612  -23794.2953  0.3670 
   00241    0.4622  -23770.7279  0.3666 
   00242    0.4698  -23779.8640  0.3669 
   00243    0.4600  -23777.1609  0.3659 
   00244    0.4670  -23784.1464  0.3656 
   00245    0.4600  -23778.1336  0.3670 
   00246    0.4738  -23798.8128  0.3642 
   00247    0.4597  -23783.1972  0.3618 
   00248    0.4645  -23803.3388  0.3628 
   00249    0.4738  -23801.9603  0.3618 
   00250    0.4756  -23812.2609  0.3637 
   00251    0.4691  -23813.3791  0.3637 
   00252    0.4648  -23819.0946  0.3640 
   00253    0.4669  -23806.2402  0.3634 
   00254    0.4675  -23779.5290  0.3636 
   00255    0.4659  -23784.6421  0.3632 
   00256    0.4692  -23760.3038  0.3607 
   00257    0.4734  -23773.3819  0.3620 
   00258    0.4669  -23776.1951  0.3620 
   00259    0.4711  -23768.3900  0.3640 
   00260    0.4695  -23782.5998  0.3642 
   00261    0.4630  -23807.2287  0.3623 
   00262    0.4641  -23786.3567  0.3618 
   00263    0.4566  -23838.2040  0.3646 
   00264    0.4603  -23829.0677  0.3698 
   00265    0.4617  -23827.8488  0.3681 
   00266    0.4661  -23822.7018  0.3713 
   00267    0.4719  -23824.3137  0.3704 
   00268    0.4658  -23839.1319  0.3690 
   00269    0.4678  -23840.5402  0.3720 
   00270    0.4653  -23818.3742  0.3734 
   00271    0.4686  -23822.5780  0.3745 
   00272    0.4561  -23826.9890  0.3732 
   00273    0.4731  -23846.0354  0.3754 
   00274    0.4692  -23823.2186  0.3756 
   00275    0.4645  -23826.6593  0.3759 
   00276    0.4631  -23837.7416  0.3759 
   00277    0.4688  -23836.1659  0.3747 
   00278    0.4541  -23834.4498  0.3749 
   00279    0.4655  -23854.4804  0.3763 
   00280    0.4708  -23856.0277  0.3762 
   00281    0.4727  -23830.7737  0.3757 
   00282    0.4567  -23849.6897  0.3772 
   00283    0.4587  -23851.6345  0.3766 
   00284    0.4705  -23854.9665  0.3762 
   00285    0.4680  -23872.4921  0.3736 
   00286    0.4731  -23868.8558  0.3754 
   00287    0.4689  -23841.8497  0.3775 
   00288    0.4719  -23851.7578  0.3759 
   00289    0.4702  -23855.4073  0.3760 
   00290    0.4603  -23876.9911  0.3755 
   00291    0.4655  -23882.5600  0.3754 
   00292    0.4619  -23879.6214  0.3751 
   00293    0.4627  -23864.0575  0.3770 
   00294    0.4670  -23856.6234  0.3758 
   00295    0.4637  -23832.7815  0.3762 
   00296    0.4553  -23846.9009  0.3780 
   00297    0.4666  -23844.1557  0.3783 
   00298    0.4669  -23844.9777  0.3791 
   00299    0.4530  -23835.8405  0.3818 
   00300    0.4713  -23861.6604  0.3826 
   00301    0.4634  -23851.2421  0.3815 
   00302    0.4653  -23873.8450  0.3810 
   00303    0.4512  -23868.2102  0.3827 
   00304    0.4609  -23855.0927  0.3841 
   00305    0.4759  -23891.0117  0.3840 
   00306    0.4642  -23886.2320  0.3814 
   00307    0.4733  -23887.7645  0.3804 
   00308    0.4714  -23864.1721  0.3825 
   00309    0.4662  -23879.9899  0.3834 
   00310    0.4692  -23887.4443  0.3831 
   00311    0.4500  -23889.3083  0.3812 
   00312    0.4681  -23888.1220  0.3828 
   00313    0.4692  -23886.6179  0.3831 
   00314    0.4723  -23889.9265  0.3832 
   00315    0.4555  -23922.4752  0.3838 
   00316    0.4736  -23941.1482  0.3852 
   00317    0.4667  -23932.4725  0.3857 
   00318    0.4659  -23939.5603  0.3852 
   00319    0.4445  -23935.0773  0.3847 
   00320    0.4486  -23908.4292  0.3868 
   00321    0.4672  -23897.0943  0.3853 
   00322    0.4558  -23915.1219  0.3856 
   00323    0.4673  -23943.4611  0.3836 
   00324    0.4767  -23941.5763  0.3818 
   00325    0.4534  -23947.7237  0.3830 
   00326    0.4689  -23936.7951  0.3797 
   00327    0.4627  -23939.5684  0.3792 
   00328    0.4719  -23944.8983  0.3770 
   00329    0.4592  -23955.8501  0.3762 
   00330    0.4564  -23956.0508  0.3752 
   00331    0.4758  -23938.7093  0.3743 
   00332    0.4714  -23938.3716  0.3757 
   00333    0.4644  -23946.9001  0.3749 
   00334    0.4627  -23930.2794  0.3751 
   00335    0.4647  -23948.1750  0.3755 
   00336    0.4564  -23958.9700  0.3746 
   00337    0.4670  -23953.2583  0.3750 
   00338    0.4577  -23975.6489  0.3742 
   00339    0.4683  -23977.1156  0.3744 
   00340    0.4619  -23982.6460  0.3759 
   00341    0.4577  -23975.1344  0.3762 
   00342    0.4566  -23957.7386  0.3765 
   00343    0.4672  -23952.2570  0.3780 
   00344    0.4697  -23947.2448  0.3789 
   00345    0.4655  -23948.6008  0.3796 
   00346    0.4622  -23947.4868  0.3787 
   00347    0.4658  -23945.9372  0.3803 
   00348    0.4692  -23938.8618  0.3789 
   00349    0.4717  -23924.5034  0.3796 
   00350    0.4692  -23935.8963  0.3789 
   00351    0.4636  -23928.0447  0.3813 
   00352    0.4666  -23965.2887  0.3825 
   00353    0.4670  -23952.3333  0.3826 
   00354    0.4653  -23981.7333  0.3851 
   00355    0.4500  -23938.2992  0.3843 
   00356    0.4709  -23937.7861  0.3863 
   00357    0.4548  -23929.1039  0.3857 
   00358    0.4881  -23952.1187  0.3855 
   00359    0.4625  -23938.3130  0.3840 
   00360    0.4681  -23944.8301  0.3857 
   00361    0.4597  -23980.1353  0.3853 
   00362    0.4628  -23972.2537  0.3861 
   00363    0.4697  -23996.3664  0.3890 
   00364    0.4681  -23993.9765  0.3886 
   00365    0.4759  -24000.0609  0.3885 
   00366    0.4667  -24001.0885  0.3898 
   00367    0.4731  -23977.9076  0.3901 
   00368    0.4664  -23979.7013  0.3883 
   00369    0.4734  -23941.6782  0.3904 
   00370    0.4534  -23962.5495  0.3889 
   00371    0.4742  -23971.9952  0.3883 
   00372    0.4636  -23971.7921  0.3864 
   00373    0.4653  -23962.2782  0.3860 
   00374    0.4659  -23954.9245  0.3889 
   00375    0.4738  -23942.0254  0.3917 
   00376    0.4691  -23958.1855  0.3919 
   00377    0.4566  -24007.5035  0.3905 
   00378    0.4734  -23997.4943  0.3908 
   00379    0.4602  -24013.8563  0.3921 
   00380    0.4752  -24007.1147  0.3928 
   00381    0.4714  -23991.4010  0.3963 
   00382    0.4750  -23984.2472  0.3953 
   00383    0.4623  -23975.7488  0.3974 
   00384    0.4692  -23974.0165  0.3986 
   00385    0.4609  -23980.9122  0.3982 
   00386    0.4717  -23983.3742  0.3966 
   00387    0.4664  -23998.6169  0.3987 
   00388    0.4531  -23992.1606  0.3997 
   00389    0.4695  -24004.1694  0.4009 
   00390    0.4697  -24004.4486  0.4016 
   00391    0.4670  -23980.7113  0.4006 
   00392    0.4597  -23999.4945  0.3988 
   00393    0.4587  -23995.8705  0.3979 
   00394    0.4648  -23987.4328  0.3982 
   00395    0.4705  -23963.5765  0.3964 
   00396    0.4530  -23964.0479  0.3952 
   00397    0.4698  -23954.2808  0.3966 
   00398    0.4558  -23959.9353  0.3959 
   00399    0.4691  -23975.0504  0.3965 
   00400    0.4555  -23992.0908  0.3927 
   00401    0.4777  -23983.1988  0.3925 
   00402    0.4620  -23972.4811  0.3922 
   00403    0.4666  -23978.5405  0.3937 
   00404    0.4633  -23981.3820  0.3936 
   00405    0.4612  -23986.6287  0.3953 
   00406    0.4620  -24012.3267  0.3966 
   00407    0.4639  -24017.4140  0.3985 
   00408    0.4734  -23998.0282  0.3969 
   00409    0.4627  -23983.9296  0.3961 
   00410    0.4748  -24002.7599  0.3954 
   00411    0.4617  -24000.8101  0.3960 
   00412    0.4672  -24023.0384  0.3956 
   00413    0.4686  -23997.0078  0.3935 
   00414    0.4617  -23997.0162  0.3922 
   00415    0.4580  -24001.7941  0.3939 
   00416    0.4597  -23968.1343  0.3943 
   00417    0.4561  -23998.5654  0.3948 
   00418    0.4637  -24003.0736  0.3944 
   00419    0.4598  -23974.9080  0.3958 
   00420    0.4658  -23952.0911  0.3968 
   00421    0.4661  -23962.2568  0.3972 
   00422    0.4841  -23967.1475  0.4004 
   00423    0.4630  -23947.5662  0.3992 
   00424    0.4692  -23958.0466  0.3976 
   00425    0.4738  -23986.9169  0.3961 
   00426    0.4598  -24009.7482  0.3957 
   00427    0.4620  -24008.6194  0.3979 
   00428    0.4598  -24000.1105  0.3985 
   00429    0.4684  -24014.9335  0.3982 
   00430    0.4727  -24007.0634  0.3981 
   00431    0.4695  -24023.7651  0.3965 
   00432    0.4661  -24023.2718  0.3970 
   00433    0.4680  -24028.1635  0.3958 
   00434    0.4508  -24013.7675  0.3957 
   00435    0.4511  -24034.7724  0.3945 
   00436    0.4686  -24004.0462  0.3933 
   00437    0.4691  -24008.8219  0.3932 
   00438    0.4586  -24005.8879  0.3926 
   00439    0.4675  -24005.6606  0.3919 
   00440    0.4653  -24018.2288  0.3939 
   00441    0.4577  -24001.7924  0.3949 
   00442    0.4627  -23984.3529  0.3934 
   00443    0.4750  -23963.1448  0.3962 
   00444    0.4861  -23953.2287  0.3929 
   00445    0.4758  -23955.1057  0.3939 
   00446    0.4670  -24003.1387  0.3957 
   00447    0.4691  -24005.1611  0.3926 
   00448    0.4542  -23986.1930  0.3911 
   00449    0.4625  -23986.9790  0.3879 
   00450    0.4689  -24026.0516  0.3841 
   00451    0.4653  -24043.7597  0.3846 
   00452    0.4705  -24040.6312  0.3849 
   00453    0.4688  -24052.5819  0.3839 
   00454    0.4616  -24038.5765  0.3838 
   00455    0.4603  -24010.7761  0.3830 
   00456    0.4756  -24038.2089  0.3834 
   00457    0.4717  -24044.5450  0.3848 
   00458    0.4594  -24008.7202  0.3862 
   00459    0.4561  -24011.3720  0.3863 
   00460    0.4728  -23992.4444  0.3836 
   00461    0.4573  -23986.7908  0.3825 
   00462    0.4678  -24055.3501  0.3834 
   00463    0.4498  -24034.6912  0.3851 
   00464    0.4686  -24026.3983  0.3839 
   00465    0.4764  -23995.2237  0.3864 
   00466    0.4659  -23994.7641  0.3855 
   00467    0.4661  -24003.3754  0.3838 
   00468    0.4698  -23981.6563  0.3813 
   00469    0.4589  -23985.4055  0.3817 
   00470    0.4578  -23992.5730  0.3823 
   00471    0.4539  -24009.1346  0.3825 
   00472    0.4703  -24008.7792  0.3852 
   00473    0.4734  -23998.9372  0.3839 
   00474    0.4675  -23998.0427  0.3831 
   00475    0.4761  -24004.4185  0.3828 
   00476    0.4578  -23998.4743  0.3839 
   00477    0.4552  -24004.8751  0.3862 
   00478    0.4616  -24009.1232  0.3905 
   00479    0.4577  -23996.6065  0.3900 
   00480    0.4536  -24011.7144  0.3911 
   00481    0.4627  -24006.7177  0.3909 
   00482    0.4606  -24019.5713  0.3892 
   00483    0.4639  -24053.7446  0.3889 
   00484    0.4567  -24050.4629  0.3871 
   00485    0.4594  -24046.8528  0.3880 
   00486    0.4784  -24029.1253  0.3904 
   00487    0.4684  -24036.7775  0.3861 
   00488    0.4544  -24038.9753  0.3877 
   00489    0.4511  -24045.0465  0.3866 
   00490    0.4733  -24028.7354  0.3878 
   00491    0.4670  -24027.5274  0.3880 
   00492    0.4678  -24019.1936  0.3876 
   00493    0.4786  -24014.4143  0.3873 
   00494    0.4686  -24007.1109  0.3891 
   00495    0.4680  -23975.7033  0.3888 
   00496    0.4631  -23975.8071  0.3865 
   00497    0.4631  -23975.7560  0.3862 
   00498    0.4698  -24002.0126  0.3870 
   00499    0.4625  -24034.1304  0.3864 
   00500    0.4661  -23994.0148  0.3864 
   00501    0.4759  -23994.7414  0.3858 
   00502    0.4681  -24008.1795  0.3854 
   00503    0.4677  -24030.8303  0.3868 
   00504    0.4720  -24017.1697  0.3866 
   00505    0.4614  -24020.8941  0.3865 
   00506    0.4719  -24022.5849  0.3836 
   00507    0.4592  -24005.1957  0.3840 
   00508    0.4469  -24014.8231  0.3827 
   00509    0.4627  -24003.7780  0.3839 
   00510    0.4600  -24002.5372  0.3837 
   00511    0.4609  -23975.6667  0.3856 
   00512    0.4702  -23995.5878  0.3846 
   00513    0.4573  -24014.0569  0.3869 
   00514    0.4584  -24007.6246  0.3849 
   00515    0.4619  -24026.0794  0.3847 
   00516    0.4744  -24028.8683  0.3837 
   00517    0.4705  -24012.7700  0.3808 
   00518    0.4628  -24010.0282  0.3845 
   00519    0.4672  -23999.7770  0.3850 
   00520    0.4716  -24021.8921  0.3875 
   00521    0.4509  -24029.2422  0.3853 
   00522    0.4706  -24054.0237  0.3870 
   00523    0.4612  -24074.5279  0.3880 
   00524    0.4642  -24072.0401  0.3866 
   00525    0.4597  -24072.0213  0.3872 
   00526    0.4680  -24049.4115  0.3901 
   00527    0.4753  -24035.5304  0.3891 
   00528    0.4666  -24050.1910  0.3897 
   00529    0.4761  -24056.3162  0.3901 
   00530    0.4756  -24033.8730  0.3895 
   00531    0.4647  -24017.3466  0.3875 
   00532    0.4625  -24051.1177  0.3894 
   00533    0.4616  -24009.3999  0.3871 
   00534    0.4598  -23989.6577  0.3884 
   00535    0.4597  -24003.9204  0.3916 
   00536    0.4738  -24017.7424  0.3924 
   00537    0.4633  -24047.1468  0.3891 
   00538    0.4537  -24048.8021  0.3899 
   00539    0.4522  -24055.9223  0.3864 
   00540    0.4620  -24071.6729  0.3877 
   00541    0.4647  -24076.6246  0.3861 
   00542    0.4623  -24070.6719  0.3876 
   00543    0.4655  -24050.5774  0.3853 
   00544    0.4642  -24016.9174  0.3834 
   00545    0.4634  -24017.3642  0.3850 
   00546    0.4714  -24043.8223  0.3857 
   00547    0.4694  -24035.6594  0.3849 
   00548    0.4573  -24020.5634  0.3852 
   00549    0.4711  -24039.8620  0.3874 
   00550    0.4608  -24078.3344  0.3872 
   00551    0.4595  -24076.5643  0.3863 
   00552    0.4645  -24069.6696  0.3857 
   00553    0.4647  -24077.8886  0.3839 
   00554    0.4653  -24037.2091  0.3837 
   00555    0.4467  -24047.4699  0.3844 
   00556    0.4636  -24039.6252  0.3836 
   00557    0.4612  -24015.5347  0.3864 
   00558    0.4628  -24027.2856  0.3876 
   00559    0.4608  -24041.6445  0.3868 
   00560    0.4686  -24053.5293  0.3888 
   00561    0.4652  -24050.4496  0.3874 
   00562    0.4658  -24067.5343  0.3875 
   00563    0.4520  -24064.3446  0.3881 
   00564    0.4705  -24055.4275  0.3898 
   00565    0.4689  -24072.9018  0.3917 
   00566    0.4656  -24050.6191  0.3929 
   00567    0.4612  -24028.5356  0.3933 
   00568    0.4681  -24019.1331  0.3933 
   00569    0.4561  -24033.6171  0.3926 
   00570    0.4547  -24051.6538  0.3906 
   00571    0.4658  -24041.7145  0.3923 
   00572    0.4652  -24036.7313  0.3887 
   00573    0.4667  -24025.9852  0.3901 
   00574    0.4666  -23986.4395  0.3883 
   00575    0.4684  -24009.0599  0.3871 
   00576    0.4639  -23989.3161  0.3867 
   00577    0.4608  -23980.0901  0.3860 
   00578    0.4752  -24002.1753  0.3847 
   00579    0.4705  -24045.1995  0.3839 
   00580    0.4622  -24050.3241  0.3857 
   00581    0.4713  -24035.4769  0.3868 
   00582    0.4608  -24025.3158  0.3880 
   00583    0.4622  -24026.9140  0.3876 
   00584    0.4670  -24009.2839  0.3857 
   00585    0.4669  -24025.7684  0.3861 
   00586    0.4673  -24031.0017  0.3845 
   00587    0.4705  -24037.3045  0.3852 
   00588    0.4677  -24017.4051  0.3870 
   00589    0.4608  -24022.0691  0.3868 
   00590    0.4602  -24003.1990  0.3848 
   00591    0.4688  -24017.7617  0.3866 
   00592    0.4619  -24038.2473  0.3882 
   00593    0.4608  -24031.4717  0.3892 
   00594    0.4523  -24027.2878  0.3933 
   00595    0.4648  -24015.8063  0.3944 
   00596    0.4670  -24012.5001  0.3905 
   00597    0.4548  -24025.6021  0.3926 
   00598    0.4689  -24044.0952  0.3942 
   00599    0.4645  -24033.8846  0.3965 
   00600    0.4600  -24056.7423  0.3992 
   00601    0.4716  -24040.4569  0.4009 
   00602    0.4680  -24055.0265  0.4006 
   00603    0.4692  -24047.8367  0.3996 
   00604    0.4703  -24071.7447  0.4020 
   00605    0.4623  -24046.3618  0.4025 
   00606    0.4658  -24063.8361  0.4050 
   00607    0.4617  -24039.9500  0.4056 
   00608    0.4698  -24012.2888  0.4051 
   00609    0.4723  -24039.3533  0.4051 
   00610    0.4692  -24037.0811  0.4059 
   00611    0.4688  -24049.8145  0.4073 
   00612    0.4533  -24081.6928  0.4084 
   00613    0.4695  -24059.6083  0.4073 
   00614    0.4606  -24083.3603  0.4066 
   00615    0.4586  -24076.9396  0.4052 
   00616    0.4578  -24062.6418  0.4067 
   00617    0.4711  -24038.2377  0.4059 
   00618    0.4645  -24028.8240  0.4074 
   00619    0.4637  -24052.9164  0.4069 
   00620    0.4805  -24060.2048  0.4082 
   00621    0.4589  -24054.1360  0.4077 
   00622    0.4725  -24044.6450  0.4076 
   00623    0.4691  -24023.7544  0.4088 
   00624    0.4648  -24064.7195  0.4078 
   00625    0.4639  -24038.3248  0.4066 
   00626    0.4684  -24047.2091  0.4074 
   00627    0.4736  -24040.1108  0.4068 
   00628    0.4673  -24049.2434  0.4073 
   00629    0.4631  -24058.0766  0.4056 
   00630    0.4575  -24041.6157  0.4063 
   00631    0.4631  -24039.6927  0.4064 
   00632    0.4508  -24068.3234  0.4029 
   00633    0.4662  -24099.3665  0.4033 
   00634    0.4681  -24089.5108  0.4021 
   00635    0.4711  -24067.0769  0.4017 
   00636    0.4652  -24067.9114  0.4033 
   00637    0.4683  -24068.6982  0.4029 
   00638    0.4620  -24061.2157  0.4047 
   00639    0.4594  -24052.4217  0.4017 
   00640    0.4834  -24052.6809  0.4019 
   00641    0.4667  -24074.7056  0.4034 
   00642    0.4605  -24042.4294  0.4036 
   00643    0.4530  -24029.5340  0.4052 
   00644    0.4664  -24033.6476  0.4059 
   00645    0.4817  -24030.9964  0.4065 
   00646    0.4636  -24014.4996  0.4046 
   00647    0.4644  -24003.1475  0.4041 
   00648    0.4650  -24012.1498  0.4068 
   00649    0.4562  -24009.9908  0.4066 
   00650    0.4675  -24014.5183  0.4075 
   00651    0.4658  -24023.2846  0.4082 
   00652    0.4644  -23992.5686  0.4086 
   00653    0.4633  -24037.2336  0.4083 
   00654    0.4667  -24054.9198  0.4089 
   00655    0.4587  -24057.5063  0.4099 
   00656    0.4678  -24060.9859  0.4094 
   00657    0.4734  -24037.1707  0.4076 
   00658    0.4630  -24060.2932  0.4071 
   00659    0.4656  -24070.8263  0.4073 
   00660    0.4689  -24055.9049  0.4088 
   00661    0.4694  -24039.9520  0.4070 
   00662    0.4700  -24059.8967  0.4092 
   00663    0.4695  -24030.3173  0.4071 
   00664    0.4534  -24039.6157  0.4081 
   00665    0.4573  -24043.4762  0.4094 
   00666    0.4778  -24031.2122  0.4093 
   00667    0.4627  -24041.6604  0.4091 
   00668    0.4591  -24055.5698  0.4103 
   00669    0.4581  -24052.5730  0.4098 
   00670    0.4587  -24069.6171  0.4100 
   00671    0.4681  -24074.8835  0.4107 
   00672    0.4633  -24035.7731  0.4100 
   00673    0.4586  -24057.0293  0.4097 
   00674    0.4678  -24064.5213  0.4099 
   00675    0.4605  -24043.0780  0.4098 
   00676    0.4688  -24042.5634  0.4097 
   00677    0.4550  -24032.9833  0.4070 
   00678    0.4677  -24040.6543  0.4046 
   00679    0.4611  -24048.1691  0.4046 
   00680    0.4784  -24064.8221  0.4062 
   00681    0.4612  -24050.6317  0.4060 
   00682    0.4564  -24060.3603  0.4041 
   00683    0.4662  -24037.0239  0.4058 
   00684    0.4566  -24037.3537  0.4052 
   00685    0.4623  -24029.0103  0.4012 
   00686    0.4628  -24034.6161  0.4020 
   00687    0.4612  -24097.1543  0.4032 
   00688    0.4612  -24057.2813  0.4026 
   00689    0.4619  -24077.2350  0.4019 
   00690    0.4625  -24101.2690  0.4042 
   00691    0.4664  -24096.6183  0.4021 
   00692    0.4519  -24075.3677  0.4014 
   00693    0.4694  -24089.5019  0.4025 
   00694    0.4678  -24102.0186  0.4019 
   00695    0.4569  -24119.9073  0.4024 
   00696    0.4669  -24080.7405  0.4012 
   00697    0.4688  -24088.4682  0.4021 
   00698    0.4619  -24090.4326  0.4024 
   00699    0.4572  -24092.0047  0.4035 
   00700    0.4728  -24062.4503  0.4065 
   00701    0.4675  -24065.4643  0.4079 
   00702    0.4572  -24053.7343  0.4093 
   00703    0.4573  -24062.5937  0.4087 
   00704    0.4587  -24067.8384  0.4075 
   00705    0.4603  -24072.5297  0.4043 
   00706    0.4545  -24050.9072  0.4050 
   00707    0.4586  -24080.9901  0.4068 
   00708    0.4539  -24074.3890  0.4079 
   00709    0.4758  -24071.9598  0.4093 
   00710    0.4584  -24089.5380  0.4090 
   00711    0.4581  -24056.2179  0.4091 
   00712    0.4655  -24082.4842  0.4093 
   00713    0.4705  -24066.4131  0.4088 
   00714    0.4695  -24074.0491  0.4088 
   00715    0.4628  -24063.1463  0.4098 
   00716    0.4653  -24055.5295  0.4109 
   00717    0.4677  -24056.5261  0.4102 
   00718    0.4631  -24034.5014  0.4124 
   00719    0.4717  -24020.9608  0.4131 
   00720    0.4630  -24023.9433  0.4138 
   00721    0.4658  -24043.7474  0.4120 
   00722    0.4731  -24052.8173  0.4126 
   00723    0.4672  -24066.5012  0.4135 
   00724    0.4523  -24074.4473  0.4163 
   00725    0.4713  -24067.1039  0.4186 
   00726    0.4641  -24055.6072  0.4190 
   00727    0.4730  -24097.1471  0.4219 
   00728    0.4628  -24083.7848  0.4225 
   00729    0.4677  -24094.6601  0.4189 
   00730    0.4739  -24074.1588  0.4210 
   00731    0.4620  -24072.3650  0.4213 
   00732    0.4502  -24075.9721  0.4231 
   00733    0.4578  -24060.3571  0.4246 
   00734    0.4500  -24068.4617  0.4218 
   00735    0.4633  -24065.3505  0.4199 
   00736    0.4678  -24095.0249  0.4206 
   00737    0.4678  -24075.4749  0.4172 
   00738    0.4645  -24082.8721  0.4143 
   00739    0.4659  -24053.5373  0.4140 
   00740    0.4744  -24065.5445  0.4164 
   00741    0.4656  -24057.8643  0.4188 
   00742    0.4706  -24067.7425  0.4192 
   00743    0.4719  -24092.4641  0.4182 
   00744    0.4686  -24089.8291  0.4178 
   00745    0.4673  -24114.6947  0.4189 
   00746    0.4652  -24113.1866  0.4196 
   00747    0.4595  -24127.2266  0.4195 
   00748    0.4677  -24128.8556  0.4208 
   00749    0.4522  -24126.6829  0.4215 
   00750    0.4800  -24120.9546  0.4190 
   00751    0.4653  -24095.7468  0.4175 
   00752    0.4695  -24116.1335  0.4183 
   00753    0.4580  -24100.3010  0.4207 
   00754    0.4684  -24118.6975  0.4187 
   00755    0.4683  -24112.5336  0.4201 
   00756    0.4575  -24104.0784  0.4178 
   00757    0.4573  -24081.4224  0.4185 
   00758    0.4748  -24089.7728  0.4193 
   00759    0.4677  -24078.7709  0.4222 
   00760    0.4777  -24086.2300  0.4229 
   00761    0.4669  -24076.8897  0.4249 
   00762    0.4587  -24084.9354  0.4262 
   00763    0.4672  -24118.5223  0.4235 
   00764    0.4667  -24094.1824  0.4241 
   00765    0.4622  -24072.6756  0.4262 
   00766    0.4683  -24083.9311  0.4242 
   00767    0.4691  -24044.8467  0.4227 
   00768    0.4614  -24054.3694  0.4248 
   00769    0.4759  -24057.0964  0.4256 
   00770    0.4667  -24065.1607  0.4253 
   00771    0.4683  -24097.4633  0.4259 
   00772    0.4681  -24110.5846  0.4265 
   00773    0.4473  -24099.8717  0.4263 
   00774    0.4602  -24115.0666  0.4270 
   00775    0.4695  -24112.4981  0.4283 
   00776    0.4694  -24113.1579  0.4279 
   00777    0.4584  -24095.7962  0.4260 
   00778    0.4630  -24078.5893  0.4240 
   00779    0.4662  -24098.6653  0.4268 
   00780    0.4653  -24105.2568  0.4266 
   00781    0.4639  -24096.9077  0.4257 
   00782    0.4589  -24083.5286  0.4246 
   00783    0.4727  -24073.0462  0.4266 
   00784    0.4661  -24078.0646  0.4272 
   00785    0.4639  -24080.1042  0.4258 
   00786    0.4597  -24084.6834  0.4271 
   00787    0.4561  -24078.4895  0.4283 
   00788    0.4647  -24068.7855  0.4294 
   00789    0.4653  -24063.1189  0.4295 
   00790    0.4589  -24063.2586  0.4296 
   00791    0.4700  -24063.0816  0.4290 
   00792    0.4641  -24079.4930  0.4307 
   00793    0.4475  -24066.5434  0.4309 
   00794    0.4717  -24038.6470  0.4322 
   00795    0.4661  -24041.7640  0.4324 
   00796    0.4681  -24025.0203  0.4319 
   00797    0.4666  -24056.2962  0.4306 
   00798    0.4600  -24094.7879  0.4292 
   00799    0.4667  -24085.5003  0.4299 
   00800    0.4695  -24092.1195  0.4304 
   00801    0.4763  -24109.4772  0.4310 
   00802    0.4536  -24112.9736  0.4317 
   00803    0.4598  -24111.2060  0.4333 
   00804    0.4594  -24125.4388  0.4320 
   00805    0.4672  -24130.7442  0.4330 
   00806    0.4664  -24108.4008  0.4323 
   00807    0.4692  -24109.0460  0.4306 
   00808    0.4702  -24107.3066  0.4300 
   00809    0.4664  -24115.5336  0.4299 
   00810    0.4723  -24113.6854  0.4299 
   00811    0.4655  -24106.1902  0.4321 
   00812    0.4555  -24104.9117  0.4302 
   00813    0.4592  -24078.6996  0.4279 
   00814    0.4589  -24078.9700  0.4261 
   00815    0.4598  -24074.7934  0.4263 
   00816    0.4644  -24079.9237  0.4289 
   00817    0.4666  -24054.6346  0.4281 
   00818    0.4664  -24059.3924  0.4300 
   00819    0.4658  -24026.3291  0.4309 
   00820    0.4558  -24049.2616  0.4307 
   00821    0.4691  -24048.0301  0.4293 
   00822    0.4778  -24081.5231  0.4297 
   00823    0.4633  -24075.8242  0.4283 
   00824    0.4552  -24081.0241  0.4292 
   00825    0.4578  -24078.1820  0.4283 
   00826    0.4628  -24057.6578  0.4283 
   00827    0.4602  -24071.0014  0.4288 
   00828    0.4769  -24031.6197  0.4303 
   00829    0.4695  -24072.2723  0.4312 
   00830    0.4670  -24095.6084  0.4297 
   00831    0.4677  -24107.5256  0.4270 
   00832    0.4641  -24109.2326  0.4288 
   00833    0.4695  -24110.2183  0.4284 
   00834    0.4559  -24091.5165  0.4283 
   00835    0.4587  -24073.8425  0.4307 
   00836    0.4661  -24087.4056  0.4322 
   00837    0.4664  -24070.4170  0.4314 
   00838    0.4525  -24101.6378  0.4309 
   00839    0.4678  -24106.7436  0.4314 
   00840    0.4734  -24111.7496  0.4306 
   00841    0.4669  -24111.0380  0.4287 
   00842    0.4783  -24105.1012  0.4304 
   00843    0.4595  -24079.9263  0.4290 
   00844    0.4700  -24082.3599  0.4307 
   00845    0.4839  -24079.2033  0.4294 
   00846    0.4545  -24103.8618  0.4310 
   00847    0.4667  -24112.6934  0.4310 
   00848    0.4689  -24091.1352  0.4341 
   00849    0.4727  -24121.8119  0.4356 
   00850    0.4595  -24115.3930  0.4348 
   00851    0.4714  -24134.6103  0.4330 
   00852    0.4672  -24118.1455  0.4318 
   00853    0.4573  -24122.2214  0.4333 
   00854    0.4659  -24120.5797  0.4336 
   00855    0.4569  -24128.2997  0.4350 
   00856    0.4741  -24094.1163  0.4340 
   00857    0.4503  -24101.6060  0.4347 
   00858    0.4675  -24114.7703  0.4356 
   00859    0.4709  -24108.9732  0.4351 
   00860    0.4584  -24133.4694  0.4341 
   00861    0.4669  -24155.2667  0.4339 
   00862    0.4539  -24149.7549  0.4336 
   00863    0.4597  -24160.6061  0.4329 
   00864    0.4678  -24121.9637  0.4331 
   00865    0.4630  -24122.8152  0.4321 
   00866    0.4652  -24079.3315  0.4324 
   00867    0.4569  -24094.3399  0.4322 
   00868    0.4644  -24104.3284  0.4326 
   00869    0.4612  -24141.7018  0.4335 
   00870    0.4673  -24131.7668  0.4374 
   00871    0.4681  -24124.1126  0.4405 
   00872    0.4616  -24151.7333  0.4434 
   00873    0.4667  -24127.1349  0.4452 
   00874    0.4484  -24148.8371  0.4455 
   00875    0.4594  -24167.9907  0.4468 
   00876    0.4648  -24161.0659  0.4471 
   00877    0.4573  -24146.5006  0.4468 
   00878    0.4758  -24124.5068  0.4473 
   00879    0.4644  -24151.4666  0.4478 
   00880    0.4620  -24155.7988  0.4501 
   00881    0.4706  -24121.2641  0.4496 
   00882    0.4628  -24135.6865  0.4512 
   00883    0.4547  -24146.4352  0.4529 
   00884    0.4589  -24152.0164  0.4516 
   00885    0.4702  -24125.5820  0.4522 
   00886    0.4597  -24136.3389  0.4522 
   00887    0.4672  -24109.4428  0.4501 
   00888    0.4670  -24126.5218  0.4494 
   00889    0.4578  -24159.3221  0.4530 
   00890    0.4637  -24156.9636  0.4539 
   00891    0.4622  -24156.0344  0.4535 
   00892    0.4594  -24147.1315  0.4555 
   00893    0.4587  -24125.6273  0.4560 
   00894    0.4573  -24115.8120  0.4540 
   00895    0.4664  -24157.3253  0.4554 
   00896    0.4559  -24132.2855  0.4558 
   00897    0.4722  -24128.7351  0.4542 
   00898    0.4480  -24130.0648  0.4540 
   00899    0.4625  -24149.8627  0.4544 
   00900    0.4734  -24139.1588  0.4564 
   00901    0.4552  -24126.8054  0.4533 
   00902    0.4709  -24112.0774  0.4541 
   00903    0.4541  -24119.7791  0.4534 
   00904    0.4650  -24090.0290  0.4559 
   00905    0.4695  -24111.9554  0.4580 
   00906    0.4656  -24106.9040  0.4595 
   00907    0.4750  -24125.0311  0.4586 
   00908    0.4738  -24135.6723  0.4600 
   00909    0.4686  -24108.4820  0.4575 
   00910    0.4653  -24123.0109  0.4580 
   00911    0.4622  -24128.9114  0.4586 
   00912    0.4517  -24116.6606  0.4611 
   00913    0.4642  -24112.7937  0.4593 
   00914    0.4741  -24122.9761  0.4604 
   00915    0.4581  -24129.2860  0.4600 
   00916    0.4561  -24161.1911  0.4605 
   00917    0.4605  -24177.3517  0.4601 
   00918    0.4780  -24169.5347  0.4620 
   00919    0.4591  -24131.1802  0.4595 
   00920    0.4669  -24164.8516  0.4591 
   00921    0.4583  -24143.6599  0.4579 
   00922    0.4647  -24140.5366  0.4597 
   00923    0.4645  -24104.0711  0.4579 
   00924    0.4694  -24128.8662  0.4592 
   00925    0.4612  -24106.3181  0.4570 
   00926    0.4564  -24122.7872  0.4553 
   00927    0.4648  -24129.4330  0.4555 
   00928    0.4606  -24163.6150  0.4569 
   00929    0.4598  -24133.7795  0.4532 
   00930    0.4570  -24131.1716  0.4517 
   00931    0.4680  -24143.8707  0.4535 
   00932    0.4688  -24133.0472  0.4544 
   00933    0.4566  -24140.5004  0.4563 
   00934    0.4692  -24128.2937  0.4546 
   00935    0.4669  -24127.9834  0.4566 
   00936    0.4667  -24136.6415  0.4577 
   00937    0.4627  -24133.4150  0.4557 
   00938    0.4758  -24113.1216  0.4571 
   00939    0.4695  -24133.5840  0.4578 
   00940    0.4495  -24107.1663  0.4577 
   00941    0.4553  -24105.6534  0.4574 
   00942    0.4584  -24115.2991  0.4563 
   00943    0.4689  -24125.0195  0.4574 
   00944    0.4706  -24088.1821  0.4570 
   00945    0.4652  -24076.6375  0.4579 
   00946    0.4686  -24075.0188  0.4610 
   00947    0.4767  -24075.9958  0.4608 
   00948    0.4508  -24086.5918  0.4595 
   00949    0.4639  -24096.7903  0.4601 
   00950    0.4572  -24089.5499  0.4615 
   00951    0.4633  -24103.7010  0.4606 
   00952    0.4614  -24110.4917  0.4605 
   00953    0.4720  -24131.8521  0.4605 
   00954    0.4598  -24114.4903  0.4599 
   00955    0.4708  -24105.8185  0.4604 
   00956    0.4691  -24129.0925  0.4604 
   00957    0.4584  -24133.8974  0.4622 
   00958    0.4691  -24115.8223  0.4643 
   00959    0.4545  -24130.7472  0.4634 
   00960    0.4681  -24168.4713  0.4631 
   00961    0.4614  -24173.1532  0.4628 
   00962    0.4589  -24147.2504  0.4596 
   00963    0.4514  -24130.8068  0.4591 
   00964    0.4723  -24109.3077  0.4570 
   00965    0.4584  -24102.2350  0.4598 
   00966    0.4662  -24105.8881  0.4619 
   00967    0.4664  -24103.1288  0.4604 
   00968    0.4667  -24105.0134  0.4602 
   00969    0.4662  -24105.5540  0.4622 
   00970    0.4706  -24118.1801  0.4606 
   00971    0.4464  -24101.6278  0.4619 
   00972    0.4727  -24100.9957  0.4613 
   00973    0.4633  -24123.2698  0.4609 
   00974    0.4675  -24144.7466  0.4620 
   00975    0.4625  -24167.4509  0.4642 
   00976    0.4666  -24144.1476  0.4668 
   00977    0.4639  -24148.9160  0.4676 
   00978    0.4602  -24165.8109  0.4683 
   00979    0.4703  -24153.2502  0.4693 
   00980    0.4611  -24150.7575  0.4711 
   00981    0.4691  -24162.0136  0.4704 
   00982    0.4656  -24155.8992  0.4722 
   00983    0.4744  -24152.6768  0.4748 
   00984    0.4595  -24163.8820  0.4773 
   00985    0.4605  -24137.0121  0.4787 
   00986    0.4673  -24127.0344  0.4779 
   00987    0.4666  -24134.4577  0.4808 
   00988    0.4591  -24112.1493  0.4815 
   00989    0.4639  -24133.8985  0.4819 
   00990    0.4677  -24152.2068  0.4835 
   00991    0.4580  -24160.5439  0.4850 
   00992    0.4520  -24131.5783  0.4843 
   00993    0.4653  -24136.7337  0.4834 
   00994    0.4605  -24146.8650  0.4839 
   00995    0.4664  -24128.0504  0.4834 
   00996    0.4587  -24133.2129  0.4851 
   00997    0.4688  -24140.6980  0.4862 
   00998    0.4633  -24130.8656  0.4872 
   00999    0.4645  -24156.1466  0.4882 
   01000    0.4587  -24148.9859  0.4870 
