#=====================================================
# File created:        Mon-06-Nov-2023-at-12-32-42PM
# Size of lattice:     40x40
# Number of MC steps:  1000
# Reduced temperature: 1.600
# Run time (s):        6.661672
#=====================================================
# MC step:  Ratio:     Energy:   Order:
#=====================================================
   00000    0.5000   -1644.3131  0.2607 
   00001    0.7244   -2254.5545  0.2622 
   00002    0.7100   -2449.9608  0.2641 
   00003    0.6806   -2585.8229  0.2619 
   00004    0.6837   -2696.0566  0.2652 
   00005    0.6756   -2697.9210  0.2792 
   00006    0.6544   -2757.0838  0.2794 
   00007    0.6719   -2800.9932  0.2788 
   00008    0.6556   -2894.5686  0.2821 
   00009    0.6469   -2916.3907  0.2926 
   00010    0.6606   -2955.4446  0.3034 
   00011    0.6587   -2801.5931  0.2957 
   00012    0.6700   -2800.9388  0.2955 
   00013    0.6500   -2878.0780  0.3091 
   00014    0.6462   -2850.0688  0.3151 
   00015    0.6488   -2832.6480  0.2892 
   00016    0.6575   -2790.9056  0.2718 
   00017    0.6825   -2792.1218  0.2803 
   00018    0.6681   -2755.2059  0.2735 
   00019    0.6637   -2764.0081  0.2747 
   00020    0.6600   -2822.8475  0.2647 
   00021    0.6375   -2804.9777  0.2710 
   00022    0.6525   -2816.0924  0.2770 
   00023    0.6813   -2673.1977  0.2790 
   00024    0.7056   -2636.1794  0.2845 
   00025    0.6719   -2753.8387  0.2573 
   00026    0.6850   -2736.4134  0.2690 
   00027    0.6719   -2774.9274  0.2698 
   00028    0.6637   -2856.5983  0.2995 
   00029    0.6494   -2756.0492  0.2937 
   00030    0.6906   -2824.2150  0.2959 
   00031    0.6813   -2794.9915  0.2829 
   00032    0.6687   -2807.5089  0.2845 
   00033    0.6725   -2780.1995  0.3033 
   00034    0.6687   -2737.6239  0.3185 
   00035    0.6637   -2745.7329  0.3025 
   00036    0.6631   -2716.5513  0.3200 
   00037    0.6925   -2672.5096  0.3203 
   00038    0.6587   -2755.9545  0.3094 
   00039    0.6538   -2737.7358  0.2920 
   00040    0.6475   -2890.3359  0.2866 
   00041    0.6631   -2840.2672  0.2753 
   00042    0.6569   -2738.3918  0.2637 
   00043    0.6744   -2842.9681  0.2774 
   00044    0.6619   -2788.1820  0.2689 
   00045    0.6538   -2909.4355  0.2574 
   00046    0.6544   -2813.1547  0.2783 
   00047    0.6794   -2813.1285  0.2614 
   00048    0.6531   -2911.3562  0.2667 
   00049    0.6350   -2860.2024  0.2530 
   00050    0.6581   -2796.4249  0.2681 
   00051    0.6750   -2809.2767  0.2750 
   00052    0.6369   -2826.4717  0.2846 
   00053    0.6538   -2877.6354  0.2909 
   00054    0.6606   -2922.2626  0.2846 
   00055    0.6406   -2875.8894  0.2917 
   00056    0.6469   -2958.5805  0.2672 
   00057    0.6400   -2980.2907  0.2704 
   00058    0.6506   -3019.8768  0.2747 
   00059    0.6544   -3009.6495  0.2810 
   00060    0.6506   -2901.3488  0.2705 
   00061    0.6306   -2873.3402  0.2733 
   00062    0.6469   -2845.7557  0.2929 
   00063    0.6444   -2857.7107  0.3173 
   00064    0.6488   -2886.1474  0.3090 
   00065    0.6431   -2874.1757  0.3044 
   00066    0.6606   -2811.9539  0.3008 
   00067    0.6444   -2775.4970  0.2995 
   00068    0.6800   -2802.5315  0.2733 
   00069    0.6506   -2810.9624  0.2694 
   00070    0.6663   -2781.2341  0.2583 
   00071    0.6544   -2698.3443  0.2586 
   00072    0.6706   -2725.4236  0.2721 
   00073    0.6700   -2816.9702  0.2728 
   00074    0.6700   -2798.8565  0.2817 
   00075    0.6787   -2862.8231  0.2693 
   00076    0.6600   -2808.8347  0.2814 
   00077    0.6544   -2812.8692  0.2814 
   00078    0.6512   -2952.2130  0.2795 
   00079    0.6519   -2785.9549  0.2689 
   00080    0.6500   -2873.3821  0.2798 
   00081    0.6694   -2808.6089  0.2788 
   00082    0.6613   -2823.1074  0.2827 
   00083    0.6675   -2802.2741  0.2835 
   00084    0.6606   -2830.2147  0.2789 
   00085    0.6506   -2794.5876  0.2692 
   00086    0.6500   -2860.5601  0.2823 
   00087    0.6456   -2803.4520  0.2580 
   00088    0.6581   -2841.1472  0.2761 
   00089    0.6587   -2880.0134  0.2584 
   00090    0.6331   -2809.7925  0.2583 
   00091    0.6450   -2765.9867  0.2657 
   00092    0.6725   -2796.3982  0.2660 
   00093    0.6856   -2750.4726  0.2784 
   00094    0.6625   -2675.8767  0.2823 
   00095    0.6744   -2725.5424  0.2856 
   00096    0.6306   -2843.4441  0.2793 
   00097    0.6881   -2854.3052  0.2808 
   00098    0.6562   -2837.7284  0.2611 
   00099    0.6475   -2841.1294  0.2613 
   00100    0.6544   -2813.2882  0.2670 
   00101    0.6644   -2818.3881  0.2656 
   00102    0.6388   -2677.1621  0.2612 
   00103    0.6844   -2743.2718  0.2617 
   00104    0.6525   -2748.1206  0.2652 
   00105    0.6694   -2734.0553  0.2712 
   00106    0.6575   -2884.9560  0.2609 
   00107    0.6488   -2842.6421  0.2611 
   00108    0.6569   -2882.6985  0.2694 
   00109    0.6569   -2906.4337  0.2679 
   00110    0.6400   -2864.3441  0.2623 
   00111    0.6575   -2922.5892  0.2831 
   00112    0.6794   -2817.7393  0.2834 
   00113    0.6637   -2791.9615  0.2807 
   00114    0.6450   -2801.4824  0.2688 
   00115    0.6488   -2811.6183  0.2690 
   00116    0.6763   -2705.3233  0.2771 
   00117    0.6681   -2830.8831  0.2758 
   00118    0.6388   -2837.5792  0.2605 
   00119    0.6525   -2848.7040  0.2752 
   00120    0.6462   -2852.6263  0.2558 
   00121    0.6594   -2832.2743  0.2830 
   00122    0.6494   -2781.1465  0.2786 
   00123    0.6656   -2813.2690  0.2633 
   00124    0.6419   -2906.2018  0.2588 
   00125    0.6644   -2886.2214  0.2716 
   00126    0.6469   -2894.9901  0.2748 
   00127    0.6481   -2836.9341  0.2695 
   00128    0.6556   -2854.5228  0.2575 
   00129    0.6394   -2934.9336  0.2625 
   00130    0.6269   -2938.0052  0.2629 
   00131    0.6488   -2838.9275  0.2550 
   00132    0.6575   -2808.5186  0.2659 
   00133    0.6713   -2877.3062  0.2796 
   00134    0.6412   -2891.4367  0.2809 
   00135    0.6675   -2874.4683  0.2912 
   00136    0.6600   -2856.1230  0.3221 
   00137    0.6606   -2859.7211  0.3152 
   00138    0.6450   -2888.7492  0.3279 
   00139    0.6700   -2824.1580  0.3069 
   00140    0.6581   -2859.4429  0.2839 
   00141    0.6594   -2864.8820  0.2832 
   00142    0.6587   -2850.9604  0.2852 
   00143    0.6481   -2907.6440  0.2936 
   00144    0.6450   -2922.1814  0.3002 
   00145    0.6288   -2855.1721  0.2679 
   00146    0.6562   -2831.8062  0.2770 
   00147    0.6575   -2787.0418  0.2777 
   00148    0.6869   -2760.3957  0.2669 
   00149    0.6906   -2652.6585  0.2598 
   00150    0.6663   -2759.8783  0.2785 
   00151    0.6606   -2872.2528  0.2820 
   00152    0.6394   -3006.1024  0.2750 
   00153    0.6319   -2960.4800  0.2698 
   00154    0.6512   -2884.6070  0.2763 
   00155    0.6481   -2911.5014  0.2681 
   00156    0.6456   -2911.7026  0.2892 
   00157    0.6519   -2861.7475  0.2811 
   00158    0.6631   -2783.5078  0.2670 
   00159    0.6394   -2827.6913  0.2643 
   00160    0.6519   -2868.1837  0.2622 
   00161    0.6725   -2792.1195  0.2903 
   00162    0.6525   -2831.1050  0.2677 
   00163    0.6512   -2850.4153  0.2620 
   00164    0.6488   -2805.1579  0.2600 
   00165    0.6600   -2735.8355  0.2618 
   00166    0.6781   -2787.9046  0.2866 
   00167    0.6544   -2876.5857  0.3020 
   00168    0.6556   -2806.5713  0.2743 
   00169    0.6744   -2809.8949  0.2780 
   00170    0.6675   -2864.8441  0.2684 
   00171    0.6737   -2842.3278  0.2709 
   00172    0.6587   -2815.1854  0.2689 
   00173    0.6538   -2811.3167  0.2521 
   00174    0.6775   -2814.4128  0.2596 
   00175    0.6781   -2855.8602  0.2698 
   00176    0.6531   -2902.0028  0.2815 
   00177    0.6350   -2834.6089  0.2782 
   00178    0.6506   -2798.6451  0.2741 
   00179    0.6488   -2810.4458  0.2647 
   00180    0.6369   -2820.7677  0.2524 
   00181    0.6706   -2789.0685  0.2535 
   00182    0.6488   -2799.5861  0.2557 
   00183    0.6425   -2878.3918  0.2661 
   00184    0.6613   -2846.0518  0.2589 
   00185    0.6312   -2843.0060  0.2567 
   00186    0.6713   -2910.3052  0.2814 
   00187    0.6550   -2786.5835  0.2617 
   00188    0.6600   -2894.0574  0.2918 
   00189    0.6631   -2849.7964  0.2876 
   00190    0.6562   -2836.0248  0.2960 
   00191    0.6681   -2861.4085  0.2914 
   00192    0.6356   -2905.9269  0.2746 
   00193    0.6388   -2859.3771  0.2971 
   00194    0.6663   -2959.3076  0.2987 
   00195    0.6550   -2821.7087  0.2962 
   00196    0.6431   -2931.0114  0.2954 
   00197    0.6581   -2813.9640  0.2931 
   00198    0.6725   -2840.8453  0.2823 
   00199    0.6637   -2781.0473  0.2719 
   00200    0.6450   -2720.2303  0.2661 
   00201    0.6731   -2687.1376  0.2706 
   00202    0.6769   -2717.7758  0.2795 
   00203    0.6637   -2706.2901  0.2969 
   00204    0.6794   -2780.8862  0.2944 
   00205    0.6538   -2859.4795  0.2813 
   00206    0.6525   -2761.5479  0.2778 
   00207    0.6375   -2882.0815  0.2816 
   00208    0.6550   -2822.0353  0.2624 
   00209    0.6594   -2814.8491  0.2798 
   00210    0.6650   -2814.8918  0.2872 
   00211    0.6581   -2842.7465  0.3001 
   00212    0.6675   -2803.2042  0.2950 
   00213    0.6725   -2746.2267  0.2937 
   00214    0.6694   -2898.3311  0.2931 
   00215    0.6438   -2851.9333  0.2869 
   00216    0.6519   -2822.6541  0.2810 
   00217    0.6769   -2773.1851  0.2949 
   00218    0.6744   -2769.1247  0.2832 
   00219    0.6781   -2794.7664  0.2828 
   00220    0.6819   -2811.2341  0.2794 
   00221    0.6706   -2727.9761  0.2603 
   00222    0.6619   -2777.8663  0.2566 
   00223    0.6506   -2823.9730  0.2635 
   00224    0.6600   -2837.0677  0.2690 
   00225    0.6663   -2809.1774  0.2804 
   00226    0.6631   -2764.3503  0.3016 
   00227    0.6681   -2780.8873  0.3041 
   00228    0.6669   -2710.6954  0.2981 
   00229    0.6569   -2776.1962  0.2893 
   00230    0.6587   -2872.8139  0.2903 
   00231    0.6625   -2842.3540  0.2976 
   00232    0.6581   -2857.8132  0.2706 
   00233    0.6687   -2832.7018  0.2726 
   00234    0.6750   -2828.3701  0.2734 
   00235    0.6606   -2813.5114  0.2636 
   00236    0.6531   -2854.8253  0.2676 
   00237    0.6856   -2820.0094  0.2747 
   00238    0.6431   -2839.3237  0.2665 
   00239    0.6600   -2788.4015  0.2657 
   00240    0.6875   -2919.4884  0.2548 
   00241    0.6794   -2825.9330  0.2707 
   00242    0.6687   -2810.6739  0.2630 
   00243    0.6619   -2813.3535  0.2811 
   00244    0.6781   -2809.8129  0.2835 
   00245    0.6444   -2756.3576  0.2689 
   00246    0.6650   -2826.0709  0.2777 
   00247    0.6512   -2802.0030  0.2722 
   00248    0.6619   -2844.2309  0.2764 
   00249    0.6406   -2870.7511  0.2666 
   00250    0.6619   -2769.0300  0.2743 
   00251    0.6475   -2770.4840  0.2590 
   00252    0.6569   -2800.6500  0.2697 
   00253    0.6481   -2776.4812  0.2523 
   00254    0.6681   -2805.0784  0.2700 
   00255    0.6519   -2833.8166  0.2614 
   00256    0.6475   -2809.1721  0.2588 
   00257    0.6737   -2759.8229  0.2636 
   00258    0.6713   -2668.7087  0.2927 
   00259    0.6750   -2754.1003  0.3032 
   00260    0.6763   -2699.5867  0.3165 
   00261    0.6881   -2676.7805  0.3115 
   00262    0.6706   -2788.1280  0.3215 
   00263    0.6850   -2785.9966  0.3425 
   00264    0.6981   -2749.9466  0.3319 
   00265    0.6944   -2745.1966  0.3047 
   00266    0.6681   -2722.9312  0.3235 
   00267    0.6663   -2766.0102  0.3375 
   00268    0.6756   -2771.4206  0.3394 
   00269    0.6694   -2740.7481  0.3091 
   00270    0.6663   -2777.9027  0.2732 
   00271    0.6656   -2757.4846  0.2875 
   00272    0.6694   -2722.1471  0.2818 
   00273    0.6681   -2678.5117  0.2953 
   00274    0.6906   -2779.2397  0.2720 
   00275    0.6569   -2743.3954  0.2686 
   00276    0.6675   -2800.5105  0.2768 
   00277    0.6725   -2839.8559  0.2562 
   00278    0.6575   -2876.5955  0.2718 
   00279    0.6475   -2833.1891  0.2675 
   00280    0.6525   -2811.6536  0.2795 
   00281    0.6425   -2816.8746  0.2830 
   00282    0.6581   -2834.5023  0.2825 
   00283    0.6544   -2887.2177  0.2902 
   00284    0.6325   -2886.0831  0.2858 
   00285    0.6444   -2807.1109  0.2994 
   00286    0.6806   -2791.4794  0.2786 
   00287    0.6606   -2914.4555  0.3072 
   00288    0.6444   -2837.3202  0.3084 
   00289    0.6713   -2838.5119  0.3101 
   00290    0.6625   -2794.8003  0.2910 
   00291    0.6331   -2773.7147  0.3067 
   00292    0.6787   -2635.9486  0.3039 
   00293    0.6756   -2695.6040  0.2941 
   00294    0.6594   -2864.0968  0.2869 
   00295    0.6613   -2773.7926  0.2701 
   00296    0.6669   -2737.8471  0.2617 
   00297    0.6681   -2712.7362  0.2627 
   00298    0.6606   -2753.0808  0.2667 
   00299    0.6706   -2796.3160  0.2770 
   00300    0.6769   -2814.7340  0.2829 
   00301    0.6644   -2949.2737  0.2800 
   00302    0.6344   -2903.7260  0.2635 
   00303    0.6637   -2918.0176  0.2949 
   00304    0.6544   -2853.3622  0.2915 
   00305    0.6581   -2844.1526  0.3062 
   00306    0.6525   -2833.8601  0.3029 
   00307    0.6400   -2902.7089  0.2965 
   00308    0.6606   -2863.7386  0.2961 
   00309    0.6300   -2847.2648  0.2932 
   00310    0.6637   -2745.9821  0.2960 
   00311    0.6550   -2752.1225  0.2805 
   00312    0.6556   -2767.2330  0.2780 
   00313    0.6681   -2790.1624  0.2804 
   00314    0.6756   -2732.1073  0.2856 
   00315    0.6869   -2736.2656  0.3001 
   00316    0.6581   -2846.3281  0.3054 
   00317    0.6506   -2857.5775  0.3075 
   00318    0.6506   -2820.6866  0.3118 
   00319    0.6613   -2829.2457  0.3261 
   00320    0.6756   -2844.9442  0.3167 
   00321    0.6763   -2904.3501  0.2862 
   00322    0.6481   -2888.7601  0.2760 
   00323    0.6619   -2869.6895  0.2617 
   00324    0.6506   -2797.4437  0.2615 
   00325    0.6506   -2851.0126  0.2541 
   00326    0.6787   -2726.1322  0.2532 
   00327    0.6837   -2746.8355  0.2649 
   00328    0.6631   -2823.3527  0.2643 
   00329    0.6756   -2757.1542  0.2900 
   00330    0.6713   -2686.9100  0.2968 
   00331    0.6725   -2740.8731  0.2852 
   00332    0.6719   -2747.4242  0.2941 
   00333    0.6587   -2824.0791  0.3093 
   00334    0.6462   -2845.9155  0.2946 
   00335    0.6388   -2794.1850  0.3173 
   00336    0.6438   -2794.2718  0.3053 
   00337    0.6544   -2796.6828  0.3203 
   00338    0.6731   -2771.9383  0.3036 
   00339    0.6650   -2752.7871  0.3075 
   00340    0.6731   -2708.2634  0.3014 
   00341    0.6756   -2711.5442  0.3123 
   00342    0.6581   -2776.7133  0.2990 
   00343    0.6744   -2829.5050  0.2850 
   00344    0.6400   -2818.4480  0.2776 
   00345    0.6375   -2874.5272  0.2657 
   00346    0.6819   -2781.0585  0.2609 
   00347    0.6412   -2863.0300  0.2533 
   00348    0.6575   -2831.6744  0.2722 
   00349    0.6550   -2881.5920  0.2814 
   00350    0.6525   -2767.1672  0.2860 
   00351    0.6669   -2744.5915  0.2782 
   00352    0.6469   -2796.0592  0.2811 
   00353    0.6675   -2818.9548  0.2758 
   00354    0.6644   -2872.2940  0.2657 
   00355    0.6525   -2847.4517  0.2632 
   00356    0.6650   -2876.0167  0.2755 
   00357    0.6587   -2858.2866  0.2633 
   00358    0.6388   -2880.9356  0.2629 
   00359    0.6406   -2821.7513  0.2744 
   00360    0.6494   -2867.1731  0.2982 
   00361    0.6625   -2735.3014  0.2955 
   00362    0.6644   -2767.4014  0.2905 
   00363    0.6719   -2735.7609  0.2943 
   00364    0.6450   -2884.5200  0.3100 
   00365    0.6669   -2872.4085  0.3082 
   00366    0.6581   -2834.5784  0.3159 
   00367    0.6481   -2862.6125  0.2962 
   00368    0.6531   -2853.9078  0.2877 
   00369    0.6550   -2889.5252  0.2939 
   00370    0.6538   -2849.1425  0.2903 
   00371    0.6600   -2795.1392  0.2815 
   00372    0.6606   -2741.0006  0.2823 
   00373    0.6837   -2826.7054  0.2781 
   00374    0.6475   -2870.5649  0.2667 
   00375    0.6444   -2859.9925  0.2760 
   00376    0.6544   -2761.2400  0.2741 
   00377    0.6562   -2783.3676  0.2825 
   00378    0.6775   -2784.4936  0.2754 
   00379    0.6581   -2842.4768  0.2828 
   00380    0.6600   -2870.8161  0.2686 
   00381    0.6294   -2946.3254  0.2788 
   00382    0.6519   -2903.0990  0.2934 
   00383    0.6431   -2885.3077  0.2976 
   00384    0.6631   -2879.0153  0.2944 
   00385    0.6544   -2824.9215  0.2840 
   00386    0.6394   -2767.7665  0.3197 
   00387    0.6725   -2804.1440  0.3011 
   00388    0.6625   -2813.3803  0.2960 
   00389    0.6525   -2933.4956  0.2725 
   00390    0.6512   -2850.0277  0.2930 
   00391    0.6637   -2820.3919  0.2699 
   00392    0.6475   -2843.5578  0.2637 
   00393    0.6587   -2838.8648  0.2607 
   00394    0.6750   -2801.7658  0.2583 
   00395    0.6456   -2934.2547  0.2710 
   00396    0.6606   -2833.2894  0.2522 
   00397    0.6462   -2833.6153  0.2720 
   00398    0.6331   -2966.9493  0.2768 
   00399    0.6425   -2867.0987  0.2804 
   00400    0.6500   -2830.9086  0.2689 
   00401    0.6438   -2879.8348  0.2893 
   00402    0.6737   -2778.8103  0.2770 
   00403    0.6362   -2824.9587  0.2601 
   00404    0.6687   -2799.9334  0.2600 
   00405    0.6438   -2817.2427  0.2675 
   00406    0.6837   -2829.2177  0.2790 
   00407    0.6531   -2760.8888  0.3005 
   00408    0.6587   -2850.8497  0.2865 
   00409    0.6300   -2941.7497  0.2877 
   00410    0.6538   -3023.7358  0.2836 
   00411    0.6550   -2998.5500  0.2711 
   00412    0.6450   -2843.3358  0.2971 
   00413    0.6488   -2869.3032  0.2725 
   00414    0.6500   -2941.2196  0.2731 
   00415    0.6494   -2820.4243  0.2834 
   00416    0.6550   -2814.1070  0.2779 
   00417    0.6606   -2678.4746  0.2841 
   00418    0.6744   -2747.5139  0.2948 
   00419    0.6794   -2734.9121  0.2824 
   00420    0.6806   -2758.6136  0.2860 
   00421    0.6750   -2679.3590  0.2796 
   00422    0.6913   -2657.3575  0.2641 
   00423    0.6787   -2709.3015  0.2648 
   00424    0.6644   -2738.0278  0.2690 
   00425    0.6725   -2668.7021  0.2652 
   00426    0.6531   -2764.9516  0.2837 
   00427    0.6706   -2716.2032  0.2959 
   00428    0.6625   -2859.4974  0.2790 
   00429    0.6375   -2891.5640  0.2843 
   00430    0.6456   -2949.1353  0.2722 
   00431    0.6481   -2768.8396  0.2666 
   00432    0.6800   -2801.8188  0.2747 
   00433    0.6763   -2796.8346  0.2899 
   00434    0.6781   -2796.0310  0.2944 
   00435    0.6763   -2771.0073  0.3013 
   00436    0.6631   -2787.8038  0.2941 
   00437    0.6587   -2782.5336  0.2897 
   00438    0.6644   -2801.0458  0.3079 
   00439    0.6475   -2863.2540  0.3257 
   00440    0.6569   -2835.2379  0.3063 
   00441    0.6550   -2822.6046  0.2893 
   00442    0.6669   -2851.5077  0.2909 
   00443    0.6819   -2798.9368  0.3154 
   00444    0.6706   -2892.3500  0.3347 
   00445    0.6587   -2891.5307  0.3427 
   00446    0.6512   -2916.1253  0.3317 
   00447    0.6600   -2936.1493  0.3408 
   00448    0.6375   -2960.0546  0.3332 
   00449    0.6469   -2930.4903  0.3034 
   00450    0.6512   -2915.6204  0.3315 
   00451    0.6456   -2819.8923  0.3105 
   00452    0.6687   -2785.8434  0.2935 
   00453    0.6613   -2785.7553  0.2704 
   00454    0.6594   -2703.0920  0.2781 
   00455    0.6481   -2784.3905  0.2533 
   00456    0.6481   -2867.5859  0.2565 
   00457    0.6400   -2866.9203  0.2648 
   00458    0.6594   -2859.8873  0.2605 
   00459    0.6569   -2810.9250  0.2623 
   00460    0.6725   -2823.2641  0.2557 
   00461    0.6587   -2863.9472  0.2645 
   00462    0.6469   -2802.4260  0.2569 
   00463    0.6681   -2820.0259  0.2831 
   00464    0.6763   -2707.3179  0.2806 
   00465    0.6600   -2751.3380  0.2923 
   00466    0.6525   -2831.3284  0.3003 
   00467    0.6494   -2802.0978  0.3024 
   00468    0.6719   -2854.0234  0.2843 
   00469    0.6625   -2728.1919  0.2870 
   00470    0.6750   -2828.5539  0.2946 
   00471    0.6650   -2730.4733  0.3054 
   00472    0.6562   -2715.4938  0.3064 
   00473    0.6600   -2713.2985  0.2940 
   00474    0.6669   -2694.4633  0.2826 
   00475    0.6744   -2685.0900  0.2660 
   00476    0.6806   -2724.0026  0.2683 
   00477    0.6750   -2707.2761  0.2830 
   00478    0.6725   -2884.5254  0.2990 
   00479    0.6506   -2958.9376  0.3074 
   00480    0.6456   -2948.1567  0.3059 
   00481    0.6450   -2870.9367  0.2937 
   00482    0.6556   -2953.6953  0.3019 
   00483    0.6362   -2938.8377  0.2880 
   00484    0.6500   -2836.8105  0.2863 
   00485    0.6575   -2887.3942  0.2889 
   00486    0.6631   -2806.3158  0.2782 
   00487    0.6494   -2881.4664  0.2737 
   00488    0.6562   -2820.7873  0.3038 
   00489    0.6606   -2761.2186  0.3086 
   00490    0.6488   -2858.5019  0.3002 
   00491    0.6544   -2879.0609  0.3005 
   00492    0.6837   -2766.3096  0.2975 
   00493    0.6544   -2826.5525  0.2734 
   00494    0.6669   -2807.8344  0.2805 
   00495    0.6656   -2760.7212  0.2848 
   00496    0.6569   -2789.2496  0.2929 
   00497    0.6750   -2881.8808  0.3010 
   00498    0.6506   -2804.5880  0.2823 
   00499    0.6538   -2833.8349  0.2896 
   00500    0.6675   -2766.6825  0.2724 
   00501    0.6669   -2707.3019  0.2789 
   00502    0.6669   -2712.3815  0.3018 
   00503    0.6687   -2903.4139  0.3173 
   00504    0.6550   -2791.4239  0.3047 
   00505    0.6656   -2801.2182  0.2828 
   00506    0.6506   -2753.1291  0.2756 
   00507    0.6575   -2700.1766  0.3003 
   00508    0.6694   -2673.0264  0.2921 
   00509    0.6681   -2767.2814  0.2842 
   00510    0.6450   -2740.5021  0.2878 
   00511    0.6550   -2738.9466  0.2793 
   00512    0.6669   -2754.6510  0.2736 
   00513    0.6631   -2752.2184  0.2691 
   00514    0.6488   -2749.9950  0.2583 
   00515    0.6538   -2827.7408  0.2645 
   00516    0.6506   -2784.4938  0.2835 
   00517    0.6663   -2768.0623  0.2710 
   00518    0.6512   -2646.6863  0.2650 
   00519    0.6450   -2641.2865  0.2617 
   00520    0.6700   -2798.9744  0.2604 
   00521    0.6531   -2774.4765  0.2614 
   00522    0.6575   -2773.2836  0.2550 
   00523    0.6475   -2808.4277  0.2917 
   00524    0.6656   -2918.3922  0.2915 
   00525    0.6462   -2774.9963  0.2676 
   00526    0.6737   -2737.7903  0.2993 
   00527    0.6787   -2796.4888  0.2903 
   00528    0.6681   -2825.7047  0.2825 
   00529    0.6494   -2819.7777  0.2824 
   00530    0.6544   -2790.7718  0.2781 
   00531    0.6450   -2844.1450  0.2772 
   00532    0.6681   -2825.2705  0.2783 
   00533    0.6763   -2835.0056  0.2828 
   00534    0.6694   -2839.8954  0.2706 
   00535    0.6531   -2848.7210  0.2773 
   00536    0.6725   -2765.8118  0.2800 
   00537    0.6594   -2752.0651  0.2628 
   00538    0.6769   -2734.2368  0.2902 
   00539    0.6544   -2784.2692  0.3030 
   00540    0.6456   -2820.1495  0.2858 
   00541    0.6556   -2729.2150  0.2658 
   00542    0.6525   -2758.5532  0.2696 
   00543    0.6525   -2771.9809  0.2685 
   00544    0.6794   -2786.5075  0.2715 
   00545    0.6675   -2854.4128  0.2599 
   00546    0.6606   -2816.5508  0.2523 
   00547    0.6694   -2769.9600  0.2565 
   00548    0.6550   -2826.6387  0.2656 
   00549    0.6600   -2902.6720  0.2558 
   00550    0.6450   -2881.9131  0.2668 
   00551    0.6800   -2802.7803  0.2650 
   00552    0.6544   -2764.8517  0.2757 
   00553    0.6519   -2718.6393  0.2649 
   00554    0.6794   -2855.5263  0.2763 
   00555    0.6681   -2844.9892  0.2610 
   00556    0.6462   -2801.0842  0.2559 
   00557    0.6494   -2743.2540  0.2662 
   00558    0.6669   -2670.4786  0.2525 
   00559    0.6656   -2743.6022  0.2716 
   00560    0.6750   -2696.2970  0.2708 
   00561    0.6744   -2710.1767  0.2794 
   00562    0.6781   -2711.7850  0.3018 
   00563    0.6906   -2752.8884  0.3061 
   00564    0.6737   -2788.7973  0.3058 
   00565    0.6644   -2828.0767  0.2969 
   00566    0.6675   -2795.6842  0.2862 
   00567    0.6637   -2856.7075  0.2861 
   00568    0.6506   -2834.6511  0.2714 
   00569    0.6619   -2801.9535  0.2584 
   00570    0.6681   -2765.3510  0.2827 
   00571    0.6619   -2731.5266  0.2910 
   00572    0.6687   -2696.8557  0.3001 
   00573    0.6562   -2636.9848  0.2991 
   00574    0.6819   -2685.8069  0.2772 
   00575    0.6619   -2850.0873  0.3036 
   00576    0.6769   -2793.6789  0.2634 
   00577    0.6538   -2768.8217  0.2541 
   00578    0.6825   -2668.9022  0.2638 
   00579    0.6625   -2816.2517  0.2553 
   00580    0.6575   -2864.9947  0.2795 
   00581    0.6669   -2816.2466  0.2895 
   00582    0.6500   -2835.3903  0.3021 
   00583    0.6669   -2866.0697  0.3096 
   00584    0.6344   -2915.7177  0.2944 
   00585    0.6594   -2885.6676  0.2916 
   00586    0.6438   -2926.1653  0.2936 
   00587    0.6538   -2851.1875  0.2863 
   00588    0.6581   -2856.4789  0.2840 
   00589    0.6444   -2830.7383  0.2916 
   00590    0.6756   -2820.5698  0.2789 
   00591    0.6650   -2791.8147  0.2745 
   00592    0.6637   -2814.3798  0.2784 
   00593    0.6606   -2807.7382  0.2540 
   00594    0.6787   -2818.0368  0.2731 
   00595    0.6663   -2801.9989  0.2890 
   00596    0.6769   -2796.1921  0.2756 
   00597    0.6663   -2775.2762  0.2882 
   00598    0.6731   -2756.1275  0.2775 
   00599    0.6644   -2764.8772  0.2761 
   00600    0.6581   -2792.0310  0.2617 
   00601    0.6519   -2748.5233  0.2642 
   00602    0.6663   -2748.6611  0.2736 
   00603    0.6650   -2843.5041  0.2717 
   00604    0.6500   -2717.7672  0.2974 
   00605    0.6637   -2744.9954  0.3153 
   00606    0.6763   -2738.2589  0.2980 
   00607    0.6519   -2808.2410  0.2892 
   00608    0.6400   -2829.8661  0.3050 
   00609    0.6550   -2777.0690  0.2949 
   00610    0.6606   -2763.1594  0.2967 
   00611    0.6619   -2869.2344  0.2842 
   00612    0.6494   -2804.6993  0.2775 
   00613    0.6600   -2813.8797  0.2799 
   00614    0.6587   -2790.5894  0.2652 
   00615    0.6512   -2829.8760  0.3007 
   00616    0.6731   -2707.7973  0.3060 
   00617    0.6681   -2762.7437  0.2939 
   00618    0.6856   -2780.6636  0.2827 
   00619    0.6719   -2732.4517  0.2751 
   00620    0.6825   -2652.0431  0.2810 
   00621    0.6900   -2690.9640  0.2763 
   00622    0.6481   -2842.7804  0.2921 
   00623    0.6462   -2926.4980  0.2905 
   00624    0.6394   -2843.1325  0.2890 
   00625    0.6531   -2894.9415  0.2791 
   00626    0.6619   -2887.3949  0.2532 
   00627    0.6625   -2853.8020  0.2575 
   00628    0.6494   -2920.7400  0.2607 
   00629    0.6450   -2874.9505  0.2665 
   00630    0.6619   -2829.7162  0.2653 
   00631    0.6731   -2907.1549  0.2532 
   00632    0.6506   -2852.3255  0.2552 
   00633    0.6756   -2826.3037  0.2865 
   00634    0.6394   -2791.3227  0.2812 
   00635    0.6756   -2710.3821  0.2784 
   00636    0.6744   -2772.0491  0.2664 
   00637    0.6863   -2746.5401  0.2662 
   00638    0.6656   -2853.2854  0.2520 
   00639    0.6587   -2811.1248  0.2639 
   00640    0.6544   -2863.5040  0.2576 
   00641    0.6769   -2748.7676  0.2582 
   00642    0.7000   -2758.7019  0.2675 
   00643    0.6756   -2782.5876  0.2589 
   00644    0.6562   -2822.2872  0.2819 
   00645    0.6275   -2863.4482  0.2929 
   00646    0.6619   -2891.4298  0.2803 
   00647    0.6694   -2825.4228  0.2965 
   00648    0.6356   -2799.5987  0.2922 
   00649    0.6462   -2803.1953  0.2987 
   00650    0.6469   -2827.7449  0.2748 
   00651    0.6613   -2773.2564  0.2638 
   00652    0.6581   -2865.4562  0.2604 
   00653    0.6669   -2814.0580  0.2639 
   00654    0.6419   -2827.4975  0.2737 
   00655    0.6825   -2770.5075  0.2959 
   00656    0.6706   -2784.0206  0.2869 
   00657    0.6725   -2796.6366  0.2752 
   00658    0.6569   -2828.0187  0.2785 
   00659    0.6556   -2825.3408  0.2653 
   00660    0.6512   -2766.4183  0.2540 
   00661    0.6512   -2769.0737  0.2582 
   00662    0.6362   -2798.6506  0.2617 
   00663    0.6637   -2862.1693  0.2684 
   00664    0.6763   -2781.6623  0.2650 
   00665    0.6594   -2833.2190  0.2527 
   00666    0.6500   -2757.0654  0.2533 
   00667    0.6650   -2749.4347  0.2710 
   00668    0.6763   -2775.6699  0.2647 
   00669    0.6400   -2923.2290  0.2729 
   00670    0.6375   -2885.6841  0.2764 
   00671    0.6525   -2918.6458  0.2787 
   00672    0.6488   -2862.1382  0.2617 
   00673    0.6525   -2929.3302  0.2589 
   00674    0.6806   -2811.7942  0.2633 
   00675    0.6737   -2935.5706  0.2677 
   00676    0.6594   -2924.1785  0.2675 
   00677    0.6525   -2907.8216  0.2729 
   00678    0.6706   -2880.7488  0.2689 
   00679    0.6637   -2866.2363  0.2720 
   00680    0.6587   -2915.8301  0.2711 
   00681    0.6669   -2893.2310  0.2977 
   00682    0.6469   -2843.8732  0.2876 
   00683    0.6619   -2906.8539  0.2891 
   00684    0.6488   -3018.2565  0.2770 
   00685    0.6381   -2981.0908  0.2750 
   00686    0.6444   -2860.2357  0.2890 
   00687    0.6344   -3006.4565  0.3054 
   00688    0.6275   -2798.9605  0.2758 
   00689    0.6719   -2794.3907  0.2793 
   00690    0.6544   -2827.1568  0.2864 
   00691    0.6575   -2800.8537  0.2565 
   00692    0.6475   -2826.0913  0.2554 
   00693    0.6763   -2817.3955  0.2562 
   00694    0.6750   -2716.1271  0.2675 
   00695    0.6719   -2733.6721  0.2598 
   00696    0.6425   -2709.2997  0.2912 
   00697    0.6794   -2838.1786  0.2679 
   00698    0.6619   -2832.7649  0.2541 
   00699    0.6569   -2918.5059  0.2579 
   00700    0.6394   -2855.6579  0.2779 
   00701    0.6619   -2838.1044  0.2826 
   00702    0.6344   -2834.0049  0.2792 
   00703    0.6506   -2761.4579  0.2800 
   00704    0.6444   -2865.0969  0.2577 
   00705    0.6550   -2839.9340  0.2685 
   00706    0.6625   -2814.8897  0.2764 
   00707    0.6781   -2827.6944  0.2829 
   00708    0.6719   -2789.2326  0.2814 
   00709    0.6381   -2841.9987  0.2972 
   00710    0.6687   -2792.6339  0.2884 
   00711    0.6650   -2714.9082  0.2764 
   00712    0.6806   -2691.0535  0.2774 
   00713    0.6863   -2705.0346  0.2802 
   00714    0.6813   -2748.1161  0.2772 
   00715    0.6719   -2776.9196  0.2551 
   00716    0.6550   -2841.1379  0.2532 
   00717    0.6700   -2754.7664  0.2655 
   00718    0.6750   -2684.6929  0.2649 
   00719    0.6569   -2815.6952  0.2583 
   00720    0.6906   -2656.8428  0.2724 
   00721    0.6863   -2722.8847  0.2658 
   00722    0.6813   -2734.2502  0.2644 
   00723    0.6725   -2693.1903  0.2818 
   00724    0.6894   -2741.4285  0.2931 
   00725    0.6687   -2822.6752  0.2820 
   00726    0.6625   -2832.6545  0.2807 
   00727    0.6650   -2708.7823  0.2770 
   00728    0.6887   -2697.4298  0.2947 
   00729    0.6644   -2719.4724  0.2731 
   00730    0.6706   -2790.8480  0.2638 
   00731    0.6562   -2828.1083  0.2670 
   00732    0.6731   -2779.2107  0.2678 
   00733    0.6556   -2767.1675  0.2635 
   00734    0.6637   -2827.2526  0.2768 
   00735    0.6800   -2779.7584  0.2737 
   00736    0.6619   -2816.0210  0.2749 
   00737    0.6750   -2759.2621  0.2666 
   00738    0.6806   -2708.2182  0.2687 
   00739    0.6625   -2817.7987  0.2865 
   00740    0.6519   -2844.3360  0.2910 
   00741    0.6644   -2886.0034  0.2710 
   00742    0.6456   -2781.2683  0.2817 
   00743    0.6269   -2826.6867  0.2690 
   00744    0.6737   -2794.8880  0.2661 
   00745    0.6550   -2787.0353  0.2692 
   00746    0.6456   -2868.8837  0.2886 
   00747    0.6381   -2873.4449  0.3159 
   00748    0.6481   -2989.9403  0.3139 
   00749    0.6412   -2851.0409  0.3140 
   00750    0.6575   -2934.5290  0.3062 
   00751    0.6581   -2890.9920  0.3067 
   00752    0.6481   -2847.6050  0.3057 
   00753    0.6412   -2887.9439  0.2790 
   00754    0.6456   -2961.6803  0.2891 
   00755    0.6475   -2848.7250  0.2971 
   00756    0.6562   -2883.9768  0.3168 
   00757    0.6569   -2877.5108  0.3028 
   00758    0.6412   -2778.5347  0.2899 
   00759    0.6831   -2859.9145  0.2725 
   00760    0.6587   -2893.9674  0.2570 
   00761    0.6550   -2918.1107  0.2832 
   00762    0.6331   -2870.5515  0.2817 
   00763    0.6550   -2876.1043  0.2791 
   00764    0.6525   -2844.9652  0.2867 
   00765    0.6775   -2771.0720  0.2805 
   00766    0.6644   -2738.7886  0.2846 
   00767    0.6787   -2711.3630  0.2837 
   00768    0.6650   -2676.1447  0.2932 
   00769    0.6663   -2745.2395  0.2859 
   00770    0.6800   -2744.2218  0.2916 
   00771    0.6687   -2695.0456  0.3022 
   00772    0.6850   -2713.7386  0.3065 
   00773    0.6656   -2854.7583  0.3065 
   00774    0.6631   -2779.1420  0.2876 
   00775    0.6675   -2833.1108  0.2745 
   00776    0.6594   -2715.7813  0.2693 
   00777    0.6725   -2756.9046  0.2673 
   00778    0.6506   -2847.1448  0.2683 
   00779    0.6575   -2820.1995  0.2855 
   00780    0.6587   -2814.0207  0.2904 
   00781    0.6800   -2779.2018  0.2854 
   00782    0.6619   -2726.1296  0.2719 
   00783    0.6756   -2831.4298  0.2664 
   00784    0.6562   -2886.9810  0.2638 
   00785    0.6644   -2851.4316  0.2618 
   00786    0.6388   -2706.0619  0.2517 
   00787    0.6956   -2753.8100  0.2617 
   00788    0.6913   -2780.1704  0.2865 
   00789    0.6687   -2784.2419  0.2974 
   00790    0.6787   -2793.6519  0.2817 
   00791    0.6644   -2843.7278  0.2804 
   00792    0.6444   -2864.3586  0.2554 
   00793    0.6631   -2905.0660  0.2718 
   00794    0.6288   -2859.8807  0.2732 
   00795    0.6819   -2851.1064  0.2753 
   00796    0.6606   -2821.2002  0.2877 
   00797    0.6706   -2850.2724  0.2838 
   00798    0.6444   -2795.7966  0.2618 
   00799    0.6619   -2745.9928  0.2723 
   00800    0.6706   -2783.5649  0.2757 
   00801    0.6819   -2808.8473  0.2862 
   00802    0.6681   -2910.0317  0.2786 
   00803    0.6425   -2838.4519  0.2858 
   00804    0.6900   -2806.8616  0.2949 
   00805    0.6444   -2805.4431  0.2875 
   00806    0.6700   -2838.7050  0.2842 
   00807    0.6675   -2818.7328  0.2973 
   00808    0.6369   -2894.7540  0.2913 
   00809    0.6444   -2940.9462  0.2678 
   00810    0.6488   -2845.8785  0.2866 
   00811    0.6381   -2792.2134  0.2839 
   00812    0.6656   -2747.4153  0.2677 
   00813    0.6656   -2769.5981  0.2779 
   00814    0.6462   -2825.4001  0.2664 
   00815    0.6719   -2931.0729  0.2736 
   00816    0.6756   -2796.0453  0.2671 
   00817    0.6519   -2852.1770  0.2676 
   00818    0.6444   -2713.2543  0.2657 
   00819    0.6913   -2708.5342  0.2658 
   00820    0.6650   -2771.8170  0.2729 
   00821    0.6637   -2907.9136  0.2838 
   00822    0.6469   -2888.2612  0.2806 
   00823    0.6675   -2860.2203  0.2777 
   00824    0.6444   -2882.9822  0.2857 
   00825    0.6400   -2929.4273  0.2918 
   00826    0.6669   -2918.6161  0.2841 
   00827    0.6525   -2814.5680  0.2759 
   00828    0.6531   -2755.8716  0.2719 
   00829    0.6969   -2871.9273  0.2882 
   00830    0.6587   -2825.4119  0.2897 
   00831    0.6600   -2892.7315  0.2868 
   00832    0.6412   -2919.7019  0.2986 
   00833    0.6275   -2970.1661  0.3148 
   00834    0.6550   -2890.5771  0.2942 
   00835    0.6412   -2853.6115  0.2992 
   00836    0.6538   -2996.3956  0.2920 
   00837    0.6525   -2924.8464  0.3096 
   00838    0.6725   -2740.6363  0.2998 
   00839    0.6562   -2763.0486  0.2913 
   00840    0.6663   -2806.0078  0.2994 
   00841    0.6569   -2796.6608  0.2880 
   00842    0.6656   -2909.0877  0.2782 
   00843    0.6606   -2868.2329  0.2789 
   00844    0.6600   -2821.2994  0.2756 
   00845    0.6581   -2779.1134  0.2675 
   00846    0.6575   -2816.8353  0.2646 
   00847    0.6462   -2711.5923  0.2715 
   00848    0.6744   -2584.8137  0.2820 
   00849    0.6556   -2651.2527  0.2911 
   00850    0.6844   -2830.0871  0.3026 
   00851    0.6756   -2886.7434  0.3113 
   00852    0.6475   -2866.8634  0.2987 
   00853    0.6656   -2938.4027  0.2937 
   00854    0.6519   -2921.0237  0.3141 
   00855    0.6200   -2892.4341  0.2937 
   00856    0.6675   -2903.1898  0.2835 
   00857    0.6619   -2830.9040  0.2576 
   00858    0.6856   -2745.9748  0.2742 
   00859    0.6663   -2762.8241  0.2698 
   00860    0.6744   -2761.2129  0.2573 
   00861    0.6512   -2700.8519  0.2658 
   00862    0.6512   -2943.6420  0.2728 
   00863    0.6512   -2801.7063  0.2700 
   00864    0.6769   -2780.5375  0.2701 
   00865    0.6431   -2753.3302  0.2669 
   00866    0.6694   -2761.0577  0.2606 
   00867    0.6625   -2846.9798  0.2639 
   00868    0.6388   -2824.3226  0.2795 
   00869    0.6613   -2770.8247  0.2891 
   00870    0.6637   -2702.6563  0.2973 
   00871    0.6750   -2781.8762  0.3185 
   00872    0.6731   -2757.6109  0.3123 
   00873    0.6844   -2719.0420  0.3017 
   00874    0.6713   -2814.0426  0.3016 
   00875    0.6606   -2859.4889  0.2825 
   00876    0.6488   -2866.5881  0.2836 
   00877    0.6231   -2915.2299  0.2842 
   00878    0.6344   -2876.2784  0.2859 
   00879    0.6512   -2889.8970  0.2827 
   00880    0.6663   -2872.7527  0.2803 
   00881    0.6488   -2852.6280  0.2784 
   00882    0.6606   -2857.1059  0.2742 
   00883    0.6550   -2872.3002  0.2702 
   00884    0.6575   -2881.3564  0.2724 
   00885    0.6375   -2870.7131  0.2929 
   00886    0.6525   -2943.9651  0.2930 
   00887    0.6506   -2946.7411  0.3117 
   00888    0.6531   -2931.9264  0.3011 
   00889    0.6631   -2972.4997  0.3154 
   00890    0.6538   -2823.6117  0.2909 
   00891    0.6600   -2879.5408  0.2838 
   00892    0.6425   -2888.1197  0.2797 
   00893    0.6369   -2945.3019  0.2852 
   00894    0.6469   -2902.0112  0.3018 
   00895    0.6481   -2849.9341  0.2816 
   00896    0.6644   -2914.2876  0.2794 
   00897    0.6419   -2928.3013  0.2800 
   00898    0.6794   -2882.2388  0.2673 
   00899    0.6581   -2823.9123  0.2672 
   00900    0.6494   -2885.3025  0.2768 
   00901    0.6375   -2974.1266  0.2864 
   00902    0.6406   -2925.0370  0.2745 
   00903    0.6562   -2936.0749  0.2696 
   00904    0.6450   -2802.9176  0.2645 
   00905    0.6656   -2843.9311  0.2767 
   00906    0.6631   -2821.3859  0.2730 
   00907    0.6488   -2817.9855  0.2897 
   00908    0.6763   -2767.4982  0.2930 
   00909    0.6694   -2763.1055  0.2891 
   00910    0.6581   -2782.0108  0.2899 
   00911    0.6575   -2780.8175  0.2728 
   00912    0.6475   -2780.9889  0.2645 
   00913    0.6244   -2796.8172  0.2741 
   00914    0.6806   -2762.1501  0.2724 
   00915    0.6581   -2809.7200  0.2847 
   00916    0.6587   -2835.6559  0.2767 
   00917    0.6819   -2712.4616  0.2628 
   00918    0.6919   -2694.7088  0.2705 
   00919    0.6694   -2744.2137  0.2714 
   00920    0.6719   -2801.8328  0.2896 
   00921    0.6694   -2733.8746  0.2851 
   00922    0.6706   -2744.6599  0.2885 
   00923    0.6706   -2757.9327  0.2931 
   00924    0.6675   -2792.4525  0.2993 
   00925    0.6769   -2776.6835  0.2815 
   00926    0.6456   -2730.3294  0.2816 
   00927    0.6550   -2692.4297  0.2780 
   00928    0.6587   -2742.1214  0.2652 
   00929    0.6594   -2709.0978  0.2656 
   00930    0.6669   -2740.1323  0.2889 
   00931    0.6556   -2784.6751  0.2904 
   00932    0.6625   -2815.6925  0.2772 
   00933    0.6613   -2878.1734  0.2810 
   00934    0.6450   -2862.5043  0.2870 
   00935    0.6550   -2871.8031  0.2643 
   00936    0.6944   -2811.9668  0.2715 
   00937    0.6787   -2799.4117  0.2751 
   00938    0.6475   -2785.4460  0.2637 
   00939    0.6856   -2787.7962  0.2715 
   00940    0.6556   -2867.8057  0.2719 
   00941    0.6431   -2876.9196  0.2907 
   00942    0.6319   -3058.9085  0.3078 
   00943    0.6419   -3009.4978  0.3002 
   00944    0.6350   -2990.5313  0.3033 
   00945    0.6512   -2914.6725  0.3097 
   00946    0.6356   -2845.2010  0.3002 
   00947    0.6656   -2754.9784  0.2919 
   00948    0.6575   -2791.1658  0.3065 
   00949    0.6875   -2826.7849  0.3175 
   00950    0.6706   -2748.8477  0.3063 
   00951    0.6681   -2852.4321  0.3022 
   00952    0.6706   -2862.9183  0.2814 
   00953    0.6362   -2831.3922  0.2810 
   00954    0.6488   -2828.7228  0.2769 
   00955    0.6431   -2886.9184  0.2574 
   00956    0.6306   -2860.5747  0.2564 
   00957    0.6731   -2852.2585  0.2547 
   00958    0.6850   -2800.6500  0.2862 
   00959    0.6613   -2783.4143  0.2916 
   00960    0.6631   -2845.1040  0.3058 
   00961    0.6650   -2740.2900  0.3161 
   00962    0.6587   -2803.4497  0.2956 
   00963    0.6525   -2768.3358  0.3072 
   00964    0.6719   -2757.2111  0.2844 
   00965    0.6581   -2762.1646  0.3134 
   00966    0.6669   -2796.5946  0.3037 
   00967    0.6619   -2715.2787  0.3091 
   00968    0.6569   -2872.8212  0.3004 
   00969    0.6425   -2899.1767  0.3062 
   00970    0.6500   -2814.5815  0.2986 
   00971    0.6562   -2810.7395  0.2753 
   00972    0.6412   -2947.5324  0.2618 
   00973    0.6706   -2910.8122  0.2519 
   00974    0.6275   -2819.8162  0.2739 
   00975    0.6412   -2785.8354  0.2649 
   00976    0.6631   -2761.1521  0.2672 
   00977    0.6906   -2733.0139  0.2749 
   00978    0.6356   -2839.7603  0.2689 
   00979    0.6669   -2723.4771  0.2723 
   00980    0.6856   -2798.4863  0.2583 
   00981    0.6356   -2864.9182  0.2680 
   00982    0.6706   -2927.8125  0.2642 
   00983    0.6663   -2802.2941  0.2628 
   00984    0.6356   -2902.0153  0.2608 
   00985    0.6362   -2829.3919  0.2747 
   00986    0.6813   -2778.0653  0.2675 
   00987    0.6525   -2834.7028  0.2720 
   00988    0.6531   -2783.4426  0.2723 
   00989    0.6837   -2798.8966  0.2646 
   00990    0.6569   -2872.9160  0.2757 
   00991    0.6569   -2752.4550  0.2654 
   00992    0.6763   -2817.0413  0.2819 
   00993    0.6375   -2770.5904  0.2571 
   00994    0.6694   -2770.7384  0.2701 
   00995    0.6806   -2737.4681  0.2750 
   00996    0.6769   -2786.3656  0.2749 
   00997    0.6644   -2813.8865  0.2670 
   00998    0.6581   -2824.6409  0.2715 
   00999    0.6544   -2772.3453  0.2647 
   01000    0.6719   -2817.8050  0.2726 
