#=====================================================
# File created:        Mon-06-Nov-2023-at-03-16-45PM
# Size of lattice:     60x60
# Number of MC steps:  1000
# Reduced temperature: 0.400
# Run time (s):        16.107060
#=====================================================
# MC step:  Ratio:     Energy:   Order:
#=====================================================
   00000    0.5000   -3702.8934  0.2698 
   00001    0.6942   -5358.7783  0.2808 
   00002    0.6217   -6526.8025  0.2847 
   00003    0.5839   -7286.4602  0.2867 
   00004    0.5719   -7945.6746  0.2869 
   00005    0.5544   -8440.9999  0.2910 
   00006    0.5306   -8972.9095  0.2925 
   00007    0.5247   -9316.0466  0.2991 
   00008    0.5269   -9672.3894  0.3043 
   00009    0.5039   -9938.0225  0.3138 
   00010    0.4925  -10176.8739  0.3252 
   00011    0.4844  -10434.1443  0.3340 
   00012    0.4797  -10562.9275  0.3434 
   00013    0.4803  -10676.2240  0.3490 
   00014    0.4656  -10788.2895  0.3525 
   00015    0.4561  -10901.6632  0.3574 
   00016    0.4789  -10961.5380  0.3608 
   00017    0.4761  -11087.8902  0.3695 
   00018    0.4686  -11170.1332  0.3753 
   00019    0.4719  -11257.8921  0.3781 
   00020    0.4592  -11320.1461  0.3818 
   00021    0.4697  -11367.1831  0.3817 
   00022    0.4528  -11432.4203  0.3814 
   00023    0.4525  -11503.7504  0.3823 
   00024    0.4528  -11524.6053  0.3814 
   00025    0.4525  -11557.4626  0.3818 
   00026    0.4353  -11622.6113  0.3903 
   00027    0.4583  -11633.6141  0.3944 
   00028    0.4650  -11651.2321  0.3975 
   00029    0.4478  -11675.9243  0.3929 
   00030    0.4467  -11692.2531  0.3977 
   00031    0.4394  -11761.2739  0.4016 
   00032    0.4517  -11814.8565  0.4060 
   00033    0.4606  -11868.4851  0.4086 
   00034    0.4531  -11876.9138  0.4120 
   00035    0.4358  -11886.5228  0.4107 
   00036    0.4444  -11854.0807  0.4113 
   00037    0.4464  -11933.3238  0.4155 
   00038    0.4428  -11924.8678  0.4133 
   00039    0.4464  -11918.7911  0.4144 
   00040    0.4525  -11925.2624  0.4073 
   00041    0.4467  -11895.7412  0.4033 
   00042    0.4528  -11898.0242  0.4104 
   00043    0.4392  -11944.4506  0.4144 
   00044    0.4383  -11989.9505  0.4172 
   00045    0.4431  -12016.6884  0.4205 
   00046    0.4353  -12007.4938  0.4203 
   00047    0.4450  -11979.9604  0.4205 
   00048    0.4450  -12011.2412  0.4245 
   00049    0.4450  -12005.0108  0.4236 
   00050    0.4342  -11995.3194  0.4244 
   00051    0.4300  -12041.3706  0.4313 
   00052    0.4361  -12032.9098  0.4358 
   00053    0.4411  -12063.3580  0.4356 
   00054    0.4428  -12099.4728  0.4408 
   00055    0.4342  -12115.1509  0.4441 
   00056    0.4508  -12107.0016  0.4469 
   00057    0.4381  -12125.3882  0.4467 
   00058    0.4303  -12117.5540  0.4479 
   00059    0.4267  -12147.3804  0.4513 
   00060    0.4489  -12176.3864  0.4531 
   00061    0.4333  -12145.9069  0.4516 
   00062    0.4458  -12181.5127  0.4535 
   00063    0.4286  -12172.0887  0.4519 
   00064    0.4283  -12129.7165  0.4553 
   00065    0.4497  -12212.2097  0.4609 
   00066    0.4394  -12202.6682  0.4605 
   00067    0.4269  -12218.7785  0.4576 
   00068    0.4308  -12197.2734  0.4551 
   00069    0.4339  -12246.7125  0.4571 
   00070    0.4311  -12198.9023  0.4626 
   00071    0.4311  -12176.3076  0.4625 
   00072    0.4317  -12181.4458  0.4595 
   00073    0.4325  -12161.7703  0.4622 
   00074    0.4367  -12193.3260  0.4628 
   00075    0.4158  -12234.4688  0.4619 
   00076    0.4406  -12266.0677  0.4584 
   00077    0.4344  -12281.9296  0.4588 
   00078    0.4353  -12281.8851  0.4642 
   00079    0.4317  -12253.6141  0.4673 
   00080    0.4281  -12248.4325  0.4682 
   00081    0.4389  -12267.7421  0.4656 
   00082    0.4269  -12280.0272  0.4735 
   00083    0.4256  -12271.6420  0.4748 
   00084    0.4392  -12261.0059  0.4738 
   00085    0.4292  -12295.8185  0.4795 
   00086    0.4217  -12337.4519  0.4805 
   00087    0.4272  -12360.6049  0.4806 
   00088    0.4253  -12355.8076  0.4773 
   00089    0.4331  -12387.9988  0.4773 
   00090    0.4350  -12363.4434  0.4821 
   00091    0.4289  -12370.7312  0.4762 
   00092    0.4336  -12367.5799  0.4758 
   00093    0.4247  -12321.2085  0.4768 
   00094    0.4208  -12306.5342  0.4783 
   00095    0.4439  -12294.3488  0.4795 
   00096    0.4294  -12303.5094  0.4788 
   00097    0.4300  -12296.9060  0.4786 
   00098    0.4442  -12316.5105  0.4786 
   00099    0.4325  -12324.5391  0.4749 
   00100    0.4219  -12382.4484  0.4765 
   00101    0.4253  -12408.0272  0.4761 
   00102    0.4114  -12393.5776  0.4746 
   00103    0.4375  -12382.5112  0.4738 
   00104    0.4250  -12369.0861  0.4725 
   00105    0.4208  -12315.3992  0.4746 
   00106    0.4358  -12341.3245  0.4777 
   00107    0.4364  -12366.5118  0.4755 
   00108    0.4306  -12353.7238  0.4747 
   00109    0.4408  -12347.5833  0.4771 
   00110    0.4308  -12325.1657  0.4761 
   00111    0.4358  -12334.7263  0.4777 
   00112    0.4358  -12378.9342  0.4765 
   00113    0.4375  -12387.1458  0.4763 
   00114    0.4394  -12363.5467  0.4782 
   00115    0.4244  -12336.0245  0.4833 
   00116    0.4408  -12349.1116  0.4908 
   00117    0.4339  -12340.8052  0.4882 
   00118    0.4314  -12357.2463  0.4893 
   00119    0.4278  -12353.4224  0.4904 
   00120    0.4478  -12331.2971  0.4918 
   00121    0.4475  -12332.6622  0.4931 
   00122    0.4197  -12351.6078  0.4947 
   00123    0.4331  -12349.0651  0.4903 
   00124    0.4231  -12366.5132  0.4922 
   00125    0.4400  -12323.2497  0.4913 
   00126    0.4378  -12381.8488  0.4987 
   00127    0.4275  -12402.7215  0.5035 
   00128    0.4283  -12365.6363  0.5011 
   00129    0.4286  -12418.7661  0.5039 
   00130    0.4300  -12464.8396  0.5096 
   00131    0.4258  -12462.7731  0.5084 
   00132    0.4356  -12487.9867  0.5119 
   00133    0.4206  -12477.8606  0.5153 
   00134    0.4297  -12464.2895  0.5187 
   00135    0.4269  -12464.1632  0.5184 
   00136    0.4247  -12464.7583  0.5176 
   00137    0.4222  -12519.1305  0.5223 
   00138    0.4281  -12505.2514  0.5196 
   00139    0.4297  -12476.1823  0.5197 
   00140    0.4311  -12446.1990  0.5197 
   00141    0.4486  -12522.0836  0.5164 
   00142    0.4231  -12531.2646  0.5125 
   00143    0.4311  -12505.1004  0.5111 
   00144    0.4286  -12514.8711  0.5131 
   00145    0.4272  -12530.7382  0.5102 
   00146    0.4317  -12535.3542  0.5083 
   00147    0.4342  -12538.1428  0.5111 
   00148    0.4336  -12517.9045  0.5135 
   00149    0.4256  -12533.3272  0.5156 
   00150    0.4133  -12565.5267  0.5128 
   00151    0.4253  -12510.2551  0.5111 
   00152    0.4253  -12542.6569  0.5112 
   00153    0.4269  -12532.7671  0.5141 
   00154    0.4244  -12536.4384  0.5140 
   00155    0.4361  -12502.1142  0.5111 
   00156    0.4275  -12498.0261  0.5161 
   00157    0.4203  -12512.0571  0.5166 
   00158    0.4342  -12517.8495  0.5194 
   00159    0.4300  -12529.7373  0.5200 
   00160    0.4253  -12550.7491  0.5218 
   00161    0.4206  -12583.4676  0.5252 
   00162    0.4394  -12591.6530  0.5278 
   00163    0.4278  -12578.2574  0.5350 
   00164    0.4264  -12547.8807  0.5336 
   00165    0.4317  -12549.2500  0.5352 
   00166    0.4150  -12565.4512  0.5318 
   00167    0.4339  -12572.3668  0.5314 
   00168    0.4228  -12581.7513  0.5358 
   00169    0.4394  -12556.6045  0.5309 
   00170    0.4203  -12548.1886  0.5308 
   00171    0.4281  -12551.3670  0.5317 
   00172    0.4242  -12526.1790  0.5336 
   00173    0.4286  -12522.5831  0.5360 
   00174    0.4261  -12517.5779  0.5367 
   00175    0.4300  -12561.5489  0.5329 
   00176    0.4336  -12517.5623  0.5339 
   00177    0.4311  -12538.7606  0.5385 
   00178    0.4256  -12560.7476  0.5409 
   00179    0.4186  -12562.5849  0.5426 
   00180    0.4164  -12578.6223  0.5391 
   00181    0.4442  -12591.5656  0.5404 
   00182    0.4369  -12621.3377  0.5381 
   00183    0.4233  -12604.0904  0.5392 
   00184    0.4211  -12577.7763  0.5413 
   00185    0.4261  -12529.5888  0.5418 
   00186    0.4278  -12515.5929  0.5419 
   00187    0.4411  -12528.7159  0.5425 
   00188    0.4294  -12544.2890  0.5413 
   00189    0.4203  -12510.5434  0.5411 
   00190    0.4089  -12469.6555  0.5400 
   00191    0.4325  -12534.4283  0.5426 
   00192    0.4386  -12568.6615  0.5420 
   00193    0.4333  -12532.1182  0.5391 
   00194    0.4325  -12563.0214  0.5414 
   00195    0.4233  -12571.7720  0.5431 
   00196    0.4322  -12618.2439  0.5480 
   00197    0.4064  -12621.2141  0.5455 
   00198    0.4314  -12561.3408  0.5490 
   00199    0.4314  -12529.1720  0.5493 
   00200    0.4086  -12565.2447  0.5508 
   00201    0.4350  -12595.1291  0.5514 
   00202    0.4325  -12601.6172  0.5509 
   00203    0.4275  -12577.8805  0.5534 
   00204    0.4222  -12570.7702  0.5520 
   00205    0.4311  -12556.6605  0.5549 
   00206    0.4217  -12540.6861  0.5526 
   00207    0.4306  -12579.9874  0.5533 
   00208    0.4389  -12552.4353  0.5509 
   00209    0.4311  -12595.2150  0.5501 
   00210    0.4367  -12594.0685  0.5516 
   00211    0.4344  -12597.1146  0.5543 
   00212    0.4183  -12597.9795  0.5489 
   00213    0.4164  -12595.9785  0.5472 
   00214    0.4042  -12596.2225  0.5447 
   00215    0.4381  -12567.7278  0.5430 
   00216    0.4239  -12563.5959  0.5431 
   00217    0.4217  -12574.0332  0.5460 
   00218    0.4319  -12551.7065  0.5461 
   00219    0.4328  -12534.2927  0.5441 
   00220    0.4350  -12553.0096  0.5432 
   00221    0.4233  -12557.0770  0.5450 
   00222    0.4181  -12585.2483  0.5485 
   00223    0.4172  -12612.7892  0.5486 
   00224    0.4294  -12613.3125  0.5451 
   00225    0.4242  -12599.6183  0.5442 
   00226    0.4342  -12611.5328  0.5449 
   00227    0.4131  -12598.8711  0.5443 
   00228    0.4242  -12597.6498  0.5439 
   00229    0.4317  -12585.6429  0.5422 
   00230    0.4261  -12615.5762  0.5432 
   00231    0.4336  -12676.2856  0.5467 
   00232    0.4203  -12638.0702  0.5439 
   00233    0.4136  -12644.0817  0.5450 
   00234    0.4167  -12616.0222  0.5452 
   00235    0.4364  -12631.9329  0.5478 
   00236    0.4278  -12610.2080  0.5534 
   00237    0.4172  -12614.8584  0.5531 
   00238    0.4269  -12627.2884  0.5557 
   00239    0.4322  -12653.1065  0.5579 
   00240    0.4242  -12664.6419  0.5590 
   00241    0.4206  -12658.1131  0.5631 
   00242    0.4214  -12617.1167  0.5655 
   00243    0.4228  -12643.0914  0.5669 
   00244    0.4300  -12631.5217  0.5638 
   00245    0.4192  -12638.2070  0.5667 
   00246    0.4347  -12639.2696  0.5696 
   00247    0.4267  -12677.9425  0.5646 
   00248    0.4106  -12674.5378  0.5648 
   00249    0.4308  -12653.4937  0.5613 
   00250    0.4272  -12614.9430  0.5636 
   00251    0.4253  -12638.2006  0.5647 
   00252    0.4147  -12646.2120  0.5683 
   00253    0.4231  -12651.2437  0.5668 
   00254    0.4258  -12670.6334  0.5655 
   00255    0.4269  -12687.8107  0.5669 
   00256    0.4453  -12573.6481  0.5704 
   00257    0.4300  -12583.6966  0.5705 
   00258    0.4269  -12600.8873  0.5745 
   00259    0.4158  -12607.2878  0.5777 
   00260    0.4250  -12623.7303  0.5760 
   00261    0.4294  -12634.3873  0.5741 
   00262    0.4267  -12666.7905  0.5736 
   00263    0.4394  -12599.8539  0.5783 
   00264    0.4194  -12611.5390  0.5773 
   00265    0.4303  -12579.6878  0.5777 
   00266    0.4219  -12591.1537  0.5802 
   00267    0.4108  -12605.2465  0.5809 
   00268    0.4228  -12642.9032  0.5840 
   00269    0.4258  -12673.6096  0.5831 
   00270    0.4292  -12663.1759  0.5825 
   00271    0.4361  -12673.9952  0.5864 
   00272    0.4083  -12694.1682  0.5891 
   00273    0.4175  -12697.0647  0.5938 
   00274    0.4164  -12733.7823  0.5967 
   00275    0.4214  -12714.6922  0.5943 
   00276    0.4306  -12708.9956  0.5971 
   00277    0.4128  -12714.8820  0.5961 
   00278    0.4314  -12687.4620  0.5953 
   00279    0.4281  -12667.1021  0.5940 
   00280    0.4211  -12663.2467  0.5952 
   00281    0.4408  -12644.8793  0.5936 
   00282    0.4311  -12612.8451  0.5891 
   00283    0.4297  -12606.6716  0.5875 
   00284    0.4500  -12621.5362  0.5877 
   00285    0.4344  -12642.7579  0.5884 
   00286    0.4192  -12610.5151  0.5876 
   00287    0.4006  -12610.3726  0.5890 
   00288    0.4314  -12639.7233  0.5838 
   00289    0.4297  -12640.5993  0.5849 
   00290    0.4386  -12608.5663  0.5870 
   00291    0.4194  -12614.9308  0.5900 
   00292    0.4247  -12628.2377  0.5885 
   00293    0.4269  -12655.6815  0.5935 
   00294    0.4356  -12694.0618  0.5950 
   00295    0.4044  -12672.5782  0.5950 
   00296    0.4222  -12713.1802  0.5957 
   00297    0.4161  -12703.5206  0.5978 
   00298    0.4311  -12684.0411  0.5959 
   00299    0.4308  -12686.9378  0.5963 
   00300    0.4172  -12705.6799  0.5947 
   00301    0.4142  -12712.2060  0.5935 
   00302    0.4269  -12705.4374  0.5937 
   00303    0.4139  -12721.4247  0.5936 
   00304    0.4261  -12742.4733  0.5930 
   00305    0.4292  -12746.9677  0.5930 
   00306    0.4200  -12763.5468  0.5888 
   00307    0.4222  -12775.4137  0.5923 
   00308    0.4217  -12744.9916  0.5939 
   00309    0.4281  -12731.0664  0.5908 
   00310    0.4361  -12726.1348  0.5889 
   00311    0.4256  -12724.5761  0.5888 
   00312    0.4189  -12707.8591  0.5909 
   00313    0.4075  -12705.6452  0.5967 
   00314    0.4344  -12688.7472  0.6013 
   00315    0.4178  -12677.2768  0.6004 
   00316    0.4436  -12741.8769  0.6022 
   00317    0.4261  -12735.4901  0.6007 
   00318    0.4311  -12724.1935  0.5993 
   00319    0.4228  -12699.0157  0.5983 
   00320    0.4317  -12714.0552  0.5953 
   00321    0.4117  -12733.1000  0.5914 
   00322    0.4281  -12718.8364  0.5924 
   00323    0.4233  -12723.5214  0.5902 
   00324    0.4344  -12712.2215  0.5875 
   00325    0.4072  -12718.1102  0.5883 
   00326    0.4025  -12696.8298  0.5897 
   00327    0.4297  -12691.7078  0.5889 
   00328    0.4211  -12732.4749  0.5899 
   00329    0.4186  -12705.1282  0.5896 
   00330    0.4339  -12714.3208  0.5866 
   00331    0.4197  -12696.5674  0.5869 
   00332    0.4297  -12687.3565  0.5878 
   00333    0.4181  -12665.9198  0.5912 
   00334    0.4331  -12659.5662  0.5934 
   00335    0.4158  -12667.4585  0.5922 
   00336    0.4331  -12687.9836  0.5967 
   00337    0.4286  -12694.2725  0.6008 
   00338    0.4236  -12689.1224  0.5969 
   00339    0.4228  -12707.6624  0.5950 
   00340    0.4169  -12696.4455  0.5936 
   00341    0.4297  -12749.4562  0.5961 
   00342    0.4200  -12727.3285  0.5964 
   00343    0.4383  -12702.5721  0.5909 
   00344    0.4242  -12693.1332  0.5927 
   00345    0.4289  -12664.5838  0.5906 
   00346    0.4103  -12649.4364  0.5915 
   00347    0.4389  -12649.2366  0.5965 
   00348    0.4281  -12672.2040  0.5980 
   00349    0.4303  -12674.1216  0.5992 
   00350    0.4292  -12651.4576  0.6019 
   00351    0.4375  -12671.0854  0.6003 
   00352    0.4136  -12701.0302  0.6030 
   00353    0.4131  -12622.4722  0.6000 
   00354    0.4117  -12689.8679  0.6021 
   00355    0.4144  -12685.2260  0.6022 
   00356    0.4147  -12685.3548  0.6025 
   00357    0.4239  -12671.1526  0.5992 
   00358    0.4392  -12674.5534  0.6002 
   00359    0.4292  -12665.9715  0.5968 
   00360    0.4375  -12684.5594  0.5993 
   00361    0.4158  -12710.9585  0.5987 
   00362    0.4214  -12729.4112  0.6025 
   00363    0.4317  -12698.8987  0.6045 
   00364    0.4161  -12672.3608  0.6047 
   00365    0.4183  -12650.9760  0.6043 
   00366    0.4275  -12668.6604  0.6041 
   00367    0.4211  -12711.9630  0.6061 
   00368    0.4364  -12746.4976  0.6088 
   00369    0.4408  -12696.1308  0.6084 
   00370    0.4117  -12735.6759  0.6109 
   00371    0.4286  -12765.9800  0.6159 
   00372    0.4158  -12794.0832  0.6176 
   00373    0.4239  -12756.5152  0.6185 
   00374    0.4242  -12742.9952  0.6216 
   00375    0.4278  -12745.3139  0.6255 
   00376    0.4461  -12731.3177  0.6284 
   00377    0.4336  -12754.7593  0.6268 
   00378    0.4372  -12741.1408  0.6249 
   00379    0.4175  -12733.5183  0.6256 
   00380    0.4253  -12701.7005  0.6248 
   00381    0.4294  -12701.5458  0.6238 
   00382    0.4231  -12724.6333  0.6273 
   00383    0.4214  -12723.5640  0.6236 
   00384    0.4289  -12713.6118  0.6256 
   00385    0.4219  -12698.6986  0.6298 
   00386    0.4106  -12716.6836  0.6284 
   00387    0.4222  -12662.1182  0.6259 
   00388    0.4364  -12633.8499  0.6276 
   00389    0.4169  -12668.2614  0.6323 
   00390    0.4242  -12669.6821  0.6374 
   00391    0.4256  -12709.6616  0.6364 
   00392    0.4386  -12702.7435  0.6396 
   00393    0.4161  -12688.1203  0.6404 
   00394    0.4208  -12672.9234  0.6391 
   00395    0.4131  -12690.8030  0.6416 
   00396    0.4169  -12714.1334  0.6429 
   00397    0.4339  -12669.3980  0.6440 
   00398    0.4247  -12723.7614  0.6426 
   00399    0.4239  -12729.5690  0.6392 
   00400    0.4275  -12723.8256  0.6425 
   00401    0.4072  -12722.7103  0.6341 
   00402    0.4233  -12731.5655  0.6371 
   00403    0.4069  -12743.9885  0.6359 
   00404    0.4142  -12791.9937  0.6424 
   00405    0.4203  -12760.1662  0.6388 
   00406    0.4156  -12741.4845  0.6395 
   00407    0.4347  -12718.0235  0.6412 
   00408    0.4289  -12754.8244  0.6406 
   00409    0.4189  -12719.8364  0.6412 
   00410    0.4175  -12680.5041  0.6410 
   00411    0.4197  -12676.2883  0.6417 
   00412    0.4236  -12703.3276  0.6421 
   00413    0.4231  -12670.6445  0.6434 
   00414    0.4275  -12655.9600  0.6446 
   00415    0.4261  -12645.8344  0.6435 
   00416    0.4297  -12648.6892  0.6415 
   00417    0.4194  -12701.5531  0.6437 
   00418    0.4278  -12691.6671  0.6422 
   00419    0.4211  -12686.8960  0.6460 
   00420    0.4258  -12681.9450  0.6418 
   00421    0.4347  -12707.3188  0.6439 
   00422    0.4153  -12730.4648  0.6416 
   00423    0.4225  -12725.6587  0.6434 
   00424    0.4094  -12718.9829  0.6447 
   00425    0.4375  -12727.3177  0.6446 
   00426    0.4281  -12729.0094  0.6457 
   00427    0.4225  -12693.6656  0.6405 
   00428    0.4378  -12638.8687  0.6352 
   00429    0.4169  -12689.6450  0.6380 
   00430    0.4136  -12695.9629  0.6390 
   00431    0.4219  -12732.8368  0.6398 
   00432    0.4289  -12725.2968  0.6402 
   00433    0.4272  -12762.7212  0.6420 
   00434    0.4275  -12781.3876  0.6398 
   00435    0.4292  -12739.6776  0.6390 
   00436    0.4475  -12744.1861  0.6413 
   00437    0.4158  -12759.1156  0.6375 
   00438    0.4283  -12739.2784  0.6386 
   00439    0.4319  -12768.1291  0.6393 
   00440    0.4208  -12807.1923  0.6376 
   00441    0.4189  -12808.2732  0.6379 
   00442    0.4078  -12799.7647  0.6358 
   00443    0.4297  -12774.4557  0.6361 
   00444    0.4197  -12761.5245  0.6333 
   00445    0.4114  -12745.6507  0.6354 
   00446    0.4311  -12763.8774  0.6382 
   00447    0.4142  -12769.4260  0.6346 
   00448    0.4225  -12793.0437  0.6330 
   00449    0.4283  -12748.9581  0.6343 
   00450    0.4308  -12750.1133  0.6357 
   00451    0.4281  -12766.3019  0.6370 
   00452    0.4269  -12755.6173  0.6387 
   00453    0.4250  -12770.0522  0.6367 
   00454    0.4300  -12753.5220  0.6395 
   00455    0.4075  -12731.6574  0.6445 
   00456    0.4197  -12740.0009  0.6472 
   00457    0.4350  -12773.6679  0.6440 
   00458    0.4317  -12742.7226  0.6389 
   00459    0.4178  -12736.0003  0.6352 
   00460    0.4319  -12708.8414  0.6355 
   00461    0.4289  -12756.8091  0.6332 
   00462    0.4236  -12728.8969  0.6323 
   00463    0.4178  -12743.9968  0.6356 
   00464    0.4250  -12744.9118  0.6283 
   00465    0.4275  -12795.8081  0.6260 
   00466    0.4203  -12734.1100  0.6229 
   00467    0.4028  -12767.4291  0.6245 
   00468    0.4133  -12763.0600  0.6234 
   00469    0.4186  -12736.9602  0.6205 
   00470    0.4336  -12742.1565  0.6249 
   00471    0.4317  -12727.5886  0.6294 
   00472    0.4103  -12718.6401  0.6268 
   00473    0.4289  -12723.1877  0.6271 
   00474    0.4383  -12758.4758  0.6280 
   00475    0.4267  -12737.9706  0.6331 
   00476    0.4361  -12748.4558  0.6290 
   00477    0.4231  -12772.0651  0.6289 
   00478    0.4303  -12777.7650  0.6301 
   00479    0.4256  -12778.2084  0.6305 
   00480    0.4214  -12745.6157  0.6288 
   00481    0.4281  -12727.8363  0.6269 
   00482    0.4308  -12724.8926  0.6301 
   00483    0.4381  -12800.2708  0.6334 
   00484    0.4261  -12773.2062  0.6342 
   00485    0.4231  -12775.5637  0.6398 
   00486    0.4153  -12774.6403  0.6359 
   00487    0.4319  -12719.6139  0.6346 
   00488    0.4250  -12757.7693  0.6405 
   00489    0.4222  -12721.7588  0.6407 
   00490    0.4192  -12755.0975  0.6406 
   00491    0.4100  -12743.5631  0.6409 
   00492    0.4103  -12755.0498  0.6380 
   00493    0.4214  -12758.3484  0.6409 
   00494    0.4294  -12746.2232  0.6437 
   00495    0.4353  -12714.1747  0.6378 
   00496    0.4183  -12718.3950  0.6320 
   00497    0.4161  -12732.4414  0.6316 
   00498    0.4397  -12697.2615  0.6332 
   00499    0.4200  -12752.6055  0.6360 
   00500    0.4250  -12755.6044  0.6365 
   00501    0.4278  -12786.2456  0.6349 
   00502    0.4189  -12748.8526  0.6317 
   00503    0.4186  -12802.6028  0.6344 
   00504    0.4206  -12767.3178  0.6351 
   00505    0.4214  -12783.6013  0.6374 
   00506    0.4192  -12774.0006  0.6414 
   00507    0.4464  -12763.4206  0.6379 
   00508    0.4250  -12757.6360  0.6385 
   00509    0.4247  -12752.5591  0.6408 
   00510    0.4281  -12766.0545  0.6450 
   00511    0.4247  -12753.7207  0.6470 
   00512    0.4333  -12768.6400  0.6495 
   00513    0.4194  -12770.9580  0.6421 
   00514    0.4347  -12786.7941  0.6413 
   00515    0.4186  -12782.7405  0.6417 
   00516    0.4253  -12816.4426  0.6446 
   00517    0.4236  -12818.3533  0.6427 
   00518    0.4256  -12822.9084  0.6451 
   00519    0.4158  -12843.0956  0.6500 
   00520    0.4292  -12843.5918  0.6484 
   00521    0.4167  -12829.6558  0.6496 
   00522    0.4369  -12795.6099  0.6497 
   00523    0.4061  -12813.9943  0.6527 
   00524    0.4189  -12820.2237  0.6500 
   00525    0.4142  -12810.3337  0.6480 
   00526    0.4364  -12793.0860  0.6456 
   00527    0.4236  -12767.2578  0.6468 
   00528    0.4167  -12775.3655  0.6462 
   00529    0.4333  -12769.3769  0.6446 
   00530    0.4081  -12780.0722  0.6465 
   00531    0.4103  -12776.9015  0.6485 
   00532    0.4278  -12793.4242  0.6500 
   00533    0.4228  -12789.1328  0.6538 
   00534    0.4219  -12820.6754  0.6567 
   00535    0.4344  -12823.6715  0.6562 
   00536    0.4333  -12820.2661  0.6559 
   00537    0.4161  -12786.8034  0.6568 
   00538    0.4344  -12770.9862  0.6580 
   00539    0.4256  -12734.0003  0.6560 
   00540    0.4392  -12770.0243  0.6549 
   00541    0.4392  -12799.2813  0.6544 
   00542    0.4317  -12759.5858  0.6557 
   00543    0.4392  -12783.8009  0.6576 
   00544    0.4256  -12729.3103  0.6512 
   00545    0.4200  -12766.0608  0.6522 
   00546    0.4314  -12798.3449  0.6509 
   00547    0.4286  -12803.5822  0.6528 
   00548    0.4483  -12808.3702  0.6560 
   00549    0.4106  -12771.9292  0.6539 
   00550    0.4247  -12767.3324  0.6521 
   00551    0.4197  -12801.7058  0.6528 
   00552    0.4333  -12761.4274  0.6533 
   00553    0.4272  -12784.4337  0.6566 
   00554    0.4128  -12748.2696  0.6570 
   00555    0.4186  -12787.0131  0.6573 
   00556    0.4275  -12833.1715  0.6568 
   00557    0.4217  -12808.8240  0.6562 
   00558    0.4272  -12799.4178  0.6614 
   00559    0.4297  -12791.8568  0.6612 
   00560    0.4300  -12809.0636  0.6635 
   00561    0.4253  -12808.6018  0.6635 
   00562    0.4386  -12805.8012  0.6644 
   00563    0.4356  -12805.3577  0.6624 
   00564    0.4217  -12764.4002  0.6550 
   00565    0.4214  -12786.7136  0.6558 
   00566    0.4144  -12786.1986  0.6508 
   00567    0.4244  -12769.3052  0.6527 
   00568    0.4192  -12795.9168  0.6522 
   00569    0.4317  -12805.2920  0.6514 
   00570    0.4317  -12793.2706  0.6501 
   00571    0.4239  -12755.0072  0.6488 
   00572    0.4206  -12702.2535  0.6493 
   00573    0.4253  -12736.7618  0.6526 
   00574    0.4183  -12738.2866  0.6523 
   00575    0.4319  -12685.5758  0.6481 
   00576    0.4119  -12709.3233  0.6491 
   00577    0.4314  -12753.1925  0.6501 
   00578    0.4200  -12764.9900  0.6500 
   00579    0.4394  -12775.2816  0.6487 
   00580    0.4156  -12787.4415  0.6536 
   00581    0.4156  -12758.4964  0.6565 
   00582    0.4267  -12722.0315  0.6525 
   00583    0.4261  -12701.0394  0.6569 
   00584    0.4186  -12726.2086  0.6543 
   00585    0.4217  -12743.8948  0.6535 
   00586    0.4267  -12772.9672  0.6553 
   00587    0.4192  -12766.6759  0.6520 
   00588    0.4172  -12768.0377  0.6531 
   00589    0.4231  -12797.4639  0.6477 
   00590    0.4172  -12767.6986  0.6425 
   00591    0.4472  -12775.3203  0.6412 
   00592    0.4031  -12820.1846  0.6413 
   00593    0.4328  -12793.3276  0.6409 
   00594    0.4311  -12795.0370  0.6406 
   00595    0.4153  -12754.8173  0.6384 
   00596    0.4267  -12732.3145  0.6371 
   00597    0.4347  -12736.8987  0.6393 
   00598    0.4300  -12760.1481  0.6334 
   00599    0.4181  -12762.1615  0.6388 
   00600    0.4211  -12795.4995  0.6435 
   00601    0.4178  -12807.9446  0.6440 
   00602    0.4219  -12806.3195  0.6460 
   00603    0.4269  -12793.3487  0.6454 
   00604    0.4214  -12781.5984  0.6432 
   00605    0.4256  -12744.3341  0.6406 
   00606    0.4056  -12762.2298  0.6420 
   00607    0.4186  -12762.7029  0.6463 
   00608    0.4122  -12771.9312  0.6466 
   00609    0.4311  -12753.7578  0.6447 
   00610    0.4411  -12740.8283  0.6447 
   00611    0.4233  -12759.6003  0.6477 
   00612    0.4228  -12781.3383  0.6479 
   00613    0.4175  -12756.3030  0.6490 
   00614    0.4081  -12739.6451  0.6528 
   00615    0.4294  -12696.7889  0.6526 
   00616    0.4164  -12734.4216  0.6555 
   00617    0.4311  -12768.5866  0.6567 
   00618    0.4261  -12773.0101  0.6557 
   00619    0.4258  -12756.3218  0.6571 
   00620    0.4317  -12776.6822  0.6598 
   00621    0.4333  -12789.7563  0.6574 
   00622    0.4314  -12748.4741  0.6571 
   00623    0.4289  -12767.6322  0.6562 
   00624    0.4258  -12797.5749  0.6567 
   00625    0.4319  -12775.6167  0.6542 
   00626    0.4319  -12762.6637  0.6525 
   00627    0.4264  -12809.8793  0.6572 
   00628    0.4244  -12778.5426  0.6548 
   00629    0.4303  -12747.1007  0.6531 
   00630    0.4250  -12755.3163  0.6529 
   00631    0.4178  -12730.0341  0.6550 
   00632    0.4281  -12775.7302  0.6581 
   00633    0.4267  -12801.8562  0.6554 
   00634    0.4172  -12792.2554  0.6573 
   00635    0.4194  -12794.6727  0.6603 
   00636    0.4156  -12791.4857  0.6629 
   00637    0.4394  -12761.7792  0.6671 
   00638    0.4303  -12787.2089  0.6665 
   00639    0.4219  -12802.9407  0.6686 
   00640    0.4389  -12784.4602  0.6684 
   00641    0.4247  -12773.7869  0.6694 
   00642    0.4261  -12774.1204  0.6743 
   00643    0.4242  -12781.1353  0.6745 
   00644    0.4244  -12759.7719  0.6725 
   00645    0.4356  -12774.1755  0.6687 
   00646    0.4317  -12777.0175  0.6683 
   00647    0.4236  -12783.9282  0.6690 
   00648    0.4214  -12772.7527  0.6677 
   00649    0.4331  -12804.7558  0.6672 
   00650    0.4175  -12738.7318  0.6673 
   00651    0.4122  -12751.1551  0.6667 
   00652    0.4108  -12793.5926  0.6696 
   00653    0.4306  -12792.8892  0.6703 
   00654    0.4422  -12757.9508  0.6730 
   00655    0.4183  -12725.2854  0.6758 
   00656    0.4294  -12753.9886  0.6758 
   00657    0.4200  -12707.4938  0.6741 
   00658    0.4256  -12701.9544  0.6738 
   00659    0.4308  -12702.4798  0.6737 
   00660    0.4214  -12698.2819  0.6734 
   00661    0.4269  -12701.1891  0.6692 
   00662    0.4144  -12741.2617  0.6733 
   00663    0.4258  -12760.1877  0.6761 
   00664    0.4156  -12767.6544  0.6772 
   00665    0.4206  -12784.4721  0.6756 
   00666    0.4189  -12819.4827  0.6752 
   00667    0.4094  -12823.9516  0.6758 
   00668    0.4275  -12820.1735  0.6756 
   00669    0.4278  -12804.1089  0.6719 
   00670    0.4286  -12793.5134  0.6726 
   00671    0.4389  -12782.8932  0.6777 
   00672    0.4411  -12773.4014  0.6766 
   00673    0.4353  -12790.5160  0.6766 
   00674    0.4150  -12778.2362  0.6765 
   00675    0.4381  -12748.4371  0.6739 
   00676    0.4172  -12727.5337  0.6737 
   00677    0.4286  -12705.6746  0.6742 
   00678    0.4264  -12724.1374  0.6724 
   00679    0.4094  -12741.2738  0.6717 
   00680    0.4322  -12747.5504  0.6747 
   00681    0.4350  -12743.5214  0.6768 
   00682    0.4158  -12745.2395  0.6755 
   00683    0.4306  -12780.5154  0.6799 
   00684    0.4178  -12793.4119  0.6824 
   00685    0.4325  -12789.4948  0.6809 
   00686    0.4347  -12790.7277  0.6846 
   00687    0.4208  -12792.3414  0.6850 
   00688    0.4083  -12779.2563  0.6827 
   00689    0.4306  -12758.9525  0.6816 
   00690    0.4383  -12749.5266  0.6876 
   00691    0.4233  -12823.3415  0.6907 
   00692    0.4272  -12821.7134  0.6910 
   00693    0.4133  -12815.2246  0.6935 
   00694    0.4103  -12810.2489  0.6957 
   00695    0.4328  -12838.2248  0.6951 
   00696    0.4197  -12862.4782  0.6955 
   00697    0.4158  -12797.7202  0.6936 
   00698    0.4283  -12798.6155  0.6966 
   00699    0.4281  -12805.4250  0.6965 
   00700    0.4147  -12818.4933  0.6959 
   00701    0.4344  -12814.3269  0.6956 
   00702    0.4322  -12813.0358  0.6971 
   00703    0.4214  -12775.6047  0.6940 
   00704    0.4133  -12713.3119  0.6901 
   00705    0.4400  -12712.7255  0.6879 
   00706    0.4353  -12714.3750  0.6841 
   00707    0.4128  -12724.9116  0.6854 
   00708    0.4200  -12747.5224  0.6882 
   00709    0.4222  -12738.2329  0.6867 
   00710    0.4250  -12787.4551  0.6913 
   00711    0.4164  -12775.9051  0.6885 
   00712    0.4347  -12748.8752  0.6890 
   00713    0.4356  -12770.0812  0.6871 
   00714    0.4183  -12796.7918  0.6870 
   00715    0.4322  -12794.7563  0.6833 
   00716    0.4275  -12813.8831  0.6804 
   00717    0.4400  -12844.1818  0.6783 
   00718    0.4264  -12817.3988  0.6824 
   00719    0.4236  -12804.0865  0.6819 
   00720    0.4217  -12808.6970  0.6824 
   00721    0.4206  -12764.5630  0.6796 
   00722    0.4117  -12706.4039  0.6808 
   00723    0.4264  -12725.8996  0.6797 
   00724    0.4417  -12724.1297  0.6847 
   00725    0.4381  -12724.6369  0.6810 
   00726    0.4131  -12730.4880  0.6827 
   00727    0.4275  -12776.5967  0.6840 
   00728    0.4167  -12779.6939  0.6813 
   00729    0.4339  -12798.5999  0.6793 
   00730    0.4458  -12752.1261  0.6771 
   00731    0.4250  -12824.6980  0.6789 
   00732    0.4242  -12808.7287  0.6752 
   00733    0.4250  -12814.9172  0.6722 
   00734    0.4244  -12837.0434  0.6710 
   00735    0.4131  -12819.9196  0.6677 
   00736    0.4228  -12815.3844  0.6704 
   00737    0.4225  -12778.0661  0.6662 
   00738    0.4219  -12782.3008  0.6690 
   00739    0.4131  -12787.6498  0.6716 
   00740    0.4292  -12791.8418  0.6748 
   00741    0.4289  -12795.1430  0.6743 
   00742    0.4306  -12799.9189  0.6783 
   00743    0.4236  -12795.1891  0.6791 
   00744    0.4075  -12782.9048  0.6794 
   00745    0.4097  -12797.5679  0.6786 
   00746    0.4356  -12835.3173  0.6823 
   00747    0.4281  -12853.5753  0.6820 
   00748    0.4114  -12845.8774  0.6835 
   00749    0.4256  -12861.0013  0.6847 
   00750    0.4422  -12841.3030  0.6834 
   00751    0.4267  -12792.5688  0.6812 
   00752    0.4128  -12752.9861  0.6815 
   00753    0.4344  -12808.0352  0.6822 
   00754    0.4300  -12771.4912  0.6810 
   00755    0.4319  -12810.8641  0.6853 
   00756    0.4242  -12826.3765  0.6829 
   00757    0.4128  -12836.0381  0.6855 
   00758    0.4228  -12808.1985  0.6821 
   00759    0.4339  -12794.4935  0.6840 
   00760    0.4175  -12762.5744  0.6839 
   00761    0.4383  -12733.5113  0.6833 
   00762    0.4300  -12733.2805  0.6858 
   00763    0.4300  -12749.4125  0.6890 
   00764    0.4331  -12747.8244  0.6888 
   00765    0.4217  -12773.8148  0.6919 
   00766    0.4272  -12803.3470  0.6935 
   00767    0.4347  -12822.2811  0.6934 
   00768    0.4339  -12788.6137  0.6916 
   00769    0.4042  -12814.0830  0.6911 
   00770    0.4186  -12785.9207  0.6934 
   00771    0.4311  -12751.2106  0.6925 
   00772    0.4208  -12771.1167  0.6947 
   00773    0.4253  -12817.3109  0.6938 
   00774    0.4264  -12820.8819  0.6946 
   00775    0.4231  -12828.0276  0.6920 
   00776    0.4214  -12787.6146  0.6939 
   00777    0.4069  -12804.6413  0.6921 
   00778    0.4269  -12790.5653  0.6947 
   00779    0.4142  -12813.2419  0.6990 
   00780    0.4339  -12787.5249  0.6993 
   00781    0.4278  -12775.9540  0.7020 
   00782    0.4300  -12813.9396  0.7010 
   00783    0.4217  -12808.4292  0.7044 
   00784    0.4275  -12780.0907  0.7053 
   00785    0.4194  -12780.6060  0.7071 
   00786    0.4294  -12754.2024  0.7058 
   00787    0.4281  -12741.8439  0.7043 
   00788    0.4272  -12722.3376  0.7067 
   00789    0.4206  -12724.3868  0.7119 
   00790    0.4164  -12779.8605  0.7134 
   00791    0.4219  -12759.2392  0.7151 
   00792    0.4239  -12760.8602  0.7094 
   00793    0.4294  -12738.0996  0.7055 
   00794    0.4303  -12789.7116  0.7128 
   00795    0.4072  -12802.2884  0.7104 
   00796    0.4264  -12807.0741  0.7118 
   00797    0.4325  -12795.7435  0.7072 
   00798    0.4075  -12784.8828  0.7105 
   00799    0.4278  -12765.7433  0.7076 
   00800    0.4308  -12746.8095  0.7063 
   00801    0.4086  -12711.7591  0.7058 
   00802    0.4400  -12727.7517  0.7031 
   00803    0.4161  -12711.0982  0.7017 
   00804    0.4106  -12751.8290  0.7050 
   00805    0.4311  -12748.7834  0.7020 
   00806    0.4247  -12770.8022  0.7050 
   00807    0.4008  -12724.9572  0.7121 
   00808    0.4244  -12689.5263  0.7090 
   00809    0.4244  -12675.6056  0.7078 
   00810    0.4239  -12691.7120  0.7108 
   00811    0.4247  -12693.8384  0.7147 
   00812    0.4403  -12716.0464  0.7133 
   00813    0.4328  -12698.1047  0.7082 
   00814    0.4236  -12669.0302  0.7133 
   00815    0.4128  -12692.5146  0.7135 
   00816    0.4350  -12710.7771  0.7149 
   00817    0.4253  -12723.1677  0.7178 
   00818    0.4200  -12761.1264  0.7186 
   00819    0.4183  -12772.8791  0.7159 
   00820    0.4250  -12760.0653  0.7155 
   00821    0.4231  -12796.8780  0.7209 
   00822    0.4300  -12765.6927  0.7187 
   00823    0.4203  -12730.6067  0.7164 
   00824    0.4231  -12772.1459  0.7161 
   00825    0.4294  -12739.5270  0.7134 
   00826    0.4319  -12729.9224  0.7177 
   00827    0.4131  -12753.9158  0.7183 
   00828    0.4206  -12720.9347  0.7163 
   00829    0.4194  -12706.9553  0.7196 
   00830    0.4181  -12727.3160  0.7220 
   00831    0.4256  -12758.9651  0.7254 
   00832    0.4311  -12690.7708  0.7258 
   00833    0.4219  -12678.7482  0.7223 
   00834    0.4381  -12691.1878  0.7256 
   00835    0.4053  -12675.5013  0.7218 
   00836    0.4397  -12648.9139  0.7232 
   00837    0.4244  -12657.5236  0.7229 
   00838    0.4278  -12671.0587  0.7224 
   00839    0.4353  -12713.5592  0.7226 
   00840    0.4208  -12736.1917  0.7251 
   00841    0.4242  -12745.1467  0.7228 
   00842    0.4183  -12757.0535  0.7227 
   00843    0.4264  -12749.6169  0.7206 
   00844    0.4553  -12772.2637  0.7240 
   00845    0.4308  -12785.6351  0.7261 
   00846    0.4358  -12789.0544  0.7239 
   00847    0.4200  -12823.8122  0.7275 
   00848    0.4128  -12832.8973  0.7308 
   00849    0.4083  -12816.5164  0.7292 
   00850    0.4261  -12799.9801  0.7292 
   00851    0.4292  -12821.2999  0.7293 
   00852    0.4119  -12844.2388  0.7312 
   00853    0.4339  -12799.8105  0.7325 
   00854    0.4350  -12825.7727  0.7299 
   00855    0.4206  -12837.4216  0.7279 
   00856    0.4272  -12819.8909  0.7258 
   00857    0.4264  -12794.1368  0.7279 
   00858    0.4275  -12795.3714  0.7259 
   00859    0.4222  -12791.6182  0.7279 
   00860    0.4233  -12769.9783  0.7215 
   00861    0.4422  -12752.4574  0.7208 
   00862    0.4272  -12755.9941  0.7230 
   00863    0.4194  -12781.8417  0.7255 
   00864    0.4286  -12805.4969  0.7292 
   00865    0.4322  -12820.1647  0.7302 
   00866    0.4356  -12839.7107  0.7313 
   00867    0.4131  -12789.9133  0.7261 
   00868    0.4269  -12790.7346  0.7283 
   00869    0.4347  -12822.6370  0.7293 
   00870    0.4294  -12806.4606  0.7325 
   00871    0.4292  -12771.4642  0.7330 
   00872    0.4408  -12782.9559  0.7338 
   00873    0.4217  -12802.8926  0.7319 
   00874    0.4203  -12774.1710  0.7273 
   00875    0.4258  -12783.4360  0.7285 
   00876    0.4222  -12820.5834  0.7310 
   00877    0.4186  -12824.7114  0.7279 
   00878    0.4208  -12829.7803  0.7265 
   00879    0.4169  -12796.8404  0.7275 
   00880    0.4217  -12774.6152  0.7287 
   00881    0.4286  -12809.9263  0.7285 
   00882    0.4328  -12828.4174  0.7297 
   00883    0.4247  -12808.0503  0.7294 
   00884    0.4297  -12813.3349  0.7287 
   00885    0.4306  -12779.1784  0.7249 
   00886    0.4364  -12814.2248  0.7279 
   00887    0.4217  -12810.2980  0.7339 
   00888    0.4422  -12811.9122  0.7321 
   00889    0.4306  -12784.3356  0.7280 
   00890    0.4214  -12748.1006  0.7249 
   00891    0.4167  -12775.1210  0.7210 
   00892    0.4236  -12743.4163  0.7194 
   00893    0.4308  -12763.6330  0.7221 
   00894    0.4358  -12767.5520  0.7227 
   00895    0.4297  -12749.0044  0.7247 
   00896    0.4231  -12773.1370  0.7282 
   00897    0.4328  -12819.0035  0.7301 
   00898    0.4250  -12760.9094  0.7277 
   00899    0.4311  -12805.4957  0.7309 
   00900    0.4169  -12821.5565  0.7365 
   00901    0.4303  -12816.7354  0.7369 
   00902    0.4150  -12836.0972  0.7392 
   00903    0.4128  -12817.9934  0.7383 
   00904    0.4272  -12809.4021  0.7383 
   00905    0.4144  -12845.2584  0.7399 
   00906    0.4314  -12829.9260  0.7380 
   00907    0.4158  -12793.4537  0.7400 
   00908    0.4342  -12823.4818  0.7343 
   00909    0.4158  -12803.6881  0.7311 
   00910    0.4206  -12830.2447  0.7326 
   00911    0.4089  -12832.2781  0.7344 
   00912    0.4219  -12789.3813  0.7305 
   00913    0.4186  -12735.0466  0.7289 
   00914    0.4408  -12757.5142  0.7311 
   00915    0.4292  -12771.2786  0.7274 
   00916    0.4297  -12812.2648  0.7308 
   00917    0.4278  -12829.2979  0.7328 
   00918    0.4306  -12785.0741  0.7338 
   00919    0.4361  -12785.2526  0.7329 
   00920    0.4244  -12810.9514  0.7317 
   00921    0.4222  -12879.4841  0.7364 
   00922    0.4239  -12885.6716  0.7381 
   00923    0.4261  -12867.4171  0.7387 
   00924    0.4258  -12855.7704  0.7380 
   00925    0.4156  -12862.2157  0.7398 
   00926    0.4200  -12837.9622  0.7404 
   00927    0.4117  -12890.2839  0.7410 
   00928    0.4328  -12909.5995  0.7413 
   00929    0.4200  -12843.3480  0.7416 
   00930    0.4147  -12834.0821  0.7412 
   00931    0.4178  -12798.8246  0.7391 
   00932    0.4289  -12827.2817  0.7353 
   00933    0.4103  -12778.0657  0.7344 
   00934    0.4256  -12838.5607  0.7362 
   00935    0.4133  -12807.4271  0.7336 
   00936    0.4314  -12803.3975  0.7324 
   00937    0.4283  -12795.2928  0.7294 
   00938    0.4131  -12812.1425  0.7290 
   00939    0.4222  -12798.0160  0.7294 
   00940    0.4147  -12833.3849  0.7294 
   00941    0.4256  -12807.1496  0.7303 
   00942    0.4181  -12834.4087  0.7331 
   00943    0.4167  -12851.5117  0.7322 
   00944    0.4211  -12841.9060  0.7296 
   00945    0.4147  -12825.4959  0.7318 
   00946    0.4167  -12859.0436  0.7321 
   00947    0.4111  -12826.6182  0.7305 
   00948    0.4094  -12816.9331  0.7268 
   00949    0.4178  -12815.2250  0.7277 
   00950    0.4250  -12785.8013  0.7289 
   00951    0.4331  -12811.0959  0.7309 
   00952    0.4125  -12850.7596  0.7296 
   00953    0.4150  -12833.5206  0.7308 
   00954    0.4244  -12836.8099  0.7355 
   00955    0.4217  -12815.1962  0.7341 
   00956    0.4181  -12800.5382  0.7332 
   00957    0.4150  -12842.6596  0.7337 
   00958    0.4211  -12841.2630  0.7331 
   00959    0.4222  -12842.7093  0.7291 
   00960    0.4233  -12815.8134  0.7288 
   00961    0.4200  -12787.4391  0.7330 
   00962    0.4261  -12789.7743  0.7351 
   00963    0.4208  -12789.7249  0.7335 
   00964    0.4231  -12850.1560  0.7336 
   00965    0.4197  -12829.5379  0.7310 
   00966    0.4047  -12816.7264  0.7331 
   00967    0.4267  -12825.8673  0.7343 
   00968    0.4350  -12760.6670  0.7332 
   00969    0.4239  -12780.5162  0.7323 
   00970    0.4233  -12806.5555  0.7347 
   00971    0.4256  -12798.3166  0.7394 
   00972    0.4431  -12778.1344  0.7375 
   00973    0.4164  -12789.7313  0.7387 
   00974    0.4164  -12799.3560  0.7406 
   00975    0.4244  -12833.6257  0.7450 
   00976    0.4250  -12818.4301  0.7451 
   00977    0.4269  -12781.8345  0.7366 
   00978    0.4258  -12798.8188  0.7373 
   00979    0.4211  -12813.7324  0.7347 
   00980    0.4319  -12783.3430  0.7318 
   00981    0.4347  -12842.1511  0.7330 
   00982    0.4289  -12817.7212  0.7318 
   00983    0.4386  -12783.4457  0.7292 
   00984    0.4253  -12744.5909  0.7255 
   00985    0.4289  -12796.3021  0.7302 
   00986    0.4342  -12804.8297  0.7281 
   00987    0.4161  -12803.1972  0.7254 
   00988    0.4222  -12809.7480  0.7254 
   00989    0.4156  -12793.0383  0.7282 
   00990    0.4111  -12848.7307  0.7299 
   00991    0.4369  -12831.7213  0.7303 
   00992    0.4294  -12836.6931  0.7283 
   00993    0.4150  -12813.6171  0.7282 
   00994    0.4225  -12797.4847  0.7290 
   00995    0.4342  -12795.8700  0.7306 
   00996    0.4414  -12823.0855  0.7308 
   00997    0.4136  -12795.4294  0.7294 
   00998    0.4211  -12850.4555  0.7330 
   00999    0.4297  -12830.4861  0.7359 
   01000    0.4369  -12844.1944  0.7372 
