#=====================================================
# File created:        Mon-06-Nov-2023-at-02-37-40PM
# Size of lattice:     60x60
# Number of MC steps:  1000
# Reduced temperature: 0.600
# Run time (s):        73.569982
#=====================================================
# MC step:  Ratio:     Energy:   Order:
#=====================================================
   00000    0.5000   -3771.7303  0.2583 
   00001    0.6764   -5470.5917  0.2552 
   00002    0.6194   -6664.7814  0.2587 
   00003    0.5797   -7341.4886  0.2668 
   00004    0.5589   -7891.5432  0.2726 
   00005    0.5308   -8324.9397  0.2666 
   00006    0.5111   -8626.8199  0.2647 
   00007    0.5181   -8881.5726  0.2732 
   00008    0.4939   -9142.6549  0.2868 
   00009    0.4781   -9370.6649  0.2929 
   00010    0.4544   -9516.8442  0.2998 
   00011    0.4789   -9709.4513  0.3005 
   00012    0.4589   -9944.0437  0.3055 
   00013    0.4492  -10041.0211  0.3051 
   00014    0.4303  -10178.3558  0.3144 
   00015    0.4372  -10265.4974  0.3108 
   00016    0.4500  -10325.4657  0.3146 
   00017    0.4531  -10362.2505  0.3127 
   00018    0.4569  -10361.1236  0.3099 
   00019    0.4253  -10412.5078  0.3111 
   00020    0.4306  -10519.1640  0.3084 
   00021    0.4492  -10487.8239  0.3142 
   00022    0.4350  -10579.5613  0.3088 
   00023    0.4364  -10647.8646  0.3058 
   00024    0.4250  -10643.4016  0.3096 
   00025    0.4372  -10639.7845  0.3108 
   00026    0.4378  -10691.0056  0.3135 
   00027    0.4331  -10695.8729  0.3103 
   00028    0.4358  -10768.8258  0.3122 
   00029    0.4414  -10826.8401  0.3173 
   00030    0.4231  -10917.0604  0.3180 
   00031    0.4289  -10955.9536  0.3222 
   00032    0.4408  -10983.7296  0.3240 
   00033    0.4333  -11014.2415  0.3240 
   00034    0.4208  -10982.0015  0.3251 
   00035    0.4267  -11002.2764  0.3263 
   00036    0.4300  -11055.9051  0.3254 
   00037    0.4161  -11034.8649  0.3315 
   00038    0.4267  -11089.8250  0.3296 
   00039    0.4183  -11103.2359  0.3348 
   00040    0.4153  -11200.5875  0.3364 
   00041    0.4122  -11203.3463  0.3361 
   00042    0.4283  -11233.2289  0.3375 
   00043    0.4083  -11242.8854  0.3408 
   00044    0.4067  -11267.5544  0.3405 
   00045    0.4247  -11317.6132  0.3400 
   00046    0.4122  -11286.0478  0.3403 
   00047    0.4242  -11279.1274  0.3359 
   00048    0.4058  -11294.2164  0.3414 
   00049    0.4075  -11318.7788  0.3401 
   00050    0.4056  -11307.4505  0.3456 
   00051    0.4136  -11354.1613  0.3443 
   00052    0.4144  -11324.6259  0.3473 
   00053    0.4281  -11269.6594  0.3489 
   00054    0.4139  -11372.3784  0.3526 
   00055    0.4083  -11351.9748  0.3568 
   00056    0.4208  -11293.8396  0.3460 
   00057    0.4178  -11318.5312  0.3522 
   00058    0.4039  -11220.7042  0.3495 
   00059    0.4389  -11297.4944  0.3530 
   00060    0.4136  -11343.2758  0.3571 
   00061    0.4086  -11323.3985  0.3534 
   00062    0.4275  -11295.5878  0.3549 
   00063    0.4228  -11351.9298  0.3513 
   00064    0.4194  -11298.8794  0.3451 
   00065    0.4117  -11283.6255  0.3495 
   00066    0.4167  -11260.9379  0.3452 
   00067    0.4222  -11331.5415  0.3442 
   00068    0.4392  -11348.0203  0.3422 
   00069    0.4203  -11229.9015  0.3396 
   00070    0.4383  -11235.3516  0.3357 
   00071    0.4147  -11295.6827  0.3395 
   00072    0.4283  -11267.4291  0.3418 
   00073    0.4192  -11300.2435  0.3446 
   00074    0.4042  -11335.2577  0.3469 
   00075    0.4267  -11387.1348  0.3530 
   00076    0.4108  -11325.4441  0.3553 
   00077    0.4003  -11366.4568  0.3543 
   00078    0.4128  -11349.7796  0.3564 
   00079    0.4275  -11347.3216  0.3673 
   00080    0.4181  -11324.5648  0.3718 
   00081    0.4094  -11335.9454  0.3699 
   00082    0.4189  -11361.0702  0.3669 
   00083    0.4092  -11371.2262  0.3692 
   00084    0.4061  -11440.6593  0.3689 
   00085    0.4097  -11314.1509  0.3697 
   00086    0.4133  -11346.4643  0.3732 
   00087    0.4108  -11332.8018  0.3785 
   00088    0.3883  -11414.6100  0.3836 
   00089    0.4136  -11437.8769  0.3816 
   00090    0.4142  -11374.9824  0.3818 
   00091    0.4289  -11293.2177  0.3878 
   00092    0.3944  -11371.0792  0.3928 
   00093    0.4008  -11296.8358  0.3991 
   00094    0.4108  -11321.6954  0.4001 
   00095    0.4197  -11312.6225  0.4000 
   00096    0.4164  -11264.5518  0.3951 
   00097    0.4053  -11298.5090  0.4001 
   00098    0.4106  -11280.8817  0.3904 
   00099    0.4083  -11253.1913  0.3858 
   00100    0.4119  -11251.5095  0.3938 
   00101    0.4192  -11289.4638  0.3959 
   00102    0.4103  -11361.3186  0.3967 
   00103    0.4061  -11322.8089  0.3952 
   00104    0.4211  -11357.6791  0.3966 
   00105    0.4064  -11397.2694  0.3998 
   00106    0.4181  -11417.0133  0.3914 
   00107    0.4169  -11416.7918  0.3900 
   00108    0.4225  -11399.2386  0.3894 
   00109    0.4128  -11450.7268  0.3960 
   00110    0.4083  -11416.0861  0.3986 
   00111    0.4108  -11397.1034  0.3967 
   00112    0.4164  -11399.9209  0.4006 
   00113    0.4183  -11410.3214  0.3954 
   00114    0.4233  -11400.0060  0.3962 
   00115    0.4208  -11457.1245  0.3929 
   00116    0.4092  -11434.6858  0.3910 
   00117    0.4111  -11441.8257  0.3883 
   00118    0.4089  -11476.8327  0.3883 
   00119    0.4064  -11410.8443  0.3880 
   00120    0.4233  -11399.5056  0.3818 
   00121    0.4197  -11418.5928  0.3832 
   00122    0.4075  -11456.4322  0.3751 
   00123    0.4158  -11406.4990  0.3788 
   00124    0.3975  -11510.8344  0.3794 
   00125    0.4242  -11517.7629  0.3864 
   00126    0.4178  -11535.9149  0.3859 
   00127    0.4122  -11464.8226  0.3826 
   00128    0.4064  -11510.6115  0.3832 
   00129    0.4072  -11532.3439  0.3828 
   00130    0.4050  -11543.5891  0.3815 
   00131    0.4081  -11477.2708  0.3846 
   00132    0.4042  -11549.3841  0.3869 
   00133    0.4136  -11512.1858  0.3944 
   00134    0.4017  -11446.0619  0.3915 
   00135    0.4044  -11452.2406  0.3922 
   00136    0.4156  -11439.7460  0.3911 
   00137    0.4008  -11440.8836  0.4001 
   00138    0.4022  -11474.6636  0.4018 
   00139    0.3975  -11439.3540  0.4021 
   00140    0.4192  -11421.7198  0.4026 
   00141    0.4100  -11416.9812  0.4018 
   00142    0.4094  -11451.2289  0.4033 
   00143    0.4139  -11494.7537  0.4035 
   00144    0.4139  -11527.2808  0.4015 
   00145    0.4144  -11539.6696  0.4041 
   00146    0.4033  -11554.6346  0.4063 
   00147    0.4161  -11483.4834  0.4026 
   00148    0.4325  -11511.9376  0.3997 
   00149    0.4147  -11505.7899  0.4050 
   00150    0.4286  -11507.3590  0.4067 
   00151    0.4081  -11513.3790  0.4121 
   00152    0.4156  -11566.9546  0.4131 
   00153    0.4167  -11503.1256  0.4191 
   00154    0.4033  -11535.0357  0.4160 
   00155    0.4069  -11527.3244  0.4172 
   00156    0.4114  -11525.4481  0.4162 
   00157    0.4050  -11536.0728  0.4164 
   00158    0.4136  -11515.7005  0.4164 
   00159    0.4056  -11535.3827  0.4168 
   00160    0.4083  -11541.2941  0.4245 
   00161    0.4164  -11540.1205  0.4180 
   00162    0.4000  -11491.1537  0.4164 
   00163    0.4025  -11452.5599  0.4199 
   00164    0.4131  -11434.0757  0.4215 
   00165    0.4244  -11407.1631  0.4214 
   00166    0.4231  -11319.3241  0.4185 
   00167    0.4228  -11349.6665  0.4192 
   00168    0.4111  -11395.4596  0.4224 
   00169    0.4131  -11503.3095  0.4196 
   00170    0.4053  -11587.3626  0.4234 
   00171    0.4114  -11566.5778  0.4220 
   00172    0.4008  -11502.2751  0.4223 
   00173    0.4194  -11500.0256  0.4223 
   00174    0.4019  -11545.1978  0.4209 
   00175    0.3994  -11569.5830  0.4169 
   00176    0.4111  -11517.9183  0.4215 
   00177    0.4192  -11501.9446  0.4188 
   00178    0.4058  -11610.0112  0.4199 
   00179    0.4122  -11588.1875  0.4179 
   00180    0.4208  -11633.2842  0.4206 
   00181    0.4022  -11667.2810  0.4191 
   00182    0.4103  -11575.3783  0.4166 
   00183    0.3956  -11628.9452  0.4180 
   00184    0.3967  -11603.2755  0.4229 
   00185    0.3947  -11621.9518  0.4279 
   00186    0.3975  -11645.7923  0.4273 
   00187    0.4008  -11532.2978  0.4224 
   00188    0.4150  -11523.8952  0.4236 
   00189    0.4028  -11434.9681  0.4227 
   00190    0.4056  -11509.4928  0.4196 
   00191    0.4194  -11465.6900  0.4163 
   00192    0.4222  -11469.5596  0.4141 
   00193    0.3983  -11558.9807  0.4094 
   00194    0.4131  -11594.9190  0.4110 
   00195    0.4131  -11618.7671  0.4120 
   00196    0.3961  -11607.6968  0.4165 
   00197    0.4203  -11563.9258  0.4219 
   00198    0.4061  -11626.0501  0.4237 
   00199    0.4125  -11590.1034  0.4269 
   00200    0.4183  -11560.9880  0.4301 
   00201    0.4214  -11530.4853  0.4301 
   00202    0.4258  -11530.5297  0.4311 
   00203    0.4167  -11514.1482  0.4331 
   00204    0.4072  -11582.7468  0.4346 
   00205    0.3989  -11611.8233  0.4364 
   00206    0.3994  -11606.9533  0.4339 
   00207    0.3967  -11688.0484  0.4359 
   00208    0.4036  -11605.9924  0.4376 
   00209    0.3919  -11653.1981  0.4327 
   00210    0.4106  -11603.0827  0.4345 
   00211    0.4008  -11653.1481  0.4376 
   00212    0.4058  -11621.2155  0.4436 
   00213    0.4278  -11614.1876  0.4470 
   00214    0.4225  -11671.2800  0.4473 
   00215    0.4036  -11685.9309  0.4495 
   00216    0.4119  -11731.4933  0.4587 
   00217    0.3869  -11687.8422  0.4559 
   00218    0.4236  -11662.0156  0.4536 
   00219    0.4047  -11655.3728  0.4598 
   00220    0.3992  -11581.3526  0.4616 
   00221    0.4092  -11541.2403  0.4637 
   00222    0.4011  -11524.3134  0.4632 
   00223    0.4128  -11597.5988  0.4686 
   00224    0.3961  -11577.2865  0.4704 
   00225    0.4125  -11590.8730  0.4753 
   00226    0.4261  -11566.8263  0.4734 
   00227    0.4031  -11594.0811  0.4714 
   00228    0.4133  -11602.3698  0.4732 
   00229    0.4053  -11617.8568  0.4764 
   00230    0.4033  -11621.7498  0.4783 
   00231    0.4094  -11609.7297  0.4729 
   00232    0.3994  -11574.7707  0.4705 
   00233    0.4117  -11659.2735  0.4788 
   00234    0.4092  -11588.8250  0.4761 
   00235    0.4050  -11589.5540  0.4815 
   00236    0.4042  -11590.6159  0.4817 
   00237    0.4008  -11593.4159  0.4787 
   00238    0.3922  -11561.8757  0.4756 
   00239    0.4111  -11565.6948  0.4774 
   00240    0.4186  -11562.5083  0.4751 
   00241    0.4156  -11577.9451  0.4722 
   00242    0.4069  -11627.5612  0.4803 
   00243    0.4133  -11673.4526  0.4824 
   00244    0.4006  -11582.1749  0.4822 
   00245    0.3992  -11590.2075  0.4802 
   00246    0.4158  -11625.7519  0.4795 
   00247    0.4017  -11674.1844  0.4823 
   00248    0.4069  -11680.5759  0.4823 
   00249    0.4119  -11664.6209  0.4708 
   00250    0.4203  -11746.9707  0.4739 
   00251    0.4064  -11751.2682  0.4751 
   00252    0.4081  -11703.5461  0.4687 
   00253    0.3942  -11721.7090  0.4650 
   00254    0.4011  -11739.0281  0.4610 
   00255    0.4017  -11648.6068  0.4597 
   00256    0.4008  -11629.0746  0.4704 
   00257    0.3964  -11665.5224  0.4694 
   00258    0.4128  -11613.3237  0.4704 
   00259    0.4053  -11599.9617  0.4741 
   00260    0.3961  -11675.7723  0.4769 
   00261    0.4022  -11701.7149  0.4795 
   00262    0.4144  -11731.2184  0.4778 
   00263    0.4119  -11688.6155  0.4743 
   00264    0.4069  -11676.6892  0.4713 
   00265    0.4031  -11673.0018  0.4739 
   00266    0.3817  -11733.0060  0.4694 
   00267    0.3925  -11705.4776  0.4651 
   00268    0.4050  -11673.6409  0.4595 
   00269    0.4144  -11717.1874  0.4652 
   00270    0.4169  -11618.6211  0.4645 
   00271    0.4042  -11604.4628  0.4673 
   00272    0.3953  -11545.8783  0.4664 
   00273    0.4142  -11510.2336  0.4719 
   00274    0.3900  -11531.7226  0.4737 
   00275    0.4064  -11569.6500  0.4757 
   00276    0.4200  -11526.6503  0.4776 
   00277    0.4119  -11557.2055  0.4794 
   00278    0.4047  -11602.0209  0.4804 
   00279    0.4200  -11541.5729  0.4791 
   00280    0.3933  -11477.7005  0.4844 
   00281    0.4139  -11562.4874  0.4850 
   00282    0.4103  -11621.7857  0.4911 
   00283    0.4117  -11680.7654  0.4928 
   00284    0.3908  -11669.4843  0.4917 
   00285    0.4067  -11666.6131  0.4895 
   00286    0.3975  -11623.6611  0.4846 
   00287    0.4139  -11581.9461  0.4830 
   00288    0.4197  -11645.2075  0.4810 
   00289    0.4094  -11527.3379  0.4741 
   00290    0.4069  -11563.0422  0.4716 
   00291    0.4108  -11527.0361  0.4691 
   00292    0.4122  -11609.9851  0.4695 
   00293    0.4028  -11525.9223  0.4645 
   00294    0.4086  -11547.8261  0.4673 
   00295    0.4081  -11610.4824  0.4662 
   00296    0.4092  -11648.7170  0.4585 
   00297    0.3908  -11608.7450  0.4622 
   00298    0.4164  -11665.6065  0.4596 
   00299    0.4019  -11685.6706  0.4680 
   00300    0.3950  -11662.3890  0.4681 
   00301    0.4006  -11616.8907  0.4709 
   00302    0.4081  -11647.9902  0.4717 
   00303    0.4097  -11602.3482  0.4739 
   00304    0.4153  -11594.7713  0.4754 
   00305    0.4122  -11555.3035  0.4735 
   00306    0.4183  -11494.6759  0.4744 
   00307    0.4150  -11513.3045  0.4696 
   00308    0.4133  -11563.3307  0.4719 
   00309    0.4053  -11654.1780  0.4724 
   00310    0.3964  -11668.0565  0.4702 
   00311    0.3989  -11624.1891  0.4684 
   00312    0.4094  -11601.1676  0.4741 
   00313    0.4053  -11611.0990  0.4726 
   00314    0.4117  -11527.7219  0.4664 
   00315    0.4139  -11565.5971  0.4679 
   00316    0.3950  -11545.3268  0.4729 
   00317    0.4053  -11528.9386  0.4710 
   00318    0.4042  -11567.9260  0.4685 
   00319    0.4236  -11585.7347  0.4631 
   00320    0.4017  -11630.8202  0.4669 
   00321    0.4103  -11676.6881  0.4694 
   00322    0.4028  -11653.3430  0.4729 
   00323    0.4053  -11656.3578  0.4678 
   00324    0.3947  -11707.5023  0.4771 
   00325    0.4083  -11662.3263  0.4779 
   00326    0.4131  -11655.9377  0.4807 
   00327    0.4006  -11655.1852  0.4927 
   00328    0.4086  -11722.8459  0.4933 
   00329    0.4186  -11669.4574  0.4911 
   00330    0.4058  -11679.3930  0.4954 
   00331    0.4092  -11701.7507  0.4970 
   00332    0.4228  -11618.9440  0.5023 
   00333    0.4111  -11574.1954  0.4997 
   00334    0.4039  -11540.7695  0.4966 
   00335    0.4044  -11620.6638  0.4983 
   00336    0.4131  -11620.0501  0.4938 
   00337    0.3958  -11646.0322  0.4990 
   00338    0.4028  -11695.9254  0.5060 
   00339    0.4103  -11684.9669  0.4998 
   00340    0.4067  -11657.4627  0.5014 
   00341    0.3978  -11697.5763  0.5026 
   00342    0.3969  -11656.2515  0.5071 
   00343    0.3972  -11715.2044  0.5135 
   00344    0.4067  -11779.8537  0.5178 
   00345    0.3981  -11817.7013  0.5128 
   00346    0.4183  -11739.3493  0.5108 
   00347    0.3894  -11750.4777  0.5146 
   00348    0.4003  -11744.9574  0.5124 
   00349    0.4014  -11685.7714  0.5106 
   00350    0.3944  -11646.9736  0.5013 
   00351    0.4086  -11591.5710  0.5004 
   00352    0.4064  -11643.2551  0.4985 
   00353    0.4181  -11661.5966  0.5012 
   00354    0.4031  -11666.3079  0.5068 
   00355    0.4053  -11640.4788  0.5112 
   00356    0.4097  -11598.5087  0.5080 
   00357    0.4228  -11566.6702  0.5066 
   00358    0.4200  -11553.2614  0.5049 
   00359    0.4064  -11634.8066  0.5060 
   00360    0.4128  -11623.0674  0.5082 
   00361    0.4003  -11660.7094  0.5034 
   00362    0.4203  -11675.5039  0.5051 
   00363    0.4161  -11635.3295  0.5054 
   00364    0.4261  -11609.2876  0.5069 
   00365    0.3928  -11714.3509  0.5061 
   00366    0.4081  -11675.6441  0.5018 
   00367    0.4100  -11645.1828  0.5002 
   00368    0.3981  -11671.5971  0.4975 
   00369    0.3861  -11662.5954  0.4973 
   00370    0.4067  -11560.9975  0.4947 
   00371    0.4006  -11601.3751  0.4956 
   00372    0.3994  -11591.0716  0.5039 
   00373    0.4025  -11592.0440  0.4986 
   00374    0.4222  -11596.2541  0.4969 
   00375    0.4056  -11600.4405  0.4981 
   00376    0.4019  -11536.8715  0.4943 
   00377    0.4194  -11576.7063  0.4992 
   00378    0.4092  -11612.6138  0.5006 
   00379    0.4058  -11662.2146  0.5069 
   00380    0.3933  -11694.1548  0.5022 
   00381    0.4064  -11717.8543  0.5088 
   00382    0.4094  -11748.6563  0.5080 
   00383    0.3914  -11784.7944  0.5111 
   00384    0.4119  -11832.5930  0.5181 
   00385    0.4028  -11827.9101  0.5186 
   00386    0.4106  -11747.0247  0.5151 
   00387    0.3908  -11733.8977  0.5172 
   00388    0.3944  -11824.6625  0.5157 
   00389    0.4025  -11770.5898  0.5173 
   00390    0.3922  -11766.7499  0.5108 
   00391    0.4022  -11830.9047  0.5161 
   00392    0.4050  -11760.1882  0.5166 
   00393    0.3961  -11743.8672  0.5130 
   00394    0.3967  -11708.9491  0.5103 
   00395    0.3989  -11607.8613  0.5072 
   00396    0.4136  -11653.7605  0.5128 
   00397    0.4086  -11648.3766  0.5167 
   00398    0.4047  -11636.1018  0.5151 
   00399    0.4058  -11635.2273  0.5209 
   00400    0.4025  -11690.4268  0.5103 
   00401    0.4094  -11704.9193  0.5074 
   00402    0.4008  -11668.0333  0.5104 
   00403    0.4125  -11651.7861  0.5101 
   00404    0.4058  -11648.6655  0.5108 
   00405    0.4017  -11641.5435  0.5184 
   00406    0.4058  -11602.1174  0.5173 
   00407    0.4014  -11621.8783  0.5152 
   00408    0.4175  -11581.9705  0.5099 
   00409    0.4069  -11589.5583  0.5096 
   00410    0.4064  -11579.2838  0.5110 
   00411    0.3944  -11613.1190  0.5089 
   00412    0.4075  -11597.8725  0.5089 
   00413    0.4000  -11670.9477  0.5072 
   00414    0.4017  -11612.1919  0.5072 
   00415    0.4092  -11574.7723  0.5103 
   00416    0.4056  -11634.3259  0.5077 
   00417    0.4122  -11621.9891  0.5043 
   00418    0.4075  -11618.7694  0.5038 
   00419    0.3994  -11672.6559  0.5010 
   00420    0.3989  -11627.0460  0.5049 
   00421    0.3986  -11654.2415  0.5035 
   00422    0.4075  -11710.5667  0.5006 
   00423    0.3892  -11722.5148  0.5036 
   00424    0.3983  -11678.6364  0.4938 
   00425    0.3950  -11726.7184  0.4977 
   00426    0.3997  -11722.5347  0.4942 
   00427    0.4078  -11703.9371  0.5018 
   00428    0.3883  -11714.8880  0.5019 
   00429    0.4022  -11639.5235  0.4980 
   00430    0.4036  -11623.9501  0.4920 
   00431    0.4106  -11606.4372  0.4981 
   00432    0.4086  -11582.4188  0.5008 
   00433    0.4189  -11599.8175  0.4995 
   00434    0.4117  -11629.7038  0.4965 
   00435    0.3944  -11622.9274  0.4928 
   00436    0.3897  -11622.7263  0.4934 
   00437    0.4136  -11634.0456  0.4999 
   00438    0.4106  -11654.1775  0.5003 
   00439    0.3986  -11672.9184  0.4928 
   00440    0.4047  -11659.2133  0.4868 
   00441    0.4175  -11600.0716  0.4884 
   00442    0.3997  -11637.8461  0.4925 
   00443    0.4022  -11661.8784  0.4983 
   00444    0.4075  -11745.7563  0.4988 
   00445    0.4036  -11760.0956  0.4992 
   00446    0.3933  -11758.9167  0.5021 
   00447    0.3958  -11730.2564  0.5003 
   00448    0.3978  -11706.0864  0.5001 
   00449    0.4000  -11717.8681  0.4976 
   00450    0.4114  -11730.4557  0.5003 
   00451    0.4100  -11751.4874  0.5005 
   00452    0.4061  -11715.3647  0.4971 
   00453    0.4092  -11774.1802  0.5021 
   00454    0.4208  -11792.0402  0.4988 
   00455    0.4056  -11730.7759  0.4937 
   00456    0.3978  -11706.8056  0.4912 
   00457    0.3928  -11671.1270  0.4948 
   00458    0.4125  -11660.1279  0.4970 
   00459    0.4161  -11651.2043  0.5004 
   00460    0.4081  -11692.6647  0.5022 
   00461    0.3833  -11681.2071  0.5000 
   00462    0.4192  -11745.0623  0.5023 
   00463    0.4008  -11761.3254  0.4979 
   00464    0.3914  -11741.4795  0.5000 
   00465    0.4089  -11713.4387  0.5020 
   00466    0.3997  -11670.3953  0.5046 
   00467    0.4011  -11661.8261  0.4991 
   00468    0.4094  -11729.3126  0.5029 
   00469    0.4058  -11762.7293  0.5033 
   00470    0.4072  -11771.8348  0.5007 
   00471    0.4133  -11783.8120  0.5017 
   00472    0.4014  -11825.4525  0.5067 
   00473    0.4033  -11797.4865  0.5092 
   00474    0.3992  -11784.3212  0.5070 
   00475    0.4217  -11739.9383  0.5095 
   00476    0.4072  -11715.7601  0.5040 
   00477    0.3961  -11747.6862  0.5110 
   00478    0.4094  -11754.7626  0.5117 
   00479    0.4053  -11733.6414  0.5072 
   00480    0.4150  -11673.0223  0.5036 
   00481    0.4006  -11760.1326  0.5102 
   00482    0.4133  -11645.0105  0.5112 
   00483    0.3839  -11734.8978  0.5162 
   00484    0.3872  -11776.2807  0.5129 
   00485    0.3992  -11741.8517  0.5074 
   00486    0.4053  -11825.4018  0.5072 
   00487    0.4042  -11806.2373  0.5053 
   00488    0.3994  -11693.8736  0.5022 
   00489    0.3908  -11701.5101  0.5004 
   00490    0.4008  -11689.2514  0.5017 
   00491    0.3986  -11722.3103  0.4948 
   00492    0.3994  -11764.2111  0.4939 
   00493    0.4017  -11714.6557  0.4924 
   00494    0.4056  -11762.3207  0.4906 
   00495    0.4028  -11766.0100  0.4902 
   00496    0.4067  -11692.5729  0.4846 
   00497    0.3939  -11744.8496  0.4867 
   00498    0.4100  -11752.7795  0.4914 
   00499    0.4094  -11819.5330  0.4971 
   00500    0.3994  -11832.0504  0.5026 
   00501    0.3956  -11818.0524  0.5009 
   00502    0.4025  -11820.9620  0.4952 
   00503    0.4092  -11831.7568  0.4961 
   00504    0.4033  -11753.9797  0.4942 
   00505    0.3950  -11755.5171  0.4949 
   00506    0.3975  -11779.5998  0.4944 
   00507    0.4111  -11762.5549  0.4948 
   00508    0.4008  -11738.6388  0.4901 
   00509    0.3981  -11773.5363  0.4938 
   00510    0.4119  -11766.1282  0.4917 
   00511    0.4050  -11770.5072  0.4973 
   00512    0.4183  -11754.0732  0.4977 
   00513    0.4050  -11723.9080  0.4949 
   00514    0.4064  -11710.4913  0.4920 
   00515    0.3917  -11689.3686  0.4913 
   00516    0.3975  -11720.5087  0.4970 
   00517    0.4008  -11715.6615  0.4965 
   00518    0.4008  -11736.5105  0.4974 
   00519    0.3969  -11657.7491  0.4938 
   00520    0.4042  -11647.9281  0.4975 
   00521    0.4086  -11664.6490  0.4969 
   00522    0.4033  -11668.3349  0.4991 
   00523    0.4022  -11653.3584  0.4999 
   00524    0.3986  -11593.2985  0.5006 
   00525    0.4089  -11644.9277  0.5031 
   00526    0.3983  -11661.7217  0.5077 
   00527    0.4067  -11702.3501  0.5067 
   00528    0.3961  -11795.9121  0.5040 
   00529    0.4108  -11798.2365  0.5066 
   00530    0.4033  -11779.8401  0.5069 
   00531    0.4056  -11764.5450  0.5020 
   00532    0.4022  -11772.3307  0.4987 
   00533    0.3953  -11712.7501  0.4981 
   00534    0.4172  -11670.3479  0.4951 
   00535    0.4122  -11666.9803  0.4905 
   00536    0.3961  -11696.4723  0.4959 
   00537    0.4131  -11695.4428  0.4979 
   00538    0.3942  -11723.5440  0.5007 
   00539    0.3922  -11730.9305  0.4989 
   00540    0.4094  -11737.7491  0.4969 
   00541    0.4153  -11710.1435  0.5018 
   00542    0.4125  -11790.1578  0.5029 
   00543    0.3911  -11724.9575  0.4985 
   00544    0.4083  -11716.9270  0.5012 
   00545    0.4006  -11654.4698  0.5026 
   00546    0.3939  -11683.6466  0.5006 
   00547    0.4086  -11772.0541  0.5023 
   00548    0.4072  -11725.8591  0.5001 
   00549    0.4050  -11719.4472  0.4969 
   00550    0.4161  -11695.0267  0.5020 
   00551    0.4056  -11751.6114  0.5036 
   00552    0.4008  -11716.1192  0.4992 
   00553    0.3925  -11633.1349  0.4990 
   00554    0.4206  -11714.9283  0.5013 
   00555    0.3989  -11732.6993  0.5050 
   00556    0.4092  -11784.6408  0.5044 
   00557    0.4106  -11784.5641  0.5055 
   00558    0.4125  -11730.1005  0.5070 
   00559    0.3944  -11677.1558  0.5024 
   00560    0.4125  -11667.3812  0.4999 
   00561    0.4017  -11777.4117  0.5040 
   00562    0.4061  -11745.2764  0.5024 
   00563    0.3972  -11708.9813  0.5093 
   00564    0.3942  -11741.7319  0.5126 
   00565    0.4186  -11745.1987  0.5133 
   00566    0.4006  -11713.4467  0.5098 
   00567    0.4097  -11667.4990  0.5019 
   00568    0.4061  -11654.7277  0.4968 
   00569    0.4042  -11727.5286  0.4984 
   00570    0.4250  -11745.6576  0.5003 
   00571    0.3939  -11801.7622  0.4970 
   00572    0.3950  -11709.9125  0.4871 
   00573    0.4222  -11697.1563  0.4915 
   00574    0.4061  -11723.7881  0.4970 
   00575    0.4006  -11614.1448  0.4971 
   00576    0.4111  -11673.7993  0.4994 
   00577    0.4164  -11697.3841  0.4997 
   00578    0.3994  -11720.8241  0.5033 
   00579    0.4106  -11752.6426  0.5061 
   00580    0.4111  -11811.3384  0.5052 
   00581    0.3836  -11789.0541  0.5114 
   00582    0.3939  -11701.8235  0.5061 
   00583    0.4019  -11816.9184  0.5051 
   00584    0.4075  -11771.0330  0.5089 
   00585    0.4025  -11767.2940  0.5050 
   00586    0.3972  -11766.1476  0.5057 
   00587    0.4058  -11716.6267  0.5002 
   00588    0.3994  -11700.7618  0.5012 
   00589    0.4111  -11713.8682  0.4970 
   00590    0.4103  -11737.7994  0.4935 
   00591    0.3992  -11698.2060  0.4901 
   00592    0.4092  -11728.6270  0.4980 
   00593    0.4008  -11737.7480  0.5002 
   00594    0.4186  -11739.8743  0.4989 
   00595    0.3967  -11824.1838  0.4928 
   00596    0.4008  -11761.0165  0.4868 
   00597    0.3900  -11806.7454  0.4888 
   00598    0.4047  -11770.9157  0.4932 
   00599    0.3969  -11769.8749  0.4929 
   00600    0.3806  -11767.4191  0.4930 
   00601    0.3972  -11729.7998  0.4935 
   00602    0.3989  -11730.3493  0.4953 
   00603    0.4203  -11775.7669  0.5043 
   00604    0.3944  -11775.3998  0.5066 
   00605    0.4044  -11684.4035  0.5021 
   00606    0.4069  -11692.3896  0.5035 
   00607    0.4031  -11637.6266  0.5039 
   00608    0.4078  -11614.9173  0.5003 
   00609    0.4072  -11601.0923  0.4987 
   00610    0.4136  -11606.9953  0.4949 
   00611    0.4119  -11581.3612  0.4911 
   00612    0.4136  -11570.7107  0.4969 
   00613    0.4069  -11622.0531  0.4988 
   00614    0.4172  -11650.6726  0.5019 
   00615    0.4117  -11667.3918  0.5017 
   00616    0.4122  -11680.6574  0.5035 
   00617    0.3978  -11703.5927  0.5046 
   00618    0.4036  -11667.8342  0.5078 
   00619    0.4114  -11716.3746  0.5074 
   00620    0.4031  -11753.9770  0.5055 
   00621    0.4033  -11747.7361  0.5064 
   00622    0.4053  -11677.4913  0.5042 
   00623    0.4078  -11687.6923  0.5059 
   00624    0.4000  -11698.2654  0.5109 
   00625    0.4167  -11750.5497  0.5137 
   00626    0.4014  -11752.7986  0.5123 
   00627    0.4042  -11732.4592  0.5052 
   00628    0.4017  -11760.7335  0.5050 
   00629    0.4119  -11753.7740  0.5031 
   00630    0.3947  -11802.5892  0.5052 
   00631    0.4161  -11736.0237  0.4998 
   00632    0.3983  -11785.6503  0.5032 
   00633    0.4003  -11798.8971  0.4963 
   00634    0.4081  -11829.4992  0.5028 
   00635    0.4100  -11770.6260  0.5076 
   00636    0.3953  -11809.4575  0.5104 
   00637    0.4156  -11800.0262  0.5070 
   00638    0.4006  -11799.1686  0.4991 
   00639    0.4025  -11768.3060  0.5015 
   00640    0.4089  -11762.5690  0.4985 
   00641    0.4119  -11690.5994  0.4995 
   00642    0.4014  -11741.3354  0.5000 
   00643    0.4142  -11730.6128  0.4984 
   00644    0.3956  -11736.2751  0.5026 
   00645    0.4011  -11784.0847  0.5104 
   00646    0.4000  -11774.7803  0.5192 
   00647    0.4192  -11741.5405  0.5220 
   00648    0.4031  -11792.3473  0.5286 
   00649    0.4011  -11836.1448  0.5298 
   00650    0.4067  -11845.4906  0.5286 
   00651    0.3869  -11795.3594  0.5212 
   00652    0.4092  -11825.6573  0.5270 
   00653    0.4081  -11834.4487  0.5265 
   00654    0.4025  -11779.6806  0.5236 
   00655    0.3972  -11763.0423  0.5222 
   00656    0.3994  -11817.5647  0.5220 
   00657    0.3969  -11781.2870  0.5195 
   00658    0.3936  -11704.5272  0.5140 
   00659    0.4089  -11721.9127  0.5149 
   00660    0.3972  -11713.2010  0.5150 
   00661    0.4178  -11683.2802  0.5141 
   00662    0.4028  -11689.2222  0.5165 
   00663    0.4203  -11749.1428  0.5139 
   00664    0.3933  -11760.0619  0.5187 
   00665    0.3992  -11681.3553  0.5173 
   00666    0.4103  -11753.2677  0.5193 
   00667    0.3950  -11720.6237  0.5237 
   00668    0.4072  -11758.3825  0.5291 
   00669    0.3972  -11807.9580  0.5338 
   00670    0.3886  -11810.6997  0.5375 
   00671    0.4003  -11855.8873  0.5375 
   00672    0.3975  -11884.1690  0.5329 
   00673    0.3947  -11926.2314  0.5302 
   00674    0.4069  -11773.7418  0.5230 
   00675    0.3933  -11775.1338  0.5202 
   00676    0.4058  -11750.0492  0.5211 
   00677    0.4153  -11671.9300  0.5206 
   00678    0.3967  -11727.2064  0.5191 
   00679    0.4106  -11785.8714  0.5161 
   00680    0.4128  -11770.7378  0.5151 
   00681    0.3947  -11711.8895  0.5108 
   00682    0.4061  -11734.0624  0.5154 
   00683    0.4006  -11609.7921  0.5151 
   00684    0.3936  -11633.0681  0.5162 
   00685    0.3975  -11655.2328  0.5140 
   00686    0.4069  -11739.9502  0.5190 
   00687    0.4064  -11765.7563  0.5223 
   00688    0.3986  -11829.3833  0.5294 
   00689    0.3992  -11808.9553  0.5256 
   00690    0.4122  -11824.1100  0.5242 
   00691    0.4019  -11872.6082  0.5249 
   00692    0.4053  -11811.6047  0.5202 
   00693    0.3936  -11794.7602  0.5206 
   00694    0.4217  -11696.8310  0.5232 
   00695    0.3969  -11648.7143  0.5303 
   00696    0.4064  -11725.9432  0.5267 
   00697    0.3969  -11791.6954  0.5157 
   00698    0.3992  -11846.2254  0.5199 
   00699    0.4008  -11829.8607  0.5230 
   00700    0.3972  -11840.6810  0.5277 
   00701    0.4022  -11842.5837  0.5256 
   00702    0.4006  -11861.5794  0.5317 
   00703    0.4011  -11834.5032  0.5318 
   00704    0.4108  -11810.9346  0.5256 
   00705    0.3933  -11830.7318  0.5262 
   00706    0.4006  -11824.8055  0.5241 
   00707    0.3842  -11834.8777  0.5221 
   00708    0.3883  -11850.8015  0.5168 
   00709    0.4108  -11857.2487  0.5156 
   00710    0.3978  -11902.7680  0.5154 
   00711    0.4092  -11893.0185  0.5051 
   00712    0.4100  -11871.2520  0.5055 
   00713    0.3822  -11810.0078  0.5053 
   00714    0.4053  -11861.0353  0.5104 
   00715    0.4064  -11815.3115  0.5098 
   00716    0.4103  -11882.3036  0.5085 
   00717    0.3867  -11845.1364  0.5066 
   00718    0.3969  -11780.2572  0.5072 
   00719    0.3894  -11781.2223  0.5109 
   00720    0.3972  -11818.2539  0.5106 
   00721    0.3942  -11782.8830  0.5054 
   00722    0.3908  -11711.4618  0.5015 
   00723    0.4069  -11716.9731  0.4976 
   00724    0.4075  -11708.8265  0.5006 
   00725    0.4117  -11722.5777  0.4968 
   00726    0.3989  -11701.5307  0.4938 
   00727    0.3953  -11734.8363  0.4941 
   00728    0.3836  -11705.4369  0.4901 
   00729    0.3992  -11731.0265  0.4836 
   00730    0.4014  -11756.4923  0.4800 
   00731    0.4069  -11712.8489  0.4810 
   00732    0.4064  -11770.9796  0.4827 
   00733    0.4089  -11695.7950  0.4839 
   00734    0.4172  -11713.2252  0.4883 
   00735    0.4125  -11777.1190  0.4825 
   00736    0.4047  -11783.8088  0.4883 
   00737    0.4053  -11833.7845  0.4920 
   00738    0.3983  -11830.4505  0.4970 
   00739    0.4128  -11857.1065  0.5006 
   00740    0.3978  -11851.7443  0.5057 
   00741    0.4111  -11778.5236  0.5097 
   00742    0.4072  -11767.8267  0.5087 
   00743    0.3978  -11807.6891  0.5056 
   00744    0.4025  -11757.7834  0.5068 
   00745    0.4064  -11703.0847  0.5048 
   00746    0.3933  -11701.9472  0.5059 
   00747    0.4036  -11699.2302  0.5121 
   00748    0.4000  -11741.9502  0.5154 
   00749    0.4039  -11716.1546  0.5075 
   00750    0.3931  -11732.8934  0.5153 
   00751    0.3978  -11694.8078  0.5140 
   00752    0.3956  -11734.7805  0.5171 
   00753    0.3886  -11720.1200  0.5192 
   00754    0.4128  -11794.0132  0.5208 
   00755    0.4156  -11728.5575  0.5244 
   00756    0.3994  -11751.1641  0.5310 
   00757    0.4039  -11760.6642  0.5350 
   00758    0.3989  -11756.4585  0.5417 
   00759    0.4125  -11688.5797  0.5398 
   00760    0.4217  -11718.6707  0.5398 
   00761    0.3967  -11784.1416  0.5437 
   00762    0.4011  -11771.0731  0.5351 
   00763    0.4092  -11763.1549  0.5422 
   00764    0.3972  -11732.5576  0.5414 
   00765    0.4003  -11777.2748  0.5415 
   00766    0.3922  -11790.0970  0.5447 
   00767    0.4067  -11720.7484  0.5394 
   00768    0.3911  -11749.3413  0.5448 
   00769    0.3761  -11767.5882  0.5455 
   00770    0.3950  -11748.4907  0.5438 
   00771    0.4003  -11818.7690  0.5399 
   00772    0.4033  -11799.5311  0.5359 
   00773    0.3961  -11755.9178  0.5413 
   00774    0.3844  -11760.3465  0.5399 
   00775    0.4008  -11807.0301  0.5374 
   00776    0.4017  -11798.0191  0.5400 
   00777    0.4050  -11782.9777  0.5405 
   00778    0.3961  -11797.2588  0.5444 
   00779    0.4131  -11710.2447  0.5450 
   00780    0.3981  -11662.1286  0.5425 
   00781    0.3956  -11653.0043  0.5413 
   00782    0.4131  -11669.7357  0.5390 
   00783    0.4019  -11685.7156  0.5390 
   00784    0.4039  -11675.5715  0.5391 
   00785    0.4000  -11700.2693  0.5382 
   00786    0.4089  -11671.7184  0.5351 
   00787    0.4086  -11716.3738  0.5402 
   00788    0.4081  -11674.4125  0.5349 
   00789    0.3978  -11733.4681  0.5385 
   00790    0.4092  -11732.2771  0.5406 
   00791    0.4017  -11745.1891  0.5410 
   00792    0.3944  -11687.0308  0.5352 
   00793    0.3867  -11711.1366  0.5341 
   00794    0.4031  -11654.8233  0.5271 
   00795    0.4047  -11614.3506  0.5242 
   00796    0.4089  -11676.8786  0.5283 
   00797    0.4069  -11680.4441  0.5232 
   00798    0.4058  -11608.4229  0.5165 
   00799    0.3992  -11665.2569  0.5198 
   00800    0.4014  -11647.3919  0.5194 
   00801    0.3992  -11664.3680  0.5265 
   00802    0.4114  -11687.6105  0.5237 
   00803    0.3922  -11730.2977  0.5250 
   00804    0.4136  -11667.2664  0.5199 
   00805    0.4011  -11598.4331  0.5242 
   00806    0.4000  -11740.0135  0.5316 
   00807    0.4011  -11648.3862  0.5303 
   00808    0.3978  -11669.6920  0.5281 
   00809    0.4050  -11663.9624  0.5302 
   00810    0.3944  -11770.9174  0.5282 
   00811    0.3933  -11781.8109  0.5262 
   00812    0.4117  -11713.4584  0.5249 
   00813    0.4075  -11748.9403  0.5309 
   00814    0.4044  -11845.1284  0.5342 
   00815    0.3953  -11845.5588  0.5287 
   00816    0.3953  -11864.7738  0.5377 
   00817    0.3925  -11835.7090  0.5341 
   00818    0.4022  -11875.4354  0.5345 
   00819    0.4119  -11869.4408  0.5297 
   00820    0.4083  -11814.6833  0.5266 
   00821    0.4108  -11782.1839  0.5251 
   00822    0.4014  -11735.3687  0.5222 
   00823    0.3936  -11711.4774  0.5284 
   00824    0.4006  -11750.2890  0.5246 
   00825    0.4119  -11673.8499  0.5213 
   00826    0.4069  -11661.0359  0.5251 
   00827    0.4044  -11714.6691  0.5248 
   00828    0.4064  -11755.4155  0.5287 
   00829    0.4019  -11748.6163  0.5273 
   00830    0.4131  -11741.1737  0.5289 
   00831    0.4017  -11718.6610  0.5262 
   00832    0.4042  -11754.9216  0.5304 
   00833    0.4000  -11766.4677  0.5312 
   00834    0.4156  -11728.2565  0.5231 
   00835    0.3919  -11782.1889  0.5267 
   00836    0.3933  -11733.3455  0.5289 
   00837    0.4072  -11761.3558  0.5326 
   00838    0.4014  -11761.4682  0.5288 
   00839    0.3992  -11709.4985  0.5310 
   00840    0.4167  -11696.7100  0.5304 
   00841    0.4156  -11769.0417  0.5323 
   00842    0.4072  -11706.4932  0.5310 
   00843    0.4181  -11647.1841  0.5370 
   00844    0.4069  -11657.2553  0.5405 
   00845    0.4111  -11651.3627  0.5441 
   00846    0.4186  -11675.8438  0.5467 
   00847    0.3978  -11669.9772  0.5480 
   00848    0.3939  -11752.0532  0.5482 
   00849    0.3958  -11734.1076  0.5455 
   00850    0.4039  -11732.2420  0.5407 
   00851    0.3958  -11789.8446  0.5433 
   00852    0.4103  -11785.4277  0.5475 
   00853    0.3947  -11805.1342  0.5512 
   00854    0.3994  -11805.5034  0.5519 
   00855    0.4156  -11824.4759  0.5548 
   00856    0.3992  -11814.1278  0.5484 
   00857    0.4131  -11798.3987  0.5425 
   00858    0.4106  -11775.2807  0.5401 
   00859    0.4036  -11662.6387  0.5444 
   00860    0.4142  -11663.2919  0.5420 
   00861    0.4122  -11771.3970  0.5458 
   00862    0.3975  -11796.2601  0.5482 
   00863    0.4125  -11763.0364  0.5421 
   00864    0.4039  -11801.0020  0.5371 
   00865    0.3947  -11766.3987  0.5337 
   00866    0.4022  -11782.7886  0.5341 
   00867    0.3947  -11848.8500  0.5333 
   00868    0.4028  -11797.7595  0.5347 
   00869    0.4075  -11752.9349  0.5323 
   00870    0.4133  -11710.9452  0.5327 
   00871    0.4044  -11771.4829  0.5360 
   00872    0.4106  -11781.7355  0.5385 
   00873    0.4014  -11769.0833  0.5349 
   00874    0.4061  -11817.9195  0.5382 
   00875    0.3908  -11851.1866  0.5427 
   00876    0.3839  -11870.6348  0.5413 
   00877    0.3892  -11855.9845  0.5443 
   00878    0.4169  -11830.2809  0.5519 
   00879    0.4011  -11839.4465  0.5457 
   00880    0.3908  -11831.7024  0.5478 
   00881    0.3928  -11841.2315  0.5478 
   00882    0.3933  -11854.4674  0.5470 
   00883    0.4125  -11779.2060  0.5479 
   00884    0.4058  -11749.1818  0.5454 
   00885    0.3992  -11799.0081  0.5464 
   00886    0.4019  -11785.8605  0.5452 
   00887    0.4028  -11736.7899  0.5452 
   00888    0.4128  -11680.0581  0.5407 
   00889    0.4036  -11708.1910  0.5399 
   00890    0.3950  -11751.6545  0.5361 
   00891    0.3958  -11731.0012  0.5323 
   00892    0.4011  -11782.5620  0.5328 
   00893    0.4042  -11780.6102  0.5304 
   00894    0.3964  -11760.9385  0.5312 
   00895    0.4117  -11765.2880  0.5314 
   00896    0.4056  -11769.1701  0.5305 
   00897    0.4111  -11741.7717  0.5330 
   00898    0.3922  -11760.6570  0.5315 
   00899    0.3992  -11780.4276  0.5263 
   00900    0.4044  -11793.9262  0.5236 
   00901    0.4031  -11825.6626  0.5302 
   00902    0.3792  -11858.5107  0.5307 
   00903    0.3889  -11879.3268  0.5363 
   00904    0.4039  -11958.2184  0.5338 
   00905    0.4053  -11957.5372  0.5367 
   00906    0.3900  -11960.1974  0.5351 
   00907    0.4097  -11957.9914  0.5333 
   00908    0.3922  -11941.2250  0.5338 
   00909    0.3986  -11925.2808  0.5315 
   00910    0.3953  -11887.8530  0.5233 
   00911    0.3936  -11848.4915  0.5250 
   00912    0.3986  -11812.8183  0.5280 
   00913    0.3972  -11776.0953  0.5212 
   00914    0.4019  -11722.3693  0.5181 
   00915    0.4072  -11752.2003  0.5145 
   00916    0.4156  -11784.1333  0.5150 
   00917    0.4036  -11817.3585  0.5129 
   00918    0.3958  -11822.2634  0.5109 
   00919    0.3950  -11768.1235  0.5052 
   00920    0.4133  -11834.9184  0.5073 
   00921    0.3925  -11731.9673  0.5085 
   00922    0.4086  -11769.0917  0.5048 
   00923    0.3944  -11810.5842  0.5030 
   00924    0.3961  -11777.4252  0.4975 
   00925    0.3994  -11724.5532  0.4949 
   00926    0.4206  -11710.7845  0.4923 
   00927    0.3958  -11776.3230  0.4924 
   00928    0.3994  -11710.7009  0.4960 
   00929    0.4019  -11711.6585  0.4986 
   00930    0.4031  -11743.2869  0.4974 
   00931    0.3861  -11727.5702  0.4980 
   00932    0.4069  -11769.5780  0.4938 
   00933    0.4075  -11737.5886  0.4925 
   00934    0.4061  -11758.8598  0.4991 
   00935    0.4103  -11799.8215  0.5007 
   00936    0.4014  -11822.9981  0.5055 
   00937    0.4069  -11787.1557  0.5051 
   00938    0.4000  -11771.3079  0.5055 
   00939    0.4050  -11787.4576  0.5014 
   00940    0.3961  -11824.0241  0.5040 
   00941    0.4108  -11843.4937  0.4998 
   00942    0.4061  -11831.3853  0.4975 
   00943    0.4094  -11816.6124  0.5000 
   00944    0.4006  -11846.1695  0.5088 
   00945    0.4019  -11769.5117  0.5040 
   00946    0.4050  -11761.5346  0.5041 
   00947    0.4019  -11795.0206  0.5026 
   00948    0.4053  -11828.1228  0.5010 
   00949    0.3908  -11880.6976  0.4995 
   00950    0.4086  -11928.1650  0.5040 
   00951    0.4017  -11924.5623  0.5042 
   00952    0.4056  -11909.6927  0.5011 
   00953    0.4025  -11855.5516  0.4970 
   00954    0.4061  -11813.8564  0.4928 
   00955    0.4083  -11829.3429  0.4934 
   00956    0.3903  -11842.6703  0.4992 
   00957    0.3981  -11754.3342  0.4969 
   00958    0.4000  -11771.9318  0.4951 
   00959    0.4083  -11832.7192  0.4906 
   00960    0.3958  -11826.9831  0.4840 
   00961    0.4019  -11845.0983  0.4839 
   00962    0.4114  -11782.9990  0.4843 
   00963    0.4067  -11848.1238  0.4802 
   00964    0.3919  -11865.8045  0.4841 
   00965    0.4067  -11808.0085  0.4835 
   00966    0.4044  -11708.6761  0.4835 
   00967    0.4178  -11702.0137  0.4833 
   00968    0.4142  -11771.8678  0.4780 
   00969    0.4158  -11731.8002  0.4786 
   00970    0.3908  -11693.0119  0.4746 
   00971    0.4011  -11694.8971  0.4703 
   00972    0.3922  -11779.1700  0.4727 
   00973    0.3944  -11777.7274  0.4662 
   00974    0.4097  -11753.6808  0.4659 
   00975    0.3936  -11774.6750  0.4676 
   00976    0.3994  -11727.0133  0.4690 
   00977    0.4103  -11721.7260  0.4608 
   00978    0.3975  -11732.3109  0.4620 
   00979    0.4164  -11707.9230  0.4614 
   00980    0.4078  -11728.4044  0.4609 
   00981    0.4136  -11787.4368  0.4628 
   00982    0.3992  -11810.1679  0.4598 
   00983    0.3939  -11823.2826  0.4612 
   00984    0.4042  -11804.6965  0.4619 
   00985    0.4067  -11787.3958  0.4633 
   00986    0.3944  -11729.4789  0.4588 
   00987    0.4164  -11763.8177  0.4538 
   00988    0.3983  -11733.1977  0.4522 
   00989    0.4058  -11671.6746  0.4560 
   00990    0.4197  -11728.3928  0.4576 
   00991    0.3908  -11671.6918  0.4607 
   00992    0.4086  -11656.8898  0.4571 
   00993    0.3981  -11666.5738  0.4628 
   00994    0.4014  -11639.4821  0.4649 
   00995    0.4036  -11608.2206  0.4729 
   00996    0.4100  -11656.2184  0.4745 
   00997    0.4161  -11652.3944  0.4755 
   00998    0.4117  -11681.7911  0.4771 
   00999    0.4017  -11760.1243  0.4776 
   01000    0.4028  -11795.9577  0.4754 
