#=====================================================
# File created:        Mon-06-Nov-2023-at-02-20-15PM
# Size of lattice:     20x20
# Number of MC steps:  1000
# Reduced temperature: 0.400
# Run time (s):        10.691266
#=====================================================
# MC step:  Ratio:     Energy:   Order:
#=====================================================
   00000    0.5000    -440.7972  0.2677 
   00001    0.7275    -607.8867  0.2625 
   00002    0.6375    -723.0367  0.2616 
   00003    0.5875    -820.3393  0.2725 
   00004    0.5800    -909.5773  0.2951 
   00005    0.5375    -942.1966  0.2828 
   00006    0.5575    -972.5525  0.2888 
   00007    0.5450   -1005.8935  0.2889 
   00008    0.5350   -1033.5126  0.2826 
   00009    0.5300   -1058.9317  0.3210 
   00010    0.5225   -1091.9630  0.3218 
   00011    0.4875   -1102.0365  0.3237 
   00012    0.5350   -1118.6969  0.3298 
   00013    0.4700   -1143.8283  0.3214 
   00014    0.5000   -1155.4742  0.3345 
   00015    0.5175   -1175.0362  0.3461 
   00016    0.4725   -1181.7460  0.3617 
   00017    0.4850   -1191.1027  0.3737 
   00018    0.5050   -1205.5653  0.3833 
   00019    0.4475   -1219.9519  0.3851 
   00020    0.4600   -1246.0384  0.3948 
   00021    0.4525   -1244.3994  0.4129 
   00022    0.4400   -1247.6597  0.4180 
   00023    0.4875   -1255.1020  0.4124 
   00024    0.5350   -1247.3512  0.4300 
   00025    0.4125   -1254.2292  0.4274 
   00026    0.4675   -1256.7062  0.4398 
   00027    0.4925   -1262.9020  0.4515 
   00028    0.4425   -1270.8946  0.4502 
   00029    0.4650   -1271.5544  0.4430 
   00030    0.4350   -1281.4604  0.4409 
   00031    0.4825   -1292.3116  0.4522 
   00032    0.4250   -1298.5488  0.4557 
   00033    0.5050   -1288.3448  0.4634 
   00034    0.4750   -1289.9898  0.4611 
   00035    0.4250   -1305.9554  0.4630 
   00036    0.4750   -1298.8286  0.4753 
   00037    0.4750   -1303.3435  0.4878 
   00038    0.4650   -1315.1440  0.4813 
   00039    0.4575   -1322.6642  0.4752 
   00040    0.4250   -1322.3410  0.4678 
   00041    0.4550   -1313.7023  0.4742 
   00042    0.4375   -1323.5764  0.4757 
   00043    0.3675   -1313.6531  0.4788 
   00044    0.4675   -1333.0773  0.4828 
   00045    0.4425   -1343.7788  0.5061 
   00046    0.4375   -1341.3094  0.4996 
   00047    0.4325   -1323.6289  0.4979 
   00048    0.4200   -1318.6169  0.4929 
   00049    0.4425   -1308.7009  0.4813 
   00050    0.4400   -1317.4920  0.4908 
   00051    0.4525   -1303.2674  0.4958 
   00052    0.4500   -1316.0877  0.4990 
   00053    0.4675   -1306.2740  0.5144 
   00054    0.4300   -1329.9778  0.5234 
   00055    0.4350   -1333.4723  0.5302 
   00056    0.4450   -1347.3907  0.5366 
   00057    0.3950   -1352.2544  0.5477 
   00058    0.4375   -1356.3399  0.5496 
   00059    0.4150   -1352.3948  0.5525 
   00060    0.3875   -1352.0565  0.5421 
   00061    0.5050   -1346.5924  0.5332 
   00062    0.4400   -1330.6088  0.5398 
   00063    0.4250   -1339.2408  0.5469 
   00064    0.4200   -1309.6929  0.5476 
   00065    0.4375   -1313.0845  0.5618 
   00066    0.4175   -1336.9062  0.5462 
   00067    0.4325   -1323.6658  0.5402 
   00068    0.4500   -1326.7244  0.5462 
   00069    0.5075   -1335.7396  0.5340 
   00070    0.4425   -1335.0596  0.5306 
   00071    0.4300   -1340.6950  0.5392 
   00072    0.4175   -1325.8306  0.5348 
   00073    0.4575   -1333.5629  0.5307 
   00074    0.4975   -1319.1493  0.5325 
   00075    0.4650   -1322.3599  0.5307 
   00076    0.4525   -1322.4123  0.5300 
   00077    0.4250   -1337.8057  0.5385 
   00078    0.4600   -1337.3802  0.5524 
   00079    0.4600   -1345.2398  0.5442 
   00080    0.4475   -1338.0909  0.5531 
   00081    0.4350   -1330.6938  0.5564 
   00082    0.4475   -1319.1574  0.5624 
   00083    0.4625   -1310.0938  0.5540 
   00084    0.4425   -1307.3752  0.5594 
   00085    0.4700   -1315.6819  0.5668 
   00086    0.4125   -1319.2653  0.5708 
   00087    0.4250   -1333.4255  0.5776 
   00088    0.4325   -1320.9965  0.5799 
   00089    0.4650   -1336.8568  0.5732 
   00090    0.4675   -1342.3225  0.5723 
   00091    0.4525   -1336.2918  0.5859 
   00092    0.4575   -1322.6157  0.5942 
   00093    0.4600   -1340.6724  0.6169 
   00094    0.4450   -1344.1234  0.6081 
   00095    0.4600   -1353.3847  0.6276 
   00096    0.4525   -1340.6343  0.6138 
   00097    0.4950   -1321.2086  0.6168 
   00098    0.4775   -1335.7494  0.6167 
   00099    0.4625   -1342.2448  0.6099 
   00100    0.3975   -1345.3349  0.6103 
   00101    0.4125   -1356.7843  0.6122 
   00102    0.4100   -1354.3662  0.6220 
   00103    0.4300   -1357.5833  0.6306 
   00104    0.4350   -1355.1043  0.6298 
   00105    0.4175   -1344.5898  0.6314 
   00106    0.4725   -1345.9591  0.6393 
   00107    0.4325   -1355.5520  0.6333 
   00108    0.4225   -1361.3547  0.6357 
   00109    0.4150   -1344.8616  0.6345 
   00110    0.4850   -1348.6783  0.6311 
   00111    0.4975   -1347.8109  0.6238 
   00112    0.4550   -1349.9073  0.6430 
   00113    0.4175   -1362.2892  0.6449 
   00114    0.4350   -1364.1372  0.6380 
   00115    0.4150   -1379.4573  0.6370 
   00116    0.4100   -1379.2004  0.6357 
   00117    0.4775   -1377.0259  0.6376 
   00118    0.4425   -1373.7036  0.6501 
   00119    0.4150   -1387.1493  0.6723 
   00120    0.3725   -1377.3322  0.6832 
   00121    0.3800   -1378.0578  0.6888 
   00122    0.4425   -1378.0806  0.6823 
   00123    0.4300   -1380.2045  0.6738 
   00124    0.4300   -1379.1881  0.6771 
   00125    0.4175   -1385.0299  0.6794 
   00126    0.4000   -1376.5581  0.6788 
   00127    0.4225   -1372.0931  0.6888 
   00128    0.4900   -1386.4150  0.7058 
   00129    0.4350   -1392.5173  0.7065 
   00130    0.4425   -1396.6683  0.7007 
   00131    0.3800   -1387.6530  0.6995 
   00132    0.4000   -1373.3819  0.6990 
   00133    0.4475   -1376.7908  0.7085 
   00134    0.4625   -1376.7139  0.7123 
   00135    0.4525   -1383.3992  0.7204 
   00136    0.4125   -1380.1134  0.7344 
   00137    0.3975   -1384.9770  0.7295 
   00138    0.3950   -1385.4480  0.7272 
   00139    0.4250   -1387.4030  0.7311 
   00140    0.4150   -1382.2329  0.7242 
   00141    0.4550   -1390.3109  0.7293 
   00142    0.4450   -1396.0128  0.7295 
   00143    0.4100   -1388.2475  0.7267 
   00144    0.3975   -1403.5483  0.7351 
   00145    0.4525   -1400.5822  0.7413 
   00146    0.4450   -1400.5832  0.7537 
   00147    0.4500   -1386.7479  0.7642 
   00148    0.4200   -1387.3150  0.7685 
   00149    0.3900   -1384.9974  0.7752 
   00150    0.3975   -1392.7431  0.7778 
   00151    0.4300   -1401.6543  0.7874 
   00152    0.3975   -1419.8028  0.7965 
   00153    0.4050   -1406.1050  0.7988 
   00154    0.4375   -1397.5884  0.7991 
   00155    0.3950   -1395.5005  0.7999 
   00156    0.4400   -1403.0951  0.8004 
   00157    0.4450   -1404.9655  0.7982 
   00158    0.4550   -1400.5037  0.7999 
   00159    0.3775   -1406.1330  0.7971 
   00160    0.4175   -1411.6057  0.8088 
   00161    0.3900   -1417.3473  0.8230 
   00162    0.4450   -1406.0980  0.8120 
   00163    0.4375   -1419.4672  0.8188 
   00164    0.4200   -1415.9111  0.8198 
   00165    0.3950   -1413.1037  0.8224 
   00166    0.4625   -1415.8015  0.8248 
   00167    0.4250   -1411.7668  0.8212 
   00168    0.4250   -1414.7773  0.8262 
   00169    0.4475   -1406.1767  0.8292 
   00170    0.4600   -1412.5949  0.8334 
   00171    0.3900   -1419.7388  0.8332 
   00172    0.4375   -1432.5008  0.8459 
   00173    0.4175   -1426.6263  0.8395 
   00174    0.4375   -1406.9523  0.8387 
   00175    0.4150   -1407.6911  0.8354 
   00176    0.4625   -1410.0147  0.8399 
   00177    0.4100   -1418.3058  0.8391 
   00178    0.4200   -1418.8301  0.8369 
   00179    0.3775   -1428.3517  0.8427 
   00180    0.4575   -1435.0269  0.8470 
   00181    0.4125   -1428.6664  0.8483 
   00182    0.4125   -1426.5671  0.8340 
   00183    0.3950   -1425.0924  0.8308 
   00184    0.4050   -1431.3604  0.8366 
   00185    0.4300   -1423.9462  0.8388 
   00186    0.4025   -1407.2386  0.8334 
   00187    0.4525   -1419.4154  0.8401 
   00188    0.3975   -1436.0772  0.8419 
   00189    0.4275   -1425.7202  0.8452 
   00190    0.4500   -1421.3714  0.8468 
   00191    0.3975   -1411.2510  0.8350 
   00192    0.4025   -1419.7963  0.8215 
   00193    0.4300   -1404.0603  0.8168 
   00194    0.3975   -1400.5692  0.8224 
   00195    0.4475   -1388.1627  0.8272 
   00196    0.4175   -1402.4830  0.8255 
   00197    0.4300   -1413.8885  0.8330 
   00198    0.3650   -1393.4853  0.8287 
   00199    0.4475   -1396.2581  0.8273 
   00200    0.3975   -1400.8953  0.8359 
   00201    0.4575   -1404.7445  0.8482 
   00202    0.4325   -1409.6132  0.8519 
   00203    0.4325   -1413.0208  0.8562 
   00204    0.4650   -1406.1536  0.8613 
   00205    0.4200   -1421.0010  0.8630 
   00206    0.4350   -1413.1753  0.8613 
   00207    0.4450   -1426.8902  0.8681 
   00208    0.4425   -1421.3377  0.8620 
   00209    0.4150   -1407.3338  0.8587 
   00210    0.4300   -1400.3519  0.8715 
   00211    0.4325   -1405.2109  0.8784 
   00212    0.4500   -1395.9873  0.8749 
   00213    0.4675   -1415.0772  0.8794 
   00214    0.4175   -1410.8958  0.8814 
   00215    0.3800   -1421.1263  0.8899 
   00216    0.3625   -1416.7424  0.8933 
   00217    0.4225   -1414.5776  0.8934 
   00218    0.4250   -1403.6011  0.8862 
   00219    0.4325   -1415.7975  0.8966 
   00220    0.4250   -1422.6630  0.8978 
   00221    0.4175   -1425.1620  0.8994 
   00222    0.3875   -1432.5676  0.8943 
   00223    0.4600   -1420.7582  0.8859 
   00224    0.4225   -1424.8429  0.8838 
   00225    0.4200   -1420.9463  0.8873 
   00226    0.4150   -1423.3628  0.8930 
   00227    0.4275   -1424.0414  0.8962 
   00228    0.4375   -1437.5266  0.8950 
   00229    0.3875   -1438.6881  0.8926 
   00230    0.4000   -1421.8987  0.8890 
   00231    0.4600   -1428.0823  0.8852 
   00232    0.4300   -1440.9952  0.8911 
   00233    0.4025   -1442.9289  0.8947 
   00234    0.4550   -1435.8686  0.8870 
   00235    0.4400   -1435.3886  0.8906 
   00236    0.4175   -1437.5418  0.8936 
   00237    0.4325   -1431.5688  0.8969 
   00238    0.4350   -1428.8871  0.8919 
   00239    0.4275   -1432.3163  0.8995 
   00240    0.4325   -1425.1277  0.8981 
   00241    0.4375   -1421.4708  0.9008 
   00242    0.4000   -1414.7609  0.8896 
   00243    0.4025   -1431.4789  0.9000 
   00244    0.3700   -1448.7356  0.9056 
   00245    0.4100   -1440.9368  0.9024 
   00246    0.4575   -1448.9360  0.9074 
   00247    0.3850   -1462.0929  0.9107 
   00248    0.4150   -1447.4731  0.9047 
   00249    0.4275   -1445.9986  0.9077 
   00250    0.4000   -1430.5552  0.8982 
   00251    0.4425   -1428.4804  0.8972 
   00252    0.4150   -1419.7130  0.8976 
   00253    0.4325   -1420.2137  0.8938 
   00254    0.4175   -1415.2536  0.8929 
   00255    0.4525   -1421.5763  0.8958 
   00256    0.4125   -1413.7122  0.8827 
   00257    0.4475   -1412.5959  0.8728 
   00258    0.3975   -1413.8777  0.8688 
   00259    0.4275   -1423.7661  0.8636 
   00260    0.4025   -1429.0299  0.8690 
   00261    0.4175   -1427.1544  0.8678 
   00262    0.3750   -1432.1919  0.8728 
   00263    0.4600   -1441.4190  0.8789 
   00264    0.4200   -1447.3451  0.8873 
   00265    0.4300   -1432.7110  0.8814 
   00266    0.4475   -1429.8604  0.8786 
   00267    0.4025   -1446.5314  0.8819 
   00268    0.3875   -1442.0218  0.8810 
   00269    0.4025   -1436.2801  0.8830 
   00270    0.4575   -1427.0922  0.8775 
   00271    0.4175   -1423.5382  0.8801 
   00272    0.3950   -1419.5655  0.8859 
   00273    0.4400   -1418.8916  0.8824 
   00274    0.3900   -1409.2681  0.8722 
   00275    0.4025   -1423.9916  0.8793 
   00276    0.4175   -1425.1221  0.8806 
   00277    0.4250   -1414.5768  0.8788 
   00278    0.4325   -1413.9113  0.8698 
   00279    0.3925   -1429.4162  0.8756 
   00280    0.4050   -1421.9678  0.8759 
   00281    0.4350   -1414.7332  0.8717 
   00282    0.4600   -1399.0702  0.8626 
   00283    0.4575   -1412.0288  0.8709 
   00284    0.3825   -1420.6782  0.8794 
   00285    0.4225   -1415.2951  0.8781 
   00286    0.4325   -1423.7086  0.8822 
   00287    0.4775   -1416.8579  0.8814 
   00288    0.4125   -1422.3781  0.8853 
   00289    0.4125   -1427.9111  0.8864 
   00290    0.4200   -1423.2858  0.8881 
   00291    0.3975   -1410.7926  0.8811 
   00292    0.4325   -1406.6068  0.8796 
   00293    0.3575   -1409.3870  0.8814 
   00294    0.4400   -1406.2186  0.8881 
   00295    0.3850   -1411.8182  0.8913 
   00296    0.4250   -1396.6115  0.8800 
   00297    0.4475   -1389.6480  0.8748 
   00298    0.4675   -1404.6646  0.8810 
   00299    0.4050   -1412.6981  0.8863 
   00300    0.4350   -1396.6696  0.8855 
   00301    0.4450   -1386.3126  0.8807 
   00302    0.4150   -1392.3995  0.8795 
   00303    0.3850   -1397.9975  0.8769 
   00304    0.4300   -1405.5982  0.8779 
   00305    0.4300   -1393.4949  0.8696 
   00306    0.3900   -1400.5480  0.8712 
   00307    0.4275   -1406.2293  0.8775 
   00308    0.3825   -1417.5061  0.8774 
   00309    0.4050   -1412.1507  0.8817 
   00310    0.4325   -1409.2641  0.8835 
   00311    0.3975   -1411.4713  0.8796 
   00312    0.4350   -1405.0872  0.8736 
   00313    0.3975   -1408.5672  0.8802 
   00314    0.4525   -1420.0296  0.8836 
   00315    0.4575   -1420.6429  0.8864 
   00316    0.4375   -1415.9623  0.8826 
   00317    0.3950   -1427.9484  0.8850 
   00318    0.4000   -1427.9267  0.8841 
   00319    0.4300   -1423.9230  0.8808 
   00320    0.4500   -1426.6584  0.8841 
   00321    0.4325   -1417.3030  0.8854 
   00322    0.4275   -1424.1458  0.8837 
   00323    0.4075   -1436.1176  0.8907 
   00324    0.4075   -1441.0229  0.8854 
   00325    0.4200   -1434.9315  0.8796 
   00326    0.4425   -1422.8066  0.8772 
   00327    0.4200   -1433.2498  0.8773 
   00328    0.4250   -1424.5945  0.8750 
   00329    0.4150   -1431.9251  0.8737 
   00330    0.3975   -1435.5019  0.8724 
   00331    0.3950   -1425.2015  0.8695 
   00332    0.4000   -1418.4720  0.8746 
   00333    0.4500   -1419.3180  0.8746 
   00334    0.5025   -1429.0696  0.8754 
   00335    0.4100   -1435.9905  0.8795 
   00336    0.4275   -1428.0786  0.8839 
   00337    0.4650   -1423.3419  0.8842 
   00338    0.4000   -1435.3471  0.8848 
   00339    0.4750   -1418.9097  0.8794 
   00340    0.3725   -1417.6371  0.8837 
   00341    0.4600   -1424.5245  0.8854 
   00342    0.4125   -1425.3536  0.8868 
   00343    0.4175   -1437.7170  0.8866 
   00344    0.3750   -1427.4031  0.8885 
   00345    0.4625   -1432.7167  0.8914 
   00346    0.4175   -1417.8468  0.8806 
   00347    0.4475   -1425.1913  0.8787 
   00348    0.4125   -1413.8092  0.8692 
   00349    0.3900   -1418.7431  0.8679 
   00350    0.3725   -1431.4469  0.8735 
   00351    0.4325   -1432.6496  0.8736 
   00352    0.4150   -1434.1343  0.8810 
   00353    0.4400   -1420.8660  0.8786 
   00354    0.3875   -1428.5795  0.8828 
   00355    0.4575   -1426.9205  0.8847 
   00356    0.4125   -1424.2379  0.8840 
   00357    0.4050   -1437.0009  0.8940 
   00358    0.3875   -1431.1953  0.8915 
   00359    0.4100   -1408.4222  0.8788 
   00360    0.4400   -1423.1092  0.8897 
   00361    0.4175   -1432.5315  0.8858 
   00362    0.3800   -1417.3749  0.8758 
   00363    0.4500   -1427.0115  0.8826 
   00364    0.4300   -1416.7631  0.8799 
   00365    0.4150   -1422.1129  0.8810 
   00366    0.4425   -1428.2181  0.8874 
   00367    0.4500   -1424.5783  0.8881 
   00368    0.4450   -1406.9556  0.8832 
   00369    0.4775   -1424.1501  0.8875 
   00370    0.4225   -1439.4298  0.8985 
   00371    0.4300   -1434.0241  0.8935 
   00372    0.4475   -1435.6390  0.9005 
   00373    0.3750   -1431.4410  0.8919 
   00374    0.3875   -1434.8268  0.8972 
   00375    0.4275   -1439.2607  0.9003 
   00376    0.4375   -1437.3064  0.8981 
   00377    0.4300   -1429.9026  0.8903 
   00378    0.4600   -1433.6347  0.8947 
   00379    0.4100   -1434.6349  0.8988 
   00380    0.3925   -1441.0933  0.8974 
   00381    0.4450   -1443.9720  0.8995 
   00382    0.4350   -1430.9777  0.8985 
   00383    0.4300   -1424.3546  0.8920 
   00384    0.4500   -1417.7886  0.8922 
   00385    0.4025   -1411.2694  0.8894 
   00386    0.4450   -1414.6224  0.8906 
   00387    0.4350   -1420.1875  0.8861 
   00388    0.3650   -1421.4858  0.8883 
   00389    0.3750   -1406.6305  0.8864 
   00390    0.4000   -1398.6858  0.8807 
   00391    0.4150   -1395.0174  0.8793 
   00392    0.4075   -1396.4150  0.8760 
   00393    0.3950   -1389.7230  0.8747 
   00394    0.4525   -1398.5642  0.8816 
   00395    0.4225   -1408.3671  0.8825 
   00396    0.4100   -1413.2442  0.8870 
   00397    0.4550   -1415.7888  0.8931 
   00398    0.4475   -1412.6883  0.9009 
   00399    0.4300   -1415.6725  0.9012 
   00400    0.4450   -1425.9033  0.8981 
   00401    0.4200   -1424.6675  0.8966 
   00402    0.3850   -1426.7832  0.9054 
   00403    0.3750   -1431.9897  0.9041 
   00404    0.4450   -1433.0989  0.8971 
   00405    0.4450   -1435.3572  0.8988 
   00406    0.4200   -1441.0311  0.9053 
   00407    0.4075   -1426.2515  0.9060 
   00408    0.3950   -1429.9791  0.9083 
   00409    0.4075   -1437.3348  0.9152 
   00410    0.3925   -1423.5346  0.9062 
   00411    0.4550   -1431.7617  0.9070 
   00412    0.3875   -1433.4343  0.9028 
   00413    0.4450   -1435.7504  0.9044 
   00414    0.3575   -1448.7676  0.9136 
   00415    0.4500   -1439.6639  0.9099 
   00416    0.3775   -1432.3448  0.9040 
   00417    0.4450   -1441.4173  0.9071 
   00418    0.4500   -1440.3976  0.9079 
   00419    0.4125   -1434.4604  0.9028 
   00420    0.4125   -1427.2211  0.8989 
   00421    0.4175   -1432.0662  0.8964 
   00422    0.4200   -1426.1578  0.8927 
   00423    0.3925   -1425.4806  0.8943 
   00424    0.4000   -1420.8985  0.8956 
   00425    0.3875   -1426.1193  0.8969 
   00426    0.4200   -1423.5795  0.8931 
   00427    0.4175   -1436.1902  0.9031 
   00428    0.4625   -1434.7599  0.8979 
   00429    0.4475   -1429.0963  0.8894 
   00430    0.4125   -1447.8005  0.8998 
   00431    0.4425   -1431.9496  0.8910 
   00432    0.4025   -1422.3496  0.8810 
   00433    0.4200   -1405.6181  0.8722 
   00434    0.4125   -1416.0865  0.8744 
   00435    0.4175   -1411.6200  0.8772 
   00436    0.4300   -1414.9227  0.8773 
   00437    0.4500   -1426.1813  0.8833 
   00438    0.3900   -1422.3637  0.8840 
   00439    0.4250   -1428.9891  0.8868 
   00440    0.4025   -1442.9120  0.8985 
   00441    0.4225   -1437.6680  0.8913 
   00442    0.4475   -1420.1305  0.8862 
   00443    0.3925   -1417.7462  0.8836 
   00444    0.4275   -1420.1902  0.8920 
   00445    0.4325   -1409.8026  0.8879 
   00446    0.4125   -1417.7498  0.8887 
   00447    0.4250   -1422.8028  0.8874 
   00448    0.3900   -1434.6071  0.8861 
   00449    0.4150   -1431.6286  0.8887 
   00450    0.3975   -1425.3511  0.8878 
   00451    0.4325   -1422.4102  0.8898 
   00452    0.4275   -1420.5677  0.8938 
   00453    0.4125   -1425.3454  0.9060 
   00454    0.4300   -1433.9975  0.9044 
   00455    0.4300   -1420.0813  0.9027 
   00456    0.4500   -1434.3486  0.9077 
   00457    0.4225   -1441.9426  0.9173 
   00458    0.3875   -1441.0902  0.9161 
   00459    0.4500   -1427.2538  0.9106 
   00460    0.4650   -1426.4200  0.9091 
   00461    0.4175   -1443.5444  0.9142 
   00462    0.3950   -1440.5114  0.9119 
   00463    0.4075   -1440.6537  0.9107 
   00464    0.4050   -1433.9527  0.9052 
   00465    0.3975   -1423.3274  0.9002 
   00466    0.3825   -1420.9813  0.8946 
   00467    0.3975   -1426.1344  0.8930 
   00468    0.4375   -1424.0228  0.8872 
   00469    0.3975   -1425.0979  0.8904 
   00470    0.4300   -1405.3185  0.8802 
   00471    0.4250   -1406.3086  0.8886 
   00472    0.4475   -1413.6925  0.8808 
   00473    0.3900   -1430.3999  0.8904 
   00474    0.4400   -1438.5585  0.8840 
   00475    0.4325   -1430.9667  0.8847 
   00476    0.4375   -1416.5550  0.8810 
   00477    0.3775   -1431.9989  0.8803 
   00478    0.4300   -1429.4313  0.8813 
   00479    0.4125   -1424.0941  0.8824 
   00480    0.3900   -1424.8410  0.8872 
   00481    0.4150   -1429.8352  0.8903 
   00482    0.4075   -1429.2115  0.8973 
   00483    0.4125   -1426.4785  0.8943 
   00484    0.4525   -1421.6762  0.8989 
   00485    0.4525   -1435.4862  0.9039 
   00486    0.4150   -1416.2081  0.8920 
   00487    0.4175   -1417.8264  0.8906 
   00488    0.3925   -1439.8292  0.9010 
   00489    0.3975   -1442.5739  0.8982 
   00490    0.4300   -1430.4860  0.8897 
   00491    0.4125   -1441.2315  0.8855 
   00492    0.4050   -1443.4511  0.8932 
   00493    0.3975   -1439.5924  0.8914 
   00494    0.4025   -1429.6962  0.8924 
   00495    0.4500   -1440.1100  0.8929 
   00496    0.4425   -1430.4400  0.8838 
   00497    0.4350   -1428.8397  0.8783 
   00498    0.3975   -1429.0058  0.8812 
   00499    0.3875   -1416.4187  0.8804 
   00500    0.4275   -1405.1520  0.8696 
   00501    0.4425   -1424.2066  0.8785 
   00502    0.4075   -1433.3400  0.8839 
   00503    0.4025   -1435.7286  0.8875 
   00504    0.4150   -1429.0427  0.8832 
   00505    0.3975   -1426.0604  0.8853 
   00506    0.4275   -1419.0311  0.8796 
   00507    0.4300   -1421.6946  0.8768 
   00508    0.4175   -1433.5144  0.8787 
   00509    0.3900   -1414.2809  0.8766 
   00510    0.3975   -1424.0708  0.8795 
   00511    0.5000   -1417.1046  0.8727 
   00512    0.3875   -1423.2246  0.8715 
   00513    0.4200   -1423.3797  0.8722 
   00514    0.3900   -1413.4901  0.8747 
   00515    0.4175   -1397.4088  0.8781 
   00516    0.4300   -1395.8220  0.8757 
   00517    0.4100   -1396.9542  0.8837 
   00518    0.4225   -1412.5670  0.8894 
   00519    0.4400   -1415.9442  0.8975 
   00520    0.4150   -1409.6755  0.9027 
   00521    0.4350   -1415.0543  0.9006 
   00522    0.4175   -1394.8015  0.8842 
   00523    0.4750   -1406.8293  0.8847 
   00524    0.3950   -1416.7983  0.8864 
   00525    0.4450   -1431.4665  0.8944 
   00526    0.4325   -1438.1564  0.8995 
   00527    0.3900   -1425.5550  0.9012 
   00528    0.4300   -1419.3610  0.8983 
   00529    0.3825   -1410.5724  0.8993 
   00530    0.4250   -1416.5000  0.8994 
   00531    0.4050   -1425.5572  0.8949 
   00532    0.3775   -1428.7230  0.8950 
   00533    0.4300   -1417.6043  0.8904 
   00534    0.3950   -1436.8229  0.8957 
   00535    0.4450   -1439.4002  0.8986 
   00536    0.4250   -1444.3328  0.9016 
   00537    0.3925   -1439.9692  0.9016 
   00538    0.4250   -1441.0321  0.9086 
   00539    0.4175   -1447.7356  0.9109 
   00540    0.4000   -1440.5701  0.9073 
   00541    0.4325   -1442.9417  0.9086 
   00542    0.4150   -1443.7738  0.9082 
   00543    0.4375   -1435.4871  0.9071 
   00544    0.3975   -1433.2867  0.9047 
   00545    0.3850   -1430.8935  0.8997 
   00546    0.4050   -1434.4928  0.8987 
   00547    0.4325   -1422.8439  0.8912 
   00548    0.4150   -1436.3438  0.8995 
   00549    0.4250   -1444.8455  0.9030 
   00550    0.3825   -1444.0692  0.9044 
   00551    0.4175   -1422.9254  0.8969 
   00552    0.3900   -1431.8778  0.9028 
   00553    0.4325   -1433.8739  0.9024 
   00554    0.3950   -1425.8299  0.9013 
   00555    0.3650   -1425.9946  0.9025 
   00556    0.4225   -1429.9724  0.9022 
   00557    0.4575   -1437.7767  0.9018 
   00558    0.4300   -1443.7184  0.9032 
   00559    0.4225   -1437.6705  0.9024 
   00560    0.4250   -1420.7473  0.8984 
   00561    0.4175   -1425.5507  0.9009 
   00562    0.4000   -1432.6513  0.8936 
   00563    0.3900   -1433.7130  0.8985 
   00564    0.4350   -1429.0929  0.8984 
   00565    0.3750   -1422.4624  0.8989 
   00566    0.4325   -1428.1081  0.9000 
   00567    0.4600   -1433.0567  0.8991 
   00568    0.4325   -1414.4426  0.8865 
   00569    0.3900   -1433.6101  0.8902 
   00570    0.4500   -1434.5607  0.8920 
   00571    0.4600   -1434.8653  0.8866 
   00572    0.4425   -1424.2258  0.8823 
   00573    0.4400   -1421.1332  0.8841 
   00574    0.4400   -1414.7528  0.8843 
   00575    0.3500   -1429.1181  0.8934 
   00576    0.4150   -1436.4564  0.8965 
   00577    0.4350   -1420.2870  0.8897 
   00578    0.4525   -1422.3779  0.8978 
   00579    0.4600   -1427.6938  0.8963 
   00580    0.4400   -1435.7272  0.8979 
   00581    0.4325   -1435.8362  0.8985 
   00582    0.4150   -1421.8778  0.8923 
   00583    0.4050   -1426.5945  0.8893 
   00584    0.4050   -1434.9082  0.8937 
   00585    0.4225   -1421.8029  0.8957 
   00586    0.4150   -1429.4367  0.8966 
   00587    0.4475   -1445.2244  0.9022 
   00588    0.4375   -1440.2472  0.8959 
   00589    0.4200   -1439.0250  0.8967 
   00590    0.4450   -1444.1763  0.8940 
   00591    0.4550   -1441.0799  0.8997 
   00592    0.3800   -1445.8053  0.9051 
   00593    0.3950   -1445.7796  0.9069 
   00594    0.3975   -1440.9186  0.9061 
   00595    0.4050   -1439.0928  0.9081 
   00596    0.4325   -1442.4104  0.9089 
   00597    0.3825   -1439.4972  0.9081 
   00598    0.4400   -1440.2624  0.9079 
   00599    0.4250   -1441.8086  0.9001 
   00600    0.4225   -1439.3369  0.9016 
   00601    0.4175   -1442.0178  0.9031 
   00602    0.4150   -1430.4389  0.8983 
   00603    0.4450   -1434.4616  0.8982 
   00604    0.4125   -1432.7954  0.8997 
   00605    0.3975   -1432.1153  0.9004 
   00606    0.4150   -1438.6383  0.8993 
   00607    0.4075   -1445.7355  0.8971 
   00608    0.4025   -1439.1955  0.8961 
   00609    0.4075   -1424.8891  0.8905 
   00610    0.3875   -1422.7332  0.8870 
   00611    0.4525   -1428.5603  0.8887 
   00612    0.3900   -1435.1724  0.8952 
   00613    0.4275   -1442.7435  0.8953 
   00614    0.4050   -1445.4615  0.8951 
   00615    0.4225   -1440.2735  0.8949 
   00616    0.3875   -1439.5828  0.8917 
   00617    0.4500   -1442.3643  0.8917 
   00618    0.4225   -1454.1651  0.8985 
   00619    0.4350   -1446.3543  0.8931 
   00620    0.4775   -1442.3070  0.8900 
   00621    0.4425   -1438.0231  0.8864 
   00622    0.4600   -1437.0376  0.8864 
   00623    0.4025   -1436.1126  0.8810 
   00624    0.3950   -1422.7351  0.8670 
   00625    0.4250   -1420.7364  0.8641 
   00626    0.4475   -1425.3175  0.8732 
   00627    0.3950   -1410.8010  0.8710 
   00628    0.3850   -1424.3235  0.8721 
   00629    0.4500   -1419.2670  0.8770 
   00630    0.3900   -1426.0439  0.8821 
   00631    0.3875   -1428.1147  0.8807 
   00632    0.4325   -1434.5532  0.8888 
   00633    0.4575   -1431.3586  0.8843 
   00634    0.4075   -1434.8437  0.8850 
   00635    0.4275   -1443.8150  0.8841 
   00636    0.3900   -1436.8157  0.8844 
   00637    0.4250   -1431.3255  0.8798 
   00638    0.4400   -1409.4684  0.8800 
   00639    0.4325   -1406.8622  0.8754 
   00640    0.4325   -1430.6605  0.8929 
   00641    0.4175   -1426.6139  0.8916 
   00642    0.4400   -1423.1407  0.8897 
   00643    0.4275   -1427.1184  0.8993 
   00644    0.4450   -1424.5335  0.8949 
   00645    0.4500   -1440.2697  0.9030 
   00646    0.4125   -1438.3956  0.8988 
   00647    0.4250   -1440.5658  0.8982 
   00648    0.4400   -1435.4597  0.8975 
   00649    0.4125   -1440.0664  0.9046 
   00650    0.4250   -1440.5417  0.9024 
   00651    0.4175   -1435.4679  0.9042 
   00652    0.4175   -1435.4739  0.9058 
   00653    0.4375   -1432.1201  0.9076 
   00654    0.4325   -1423.8095  0.8980 
   00655    0.4175   -1413.4947  0.8936 
   00656    0.3875   -1404.2934  0.8893 
   00657    0.4525   -1407.8937  0.8927 
   00658    0.4425   -1419.0643  0.8982 
   00659    0.4500   -1431.1956  0.9020 
   00660    0.4475   -1428.3481  0.8981 
   00661    0.4125   -1423.7661  0.8997 
   00662    0.4450   -1439.8706  0.9013 
   00663    0.3725   -1437.9653  0.8996 
   00664    0.4125   -1432.1044  0.8976 
   00665    0.4100   -1441.3710  0.9014 
   00666    0.4225   -1444.2466  0.9014 
   00667    0.4050   -1443.3547  0.9033 
   00668    0.4150   -1445.3804  0.9045 
   00669    0.4000   -1428.4127  0.8983 
   00670    0.4325   -1427.6521  0.9047 
   00671    0.4250   -1429.5833  0.9098 
   00672    0.4400   -1436.1690  0.9100 
   00673    0.4325   -1442.8263  0.9117 
   00674    0.3900   -1441.7266  0.9084 
   00675    0.4225   -1430.3829  0.9000 
   00676    0.4150   -1435.9390  0.9004 
   00677    0.4200   -1426.6826  0.8983 
   00678    0.4725   -1418.1891  0.8943 
   00679    0.4175   -1439.6368  0.8944 
   00680    0.4400   -1425.5291  0.8952 
   00681    0.4375   -1425.0441  0.8926 
   00682    0.4325   -1411.3657  0.8868 
   00683    0.4350   -1410.5738  0.8854 
   00684    0.4350   -1403.8397  0.8776 
   00685    0.3925   -1409.6643  0.8777 
   00686    0.4375   -1404.0784  0.8826 
   00687    0.4100   -1398.2075  0.8761 
   00688    0.3950   -1400.0859  0.8776 
   00689    0.4550   -1388.5388  0.8764 
   00690    0.4300   -1408.8618  0.8762 
   00691    0.4150   -1406.0133  0.8754 
   00692    0.4100   -1414.8909  0.8744 
   00693    0.4100   -1415.6107  0.8779 
   00694    0.4200   -1422.9767  0.8821 
   00695    0.4450   -1420.6388  0.8800 
   00696    0.4125   -1429.1120  0.8817 
   00697    0.4125   -1420.2344  0.8807 
   00698    0.4400   -1431.1579  0.8844 
   00699    0.4250   -1420.8023  0.8786 
   00700    0.4225   -1408.2135  0.8792 
   00701    0.4300   -1409.0773  0.8777 
   00702    0.4400   -1415.5897  0.8787 
   00703    0.3975   -1422.8476  0.8891 
   00704    0.4650   -1413.7423  0.8917 
   00705    0.3950   -1421.2980  0.8939 
   00706    0.4725   -1420.2875  0.8909 
   00707    0.4450   -1408.3075  0.8845 
   00708    0.4250   -1413.8316  0.8878 
   00709    0.4575   -1422.5292  0.8863 
   00710    0.4450   -1418.4059  0.8924 
   00711    0.4025   -1409.1938  0.8869 
   00712    0.4200   -1398.1858  0.8879 
   00713    0.4175   -1399.3883  0.8779 
   00714    0.4575   -1409.7832  0.8890 
   00715    0.4175   -1406.2015  0.8816 
   00716    0.4150   -1396.3456  0.8734 
   00717    0.4275   -1398.8114  0.8738 
   00718    0.4175   -1400.2174  0.8721 
   00719    0.4400   -1410.7531  0.8843 
   00720    0.4625   -1426.8861  0.8856 
   00721    0.4175   -1424.0801  0.8928 
   00722    0.4100   -1419.4242  0.8963 
   00723    0.3575   -1405.6694  0.8893 
   00724    0.4175   -1415.2643  0.8883 
   00725    0.4175   -1416.8055  0.8898 
   00726    0.4375   -1419.8041  0.8987 
   00727    0.4325   -1421.8694  0.8992 
   00728    0.3875   -1435.1176  0.9043 
   00729    0.4400   -1429.8349  0.9078 
   00730    0.4150   -1428.1704  0.9063 
   00731    0.3950   -1424.8860  0.9017 
   00732    0.4325   -1420.3387  0.8983 
   00733    0.4625   -1424.7062  0.8975 
   00734    0.4050   -1432.8909  0.8998 
   00735    0.4325   -1441.1917  0.9011 
   00736    0.4375   -1434.1592  0.8950 
   00737    0.4475   -1440.5922  0.8975 
   00738    0.3925   -1429.0584  0.9006 
   00739    0.4125   -1434.4432  0.8996 
   00740    0.3950   -1426.3585  0.8973 
   00741    0.4100   -1423.1396  0.9078 
   00742    0.4500   -1407.4186  0.9008 
   00743    0.3800   -1423.3523  0.9043 
   00744    0.4275   -1427.3073  0.9054 
   00745    0.4600   -1420.1343  0.8950 
   00746    0.4175   -1421.8831  0.8909 
   00747    0.4925   -1417.5692  0.8876 
   00748    0.4425   -1427.8477  0.8981 
   00749    0.4475   -1417.8889  0.8959 
   00750    0.4075   -1421.5018  0.9012 
   00751    0.4250   -1416.8553  0.8983 
   00752    0.3925   -1421.4856  0.8972 
   00753    0.4575   -1433.3461  0.9000 
   00754    0.4075   -1431.5931  0.9013 
   00755    0.4175   -1450.5655  0.9089 
   00756    0.4600   -1442.5220  0.9014 
   00757    0.4075   -1441.1325  0.9000 
   00758    0.4475   -1424.2328  0.8890 
   00759    0.3875   -1419.7739  0.8861 
   00760    0.4425   -1433.8298  0.8969 
   00761    0.4275   -1432.7885  0.9007 
   00762    0.4225   -1428.6299  0.9004 
   00763    0.4200   -1419.4544  0.8968 
   00764    0.4050   -1412.4367  0.8963 
   00765    0.4250   -1406.1617  0.8908 
   00766    0.3900   -1416.8005  0.8950 
   00767    0.4000   -1426.8706  0.8953 
   00768    0.4100   -1420.7251  0.8928 
   00769    0.4375   -1425.1816  0.8925 
   00770    0.4200   -1424.6050  0.8949 
   00771    0.4050   -1428.2117  0.8962 
   00772    0.4675   -1424.2795  0.8926 
   00773    0.4575   -1421.4964  0.8934 
   00774    0.4275   -1423.4787  0.8905 
   00775    0.4125   -1430.3749  0.8961 
   00776    0.3975   -1431.0915  0.8974 
   00777    0.4175   -1423.9465  0.8965 
   00778    0.3875   -1422.5258  0.8894 
   00779    0.4325   -1417.4901  0.8854 
   00780    0.4350   -1424.0892  0.8821 
   00781    0.3975   -1425.7027  0.8847 
   00782    0.4250   -1411.1062  0.8787 
   00783    0.4200   -1415.5592  0.8806 
   00784    0.4575   -1415.3354  0.8791 
   00785    0.4575   -1400.2652  0.8757 
   00786    0.4225   -1393.6947  0.8725 
   00787    0.3825   -1399.3526  0.8687 
   00788    0.4275   -1412.2903  0.8793 
   00789    0.4325   -1429.9076  0.8854 
   00790    0.4325   -1422.5853  0.8880 
   00791    0.4375   -1429.7657  0.8886 
   00792    0.4275   -1416.7437  0.8880 
   00793    0.4400   -1430.5504  0.8895 
   00794    0.4325   -1439.9246  0.8900 
   00795    0.4275   -1445.4774  0.8921 
   00796    0.4250   -1433.7417  0.8903 
   00797    0.3975   -1433.9093  0.8881 
   00798    0.3775   -1417.3111  0.8782 
   00799    0.4200   -1421.2303  0.8761 
   00800    0.4050   -1428.7632  0.8840 
   00801    0.4200   -1424.7775  0.8796 
   00802    0.4025   -1419.5725  0.8758 
   00803    0.3925   -1417.0697  0.8805 
   00804    0.4350   -1420.1012  0.8886 
   00805    0.4275   -1432.9207  0.8942 
   00806    0.4125   -1436.3483  0.8854 
   00807    0.4225   -1444.8921  0.8825 
   00808    0.3825   -1428.1060  0.8795 
   00809    0.4300   -1414.0853  0.8735 
   00810    0.4300   -1421.1633  0.8689 
   00811    0.4200   -1420.9945  0.8680 
   00812    0.3975   -1427.0393  0.8730 
   00813    0.4175   -1421.6168  0.8685 
   00814    0.3725   -1421.9671  0.8707 
   00815    0.4050   -1414.3020  0.8621 
   00816    0.3975   -1396.9572  0.8519 
   00817    0.4100   -1402.6588  0.8501 
   00818    0.4475   -1413.0663  0.8543 
   00819    0.4375   -1406.6546  0.8571 
   00820    0.4200   -1409.2332  0.8654 
   00821    0.4200   -1413.5605  0.8684 
   00822    0.4050   -1406.8423  0.8664 
   00823    0.4100   -1408.5519  0.8679 
   00824    0.4375   -1421.7903  0.8597 
   00825    0.4175   -1417.7151  0.8570 
   00826    0.4700   -1425.2383  0.8513 
   00827    0.4350   -1412.5479  0.8390 
   00828    0.4600   -1406.7823  0.8345 
   00829    0.4425   -1422.5903  0.8481 
   00830    0.4250   -1424.6321  0.8476 
   00831    0.3675   -1425.8982  0.8486 
   00832    0.4350   -1412.6188  0.8343 
   00833    0.4150   -1408.5193  0.8474 
   00834    0.4225   -1404.2060  0.8447 
   00835    0.4375   -1402.3040  0.8473 
   00836    0.4550   -1389.7921  0.8531 
   00837    0.4450   -1389.1371  0.8529 
   00838    0.4325   -1392.0777  0.8490 
   00839    0.4300   -1396.2009  0.8434 
   00840    0.4325   -1395.5731  0.8373 
   00841    0.4400   -1401.7380  0.8423 
   00842    0.4350   -1411.0908  0.8399 
   00843    0.3875   -1419.7232  0.8416 
   00844    0.4000   -1426.7445  0.8420 
   00845    0.4100   -1421.9172  0.8422 
   00846    0.4175   -1433.3211  0.8297 
   00847    0.4200   -1438.2665  0.8376 
   00848    0.4550   -1427.5964  0.8357 
   00849    0.4425   -1441.1617  0.8352 
   00850    0.4325   -1437.1645  0.8407 
   00851    0.4050   -1426.1860  0.8445 
   00852    0.5175   -1429.8620  0.8494 
   00853    0.4125   -1433.7160  0.8472 
   00854    0.4100   -1425.2405  0.8442 
   00855    0.4350   -1420.5901  0.8464 
   00856    0.4550   -1413.4816  0.8511 
   00857    0.4000   -1419.2480  0.8529 
   00858    0.4525   -1432.6066  0.8623 
   00859    0.4475   -1429.4402  0.8636 
   00860    0.4075   -1438.9768  0.8640 
   00861    0.4375   -1426.7522  0.8676 
   00862    0.4425   -1431.1804  0.8659 
   00863    0.4550   -1420.5464  0.8682 
   00864    0.3600   -1418.3987  0.8707 
   00865    0.4725   -1413.9897  0.8645 
   00866    0.4050   -1434.8688  0.8777 
   00867    0.4475   -1441.6375  0.8822 
   00868    0.3625   -1429.9056  0.8733 
   00869    0.4250   -1433.1744  0.8726 
   00870    0.4075   -1446.6268  0.8743 
   00871    0.4000   -1438.4046  0.8782 
   00872    0.4200   -1437.5304  0.8787 
   00873    0.4800   -1450.5989  0.8811 
   00874    0.4150   -1445.5236  0.8768 
   00875    0.4000   -1435.6702  0.8731 
   00876    0.4475   -1417.7378  0.8551 
   00877    0.4975   -1405.3475  0.8558 
   00878    0.4225   -1421.0331  0.8571 
   00879    0.4125   -1431.5067  0.8653 
   00880    0.4100   -1432.6101  0.8667 
   00881    0.3950   -1447.4037  0.8727 
   00882    0.4450   -1457.0563  0.8736 
   00883    0.3800   -1447.7310  0.8775 
   00884    0.3950   -1447.8325  0.8790 
   00885    0.4125   -1439.6639  0.8834 
   00886    0.4000   -1441.3639  0.8940 
   00887    0.4025   -1442.1727  0.8849 
   00888    0.4200   -1456.6188  0.8968 
   00889    0.4125   -1430.7934  0.8881 
   00890    0.3850   -1450.6896  0.8998 
   00891    0.4525   -1448.8691  0.8991 
   00892    0.4375   -1448.6859  0.8966 
   00893    0.3900   -1454.0942  0.8940 
   00894    0.3975   -1447.8597  0.8868 
   00895    0.4175   -1444.5593  0.8899 
   00896    0.3900   -1449.1143  0.8938 
   00897    0.4125   -1445.1817  0.8888 
   00898    0.4475   -1432.5101  0.8900 
   00899    0.4175   -1430.0684  0.8933 
   00900    0.4500   -1434.7041  0.8964 
   00901    0.3925   -1434.3170  0.8931 
   00902    0.4000   -1435.6933  0.8985 
   00903    0.4550   -1431.6883  0.8959 
   00904    0.3650   -1431.9826  0.8954 
   00905    0.4200   -1430.8749  0.8883 
   00906    0.4775   -1423.9277  0.8765 
   00907    0.4225   -1432.6547  0.8712 
   00908    0.4150   -1442.3127  0.8744 
   00909    0.4275   -1439.7178  0.8706 
   00910    0.4325   -1448.0222  0.8730 
   00911    0.3700   -1457.7596  0.8795 
   00912    0.4100   -1457.4821  0.8791 
   00913    0.4550   -1452.1543  0.8748 
   00914    0.3975   -1450.0076  0.8834 
   00915    0.4025   -1454.4146  0.8819 
   00916    0.4125   -1443.2709  0.8764 
   00917    0.4100   -1446.6711  0.8783 
   00918    0.4575   -1439.0844  0.8714 
   00919    0.4300   -1432.7596  0.8626 
   00920    0.4700   -1436.1160  0.8655 
   00921    0.4300   -1428.8661  0.8640 
   00922    0.4375   -1444.2633  0.8608 
   00923    0.3825   -1434.2457  0.8553 
   00924    0.4725   -1443.8307  0.8633 
   00925    0.4175   -1450.9875  0.8649 
   00926    0.3825   -1447.5655  0.8684 
   00927    0.4425   -1439.4261  0.8630 
   00928    0.3900   -1427.5579  0.8631 
   00929    0.4250   -1429.3720  0.8728 
   00930    0.4200   -1422.7267  0.8718 
   00931    0.3825   -1417.7887  0.8684 
   00932    0.4625   -1406.8864  0.8615 
   00933    0.4325   -1410.5902  0.8618 
   00934    0.3850   -1421.5852  0.8631 
   00935    0.4275   -1416.7630  0.8655 
   00936    0.4050   -1401.9308  0.8563 
   00937    0.4275   -1412.0679  0.8579 
   00938    0.4425   -1414.0553  0.8479 
   00939    0.4150   -1401.0185  0.8455 
   00940    0.4175   -1410.8649  0.8469 
   00941    0.4150   -1413.2505  0.8340 
   00942    0.4450   -1414.2816  0.8354 
   00943    0.4775   -1401.3279  0.8356 
   00944    0.4225   -1405.4507  0.8234 
   00945    0.4200   -1408.4327  0.8195 
   00946    0.4250   -1417.7535  0.8249 
   00947    0.4450   -1421.2921  0.8296 
   00948    0.4350   -1416.4272  0.8238 
   00949    0.4150   -1414.3372  0.8294 
   00950    0.4975   -1416.1196  0.8308 
   00951    0.4025   -1416.1001  0.8239 
   00952    0.4175   -1429.5925  0.8229 
   00953    0.4450   -1412.3960  0.8311 
   00954    0.4300   -1431.8841  0.8393 
   00955    0.4350   -1416.4337  0.8326 
   00956    0.4275   -1410.4221  0.8335 
   00957    0.4125   -1409.5218  0.8278 
   00958    0.4350   -1415.3327  0.8387 
   00959    0.4425   -1424.7922  0.8456 
   00960    0.4475   -1414.4861  0.8548 
   00961    0.4150   -1402.1028  0.8344 
   00962    0.4350   -1414.5837  0.8357 
   00963    0.4075   -1420.5087  0.8429 
   00964    0.4325   -1421.7308  0.8430 
   00965    0.4225   -1420.1570  0.8389 
   00966    0.4125   -1426.7452  0.8443 
   00967    0.4425   -1424.2757  0.8543 
   00968    0.4775   -1414.4456  0.8525 
   00969    0.4850   -1417.5534  0.8475 
   00970    0.4100   -1429.1806  0.8545 
   00971    0.4100   -1436.6103  0.8624 
   00972    0.4425   -1441.2698  0.8743 
   00973    0.3775   -1439.3882  0.8755 
   00974    0.4750   -1430.7585  0.8620 
   00975    0.4050   -1416.7934  0.8670 
   00976    0.4475   -1415.8834  0.8573 
   00977    0.4450   -1425.8941  0.8578 
   00978    0.3950   -1424.4807  0.8619 
   00979    0.4425   -1410.9166  0.8613 
   00980    0.4275   -1416.3019  0.8667 
   00981    0.4200   -1415.0880  0.8531 
   00982    0.4025   -1428.2550  0.8607 
   00983    0.4050   -1433.8104  0.8678 
   00984    0.4075   -1430.2471  0.8711 
   00985    0.3775   -1415.9276  0.8729 
   00986    0.4325   -1418.5602  0.8761 
   00987    0.4550   -1425.8654  0.8780 
   00988    0.4100   -1424.3941  0.8752 
   00989    0.4300   -1434.6315  0.8846 
   00990    0.4175   -1435.8580  0.8805 
   00991    0.3625   -1441.0145  0.8769 
   00992    0.4250   -1444.8342  0.8757 
   00993    0.4050   -1441.7673  0.8770 
   00994    0.4200   -1430.6607  0.8720 
   00995    0.4075   -1423.9047  0.8642 
   00996    0.4150   -1435.0166  0.8659 
   00997    0.4000   -1432.4217  0.8600 
   00998    0.4150   -1442.0973  0.8655 
   00999    0.4200   -1447.7969  0.8663 
   01000    0.4275   -1427.9403  0.8592 
