#=====================================================
# File created:        Mon-06-Nov-2023-at-12-33-43PM
# Size of lattice:     60x60
# Number of MC steps:  1000
# Reduced temperature: 0.200
# Run time (s):        15.634556
#=====================================================
# MC step:  Ratio:     Energy:   Order:
#=====================================================
   00000    0.5000   -3528.9842  0.2589 
   00001    0.6750   -4690.5986  0.2554 
   00002    0.6581   -5691.4088  0.2572 
   00003    0.6419   -6522.0731  0.2612 
   00004    0.6158   -7293.2049  0.2656 
   00005    0.6028   -7936.6916  0.2716 
   00006    0.5761   -8425.9102  0.2729 
   00007    0.5703   -8897.5085  0.2767 
   00008    0.5619   -9285.1614  0.2747 
   00009    0.5458   -9646.6659  0.2730 
   00010    0.5739   -9968.5774  0.2736 
   00011    0.5394  -10256.0477  0.2766 
   00012    0.5353  -10520.8225  0.2755 
   00013    0.5358  -10722.0631  0.2771 
   00014    0.5467  -10950.3065  0.2796 
   00015    0.5183  -11109.4485  0.2801 
   00016    0.5117  -11286.2184  0.2800 
   00017    0.5000  -11401.6792  0.2790 
   00018    0.5158  -11551.6394  0.2791 
   00019    0.5078  -11644.0684  0.2790 
   00020    0.4936  -11684.7697  0.2797 
   00021    0.5017  -11738.5378  0.2762 
   00022    0.5022  -11821.5973  0.2775 
   00023    0.4881  -11874.8559  0.2792 
   00024    0.5014  -11961.2785  0.2819 
   00025    0.4831  -12016.3421  0.2858 
   00026    0.4886  -12076.2034  0.2900 
   00027    0.4939  -12136.6320  0.2950 
   00028    0.4858  -12192.4721  0.2938 
   00029    0.4872  -12237.9345  0.2967 
   00030    0.5003  -12297.3359  0.2995 
   00031    0.4647  -12321.6496  0.2990 
   00032    0.4981  -12378.3844  0.3019 
   00033    0.4886  -12393.8646  0.3020 
   00034    0.4975  -12436.5737  0.3013 
   00035    0.4969  -12473.4863  0.3003 
   00036    0.4817  -12513.7992  0.3055 
   00037    0.4875  -12518.5757  0.3081 
   00038    0.4850  -12533.1216  0.3077 
   00039    0.4783  -12565.6273  0.3111 
   00040    0.4861  -12605.7198  0.3130 
   00041    0.4897  -12604.8270  0.3175 
   00042    0.4744  -12629.3723  0.3232 
   00043    0.4858  -12656.4946  0.3217 
   00044    0.4989  -12667.6133  0.3225 
   00045    0.4756  -12687.5801  0.3254 
   00046    0.4992  -12704.0468  0.3255 
   00047    0.4933  -12730.5623  0.3275 
   00048    0.4683  -12755.4099  0.3266 
   00049    0.4792  -12773.0895  0.3264 
   00050    0.4742  -12779.5148  0.3277 
   00051    0.4642  -12777.3840  0.3307 
   00052    0.4781  -12768.0709  0.3315 
   00053    0.4836  -12779.0009  0.3316 
   00054    0.4856  -12787.8288  0.3322 
   00055    0.4667  -12806.0235  0.3327 
   00056    0.4783  -12802.3419  0.3319 
   00057    0.4742  -12807.9701  0.3306 
   00058    0.4722  -12847.1655  0.3351 
   00059    0.4936  -12869.3193  0.3326 
   00060    0.4939  -12877.7408  0.3363 
   00061    0.4825  -12900.7714  0.3376 
   00062    0.4708  -12906.3304  0.3407 
   00063    0.4958  -12918.2551  0.3454 
   00064    0.4808  -12939.6117  0.3493 
   00065    0.4656  -12916.8008  0.3482 
   00066    0.4711  -12898.0199  0.3463 
   00067    0.4817  -12935.9004  0.3479 
   00068    0.4836  -12919.0871  0.3458 
   00069    0.4722  -12909.9506  0.3440 
   00070    0.4664  -12917.2338  0.3466 
   00071    0.4881  -12936.3283  0.3444 
   00072    0.4661  -12951.6475  0.3437 
   00073    0.4667  -12943.8068  0.3419 
   00074    0.4608  -12967.5740  0.3384 
   00075    0.4736  -12961.1925  0.3408 
   00076    0.4917  -12969.3905  0.3446 
   00077    0.4922  -12983.8568  0.3424 
   00078    0.4756  -12984.6186  0.3460 
   00079    0.4767  -12970.8427  0.3495 
   00080    0.4686  -12978.4900  0.3497 
   00081    0.4747  -12981.2060  0.3524 
   00082    0.4706  -12985.7285  0.3507 
   00083    0.4814  -13001.4637  0.3477 
   00084    0.4650  -13018.1235  0.3500 
   00085    0.4661  -13046.4400  0.3546 
   00086    0.4650  -13043.4871  0.3578 
   00087    0.4706  -13026.7514  0.3595 
   00088    0.4900  -13010.7778  0.3614 
   00089    0.4783  -13030.2996  0.3644 
   00090    0.4706  -13019.9221  0.3673 
   00091    0.4756  -13025.7666  0.3719 
   00092    0.4814  -13034.8883  0.3716 
   00093    0.4761  -13037.8894  0.3759 
   00094    0.4764  -13054.2254  0.3764 
   00095    0.4811  -13059.4304  0.3748 
   00096    0.4642  -13058.8122  0.3743 
   00097    0.5056  -13055.4836  0.3761 
   00098    0.4675  -13063.8546  0.3765 
   00099    0.4697  -13052.1368  0.3746 
   00100    0.4644  -13055.8615  0.3721 
   00101    0.4714  -13066.6375  0.3709 
   00102    0.4764  -13069.9374  0.3730 
   00103    0.4800  -13058.7696  0.3730 
   00104    0.4739  -13060.7950  0.3740 
   00105    0.4642  -13066.9757  0.3743 
   00106    0.4547  -13079.4348  0.3724 
   00107    0.4750  -13065.4477  0.3755 
   00108    0.4656  -13073.5696  0.3774 
   00109    0.4644  -13096.4458  0.3817 
   00110    0.4669  -13102.8045  0.3861 
   00111    0.4653  -13138.4706  0.3866 
   00112    0.4781  -13132.0919  0.3875 
   00113    0.4706  -13125.5174  0.3901 
   00114    0.4825  -13134.4718  0.3910 
   00115    0.4822  -13146.7158  0.3913 
   00116    0.4767  -13174.1163  0.3927 
   00117    0.4475  -13168.5503  0.3945 
   00118    0.4600  -13171.4601  0.3974 
   00119    0.4558  -13155.1310  0.3954 
   00120    0.4761  -13166.0359  0.3944 
   00121    0.4669  -13173.5811  0.3943 
   00122    0.4917  -13162.6367  0.3923 
   00123    0.4778  -13175.0748  0.3917 
   00124    0.4744  -13163.9395  0.3943 
   00125    0.4650  -13152.1515  0.3948 
   00126    0.4728  -13170.0924  0.3976 
   00127    0.4547  -13172.0615  0.3977 
   00128    0.4683  -13188.8133  0.3953 
   00129    0.4739  -13195.7149  0.3944 
   00130    0.4717  -13210.4558  0.3978 
   00131    0.4764  -13204.3030  0.3971 
   00132    0.4828  -13212.6189  0.4020 
   00133    0.4639  -13206.0611  0.4035 
   00134    0.4661  -13199.5674  0.4002 
   00135    0.4642  -13199.8479  0.4008 
   00136    0.4828  -13197.7083  0.4011 
   00137    0.4547  -13202.7394  0.4040 
   00138    0.4692  -13218.5121  0.4082 
   00139    0.4864  -13234.3914  0.4111 
   00140    0.4683  -13239.6688  0.4119 
   00141    0.4731  -13241.0924  0.4130 
   00142    0.4631  -13240.1837  0.4139 
   00143    0.4464  -13235.7767  0.4158 
   00144    0.4781  -13240.3167  0.4135 
   00145    0.4839  -13274.0043  0.4162 
   00146    0.4733  -13265.1327  0.4143 
   00147    0.4683  -13267.2028  0.4167 
   00148    0.4711  -13242.3425  0.4181 
   00149    0.4719  -13251.2388  0.4220 
   00150    0.4686  -13285.7977  0.4224 
   00151    0.4681  -13295.9937  0.4232 
   00152    0.4642  -13285.8858  0.4246 
   00153    0.4708  -13305.4835  0.4282 
   00154    0.4711  -13307.3184  0.4310 
   00155    0.4636  -13317.4759  0.4352 
   00156    0.4822  -13302.0995  0.4339 
   00157    0.4600  -13324.3809  0.4331 
   00158    0.4631  -13322.9336  0.4287 
   00159    0.4689  -13340.1385  0.4285 
   00160    0.4686  -13338.1206  0.4303 
   00161    0.4794  -13338.3876  0.4335 
   00162    0.4622  -13313.4525  0.4337 
   00163    0.4653  -13318.1078  0.4336 
   00164    0.4644  -13300.6019  0.4339 
   00165    0.4650  -13317.8889  0.4342 
   00166    0.4481  -13306.7700  0.4352 
   00167    0.4672  -13307.5812  0.4341 
   00168    0.4583  -13310.0785  0.4349 
   00169    0.4581  -13327.2989  0.4343 
   00170    0.4653  -13306.1648  0.4327 
   00171    0.4681  -13322.5735  0.4344 
   00172    0.4914  -13330.6038  0.4321 
   00173    0.4508  -13343.1787  0.4350 
   00174    0.4583  -13357.3573  0.4365 
   00175    0.4706  -13363.6348  0.4403 
   00176    0.4625  -13359.1518  0.4442 
   00177    0.4653  -13341.3436  0.4455 
   00178    0.4844  -13322.4242  0.4466 
   00179    0.4619  -13330.8503  0.4485 
   00180    0.4728  -13315.1966  0.4464 
   00181    0.4636  -13314.7305  0.4468 
   00182    0.4697  -13316.1192  0.4460 
   00183    0.4644  -13318.3582  0.4489 
   00184    0.4425  -13327.8189  0.4476 
   00185    0.4603  -13315.3448  0.4492 
   00186    0.4689  -13316.8402  0.4520 
   00187    0.4639  -13303.9763  0.4523 
   00188    0.4661  -13309.0311  0.4517 
   00189    0.4667  -13298.3791  0.4500 
   00190    0.4672  -13329.0991  0.4489 
   00191    0.4542  -13338.9371  0.4487 
   00192    0.4692  -13355.2316  0.4471 
   00193    0.4708  -13335.0500  0.4486 
   00194    0.4719  -13348.7923  0.4472 
   00195    0.4558  -13336.0307  0.4460 
   00196    0.4725  -13352.7505  0.4411 
   00197    0.4814  -13353.8726  0.4420 
   00198    0.4678  -13360.3988  0.4435 
   00199    0.4628  -13340.5002  0.4440 
   00200    0.4778  -13343.7961  0.4443 
   00201    0.4661  -13330.2958  0.4478 
   00202    0.4653  -13327.8481  0.4503 
   00203    0.4722  -13318.3198  0.4521 
   00204    0.4653  -13308.2256  0.4521 
   00205    0.4653  -13305.3165  0.4511 
   00206    0.4764  -13311.6265  0.4545 
   00207    0.4711  -13305.0105  0.4555 
   00208    0.4706  -13338.5067  0.4611 
   00209    0.4617  -13328.8035  0.4606 
   00210    0.4719  -13368.4222  0.4582 
   00211    0.4725  -13361.4050  0.4610 
   00212    0.4828  -13347.9266  0.4592 
   00213    0.4550  -13358.3362  0.4590 
   00214    0.4608  -13360.1410  0.4574 
   00215    0.4747  -13358.1490  0.4626 
   00216    0.4803  -13353.4479  0.4652 
   00217    0.4558  -13362.4260  0.4686 
   00218    0.4694  -13381.4784  0.4722 
   00219    0.4592  -13363.9096  0.4733 
   00220    0.4572  -13375.4224  0.4754 
   00221    0.4703  -13370.8782  0.4769 
   00222    0.4589  -13367.9609  0.4777 
   00223    0.4622  -13373.0949  0.4791 
   00224    0.4694  -13381.1562  0.4805 
   00225    0.4744  -13375.4467  0.4827 
   00226    0.4619  -13388.1120  0.4822 
   00227    0.4747  -13394.8195  0.4827 
   00228    0.4642  -13407.9789  0.4824 
   00229    0.4675  -13398.3496  0.4840 
   00230    0.4697  -13403.4829  0.4819 
   00231    0.4656  -13416.8009  0.4828 
   00232    0.4683  -13408.2159  0.4821 
   00233    0.4594  -13405.1048  0.4819 
   00234    0.4700  -13401.9934  0.4803 
   00235    0.4675  -13402.6017  0.4808 
   00236    0.4731  -13401.5932  0.4818 
   00237    0.4781  -13416.2022  0.4809 
   00238    0.4572  -13421.0438  0.4807 
   00239    0.4714  -13406.5939  0.4820 
   00240    0.4689  -13437.0789  0.4819 
   00241    0.4736  -13423.3881  0.4829 
   00242    0.4714  -13399.9128  0.4848 
   00243    0.4667  -13393.8137  0.4859 
   00244    0.4669  -13391.6842  0.4838 
   00245    0.4536  -13397.6995  0.4816 
   00246    0.4636  -13413.3523  0.4828 
   00247    0.4583  -13372.2132  0.4813 
   00248    0.4631  -13356.1996  0.4835 
   00249    0.4658  -13382.5881  0.4850 
   00250    0.4769  -13378.7293  0.4844 
   00251    0.4778  -13392.6705  0.4896 
   00252    0.4775  -13400.6240  0.4873 
   00253    0.4664  -13400.9469  0.4843 
   00254    0.4669  -13415.3047  0.4839 
   00255    0.4756  -13387.9943  0.4818 
   00256    0.4683  -13379.8280  0.4814 
   00257    0.4647  -13398.5787  0.4826 
   00258    0.4656  -13400.8194  0.4827 
   00259    0.4517  -13422.4371  0.4855 
   00260    0.4667  -13401.8566  0.4829 
   00261    0.4775  -13379.8457  0.4831 
   00262    0.4739  -13391.2223  0.4826 
   00263    0.4817  -13401.9867  0.4827 
   00264    0.4706  -13388.2762  0.4834 
   00265    0.4686  -13388.8296  0.4831 
   00266    0.4683  -13390.0462  0.4827 
   00267    0.4678  -13393.8767  0.4875 
   00268    0.4775  -13399.6901  0.4860 
   00269    0.4708  -13408.9629  0.4863 
   00270    0.4647  -13418.7941  0.4877 
   00271    0.4675  -13410.5845  0.4845 
   00272    0.4661  -13398.6578  0.4835 
   00273    0.4544  -13405.7694  0.4853 
   00274    0.4717  -13409.1880  0.4850 
   00275    0.4708  -13425.9971  0.4837 
   00276    0.4778  -13424.5841  0.4867 
   00277    0.4708  -13441.1200  0.4865 
   00278    0.4622  -13448.3068  0.4878 
   00279    0.4464  -13453.5775  0.4889 
   00280    0.4561  -13433.2034  0.4901 
   00281    0.4700  -13406.6678  0.4864 
   00282    0.4533  -13409.1478  0.4868 
   00283    0.4694  -13414.4205  0.4875 
   00284    0.4711  -13430.9259  0.4871 
   00285    0.4617  -13428.3979  0.4859 
   00286    0.4522  -13429.1214  0.4851 
   00287    0.4589  -13416.4250  0.4868 
   00288    0.4731  -13423.9561  0.4857 
   00289    0.4706  -13438.6347  0.4871 
   00290    0.4725  -13423.1073  0.4890 
   00291    0.4625  -13425.2959  0.4888 
   00292    0.4656  -13423.3893  0.4924 
   00293    0.4769  -13413.5193  0.4918 
   00294    0.4536  -13419.4177  0.4929 
   00295    0.4622  -13415.5747  0.4923 
   00296    0.4653  -13424.5813  0.4912 
   00297    0.4675  -13421.0555  0.4925 
   00298    0.4828  -13429.7279  0.4925 
   00299    0.4578  -13442.8676  0.4924 
   00300    0.4653  -13446.4228  0.4908 
   00301    0.4539  -13465.4311  0.4906 
   00302    0.4686  -13451.4035  0.4922 
   00303    0.4669  -13446.8068  0.4929 
   00304    0.4814  -13451.5670  0.4931 
   00305    0.4614  -13449.3002  0.4918 
   00306    0.4797  -13429.5457  0.4902 
   00307    0.4722  -13439.6368  0.4927 
   00308    0.4586  -13436.7824  0.4918 
   00309    0.4642  -13434.8180  0.4917 
   00310    0.4589  -13437.6521  0.4905 
   00311    0.4561  -13431.3852  0.4914 
   00312    0.4639  -13437.4384  0.4918 
   00313    0.4894  -13461.6793  0.4918 
   00314    0.4608  -13442.1749  0.4920 
   00315    0.4636  -13435.0791  0.4943 
   00316    0.4647  -13422.1731  0.4977 
   00317    0.4567  -13431.4730  0.5013 
   00318    0.4697  -13424.4550  0.5010 
   00319    0.4639  -13441.8245  0.5003 
   00320    0.4622  -13449.7536  0.4994 
   00321    0.4586  -13450.0123  0.4994 
   00322    0.4675  -13427.0468  0.4968 
   00323    0.4603  -13414.4320  0.4974 
   00324    0.4619  -13391.8416  0.4957 
   00325    0.4694  -13404.5162  0.4954 
   00326    0.4667  -13411.4514  0.4969 
   00327    0.4614  -13438.2458  0.4997 
   00328    0.4586  -13421.2705  0.4993 
   00329    0.4736  -13425.9229  0.5013 
   00330    0.4578  -13455.2847  0.5055 
   00331    0.4622  -13452.0257  0.5022 
   00332    0.4789  -13436.0568  0.5004 
   00333    0.4539  -13437.6562  0.5062 
   00334    0.4606  -13453.9772  0.5056 
   00335    0.4622  -13454.2383  0.5029 
   00336    0.4775  -13469.5220  0.5066 
   00337    0.4722  -13463.2832  0.5086 
   00338    0.4558  -13461.6153  0.5127 
   00339    0.4589  -13458.6885  0.5124 
   00340    0.4772  -13453.9587  0.5106 
   00341    0.4786  -13445.0752  0.5081 
   00342    0.4772  -13457.9070  0.5090 
   00343    0.4711  -13453.8648  0.5075 
   00344    0.4700  -13441.2641  0.5065 
   00345    0.4642  -13429.0442  0.5057 
   00346    0.4672  -13430.7935  0.5053 
   00347    0.4489  -13439.0624  0.5058 
   00348    0.4572  -13435.2393  0.5050 
   00349    0.4672  -13457.9246  0.5058 
   00350    0.4531  -13447.6853  0.5074 
   00351    0.4614  -13464.8178  0.5086 
   00352    0.4742  -13442.4717  0.5104 
   00353    0.4694  -13446.3699  0.5114 
   00354    0.4636  -13460.4434  0.5152 
   00355    0.4644  -13451.2501  0.5172 
   00356    0.4558  -13447.6111  0.5161 
   00357    0.4692  -13443.8529  0.5192 
   00358    0.4717  -13449.1239  0.5230 
   00359    0.4703  -13432.2112  0.5229 
   00360    0.4661  -13455.0321  0.5256 
   00361    0.4661  -13455.1406  0.5267 
   00362    0.4692  -13459.7096  0.5243 
   00363    0.4594  -13443.1411  0.5250 
   00364    0.4625  -13440.4902  0.5305 
   00365    0.4592  -13441.5701  0.5317 
   00366    0.4811  -13451.3471  0.5278 
   00367    0.4753  -13447.0103  0.5273 
   00368    0.4742  -13453.6306  0.5272 
   00369    0.4542  -13455.5463  0.5289 
   00370    0.4617  -13450.5383  0.5287 
   00371    0.4644  -13459.4959  0.5316 
   00372    0.4606  -13452.3785  0.5290 
   00373    0.4600  -13453.0809  0.5302 
   00374    0.4558  -13471.0919  0.5282 
   00375    0.4719  -13464.5075  0.5265 
   00376    0.4628  -13442.3528  0.5262 
   00377    0.4686  -13437.0589  0.5265 
   00378    0.4725  -13440.8004  0.5264 
   00379    0.4742  -13441.4516  0.5276 
   00380    0.4708  -13438.2005  0.5269 
   00381    0.4717  -13436.9693  0.5285 
   00382    0.4697  -13429.3366  0.5271 
   00383    0.4778  -13459.1680  0.5275 
   00384    0.4725  -13448.0261  0.5274 
   00385    0.4817  -13437.6124  0.5235 
   00386    0.4658  -13441.8973  0.5248 
   00387    0.4750  -13440.1277  0.5262 
   00388    0.4733  -13459.9092  0.5250 
   00389    0.4747  -13465.8347  0.5282 
   00390    0.4747  -13472.2002  0.5299 
   00391    0.4725  -13445.1147  0.5294 
   00392    0.4692  -13462.4998  0.5318 
   00393    0.4664  -13476.2735  0.5340 
   00394    0.4681  -13492.0931  0.5350 
   00395    0.4572  -13487.3193  0.5338 
   00396    0.4567  -13470.3126  0.5316 
   00397    0.4681  -13465.0319  0.5333 
   00398    0.4783  -13462.4077  0.5322 
   00399    0.4747  -13451.2086  0.5334 
   00400    0.4664  -13451.7505  0.5327 
   00401    0.4539  -13469.7869  0.5329 
   00402    0.4831  -13468.7561  0.5332 
   00403    0.4536  -13454.0881  0.5304 
   00404    0.4633  -13448.6609  0.5301 
   00405    0.4575  -13451.9640  0.5312 
   00406    0.4589  -13461.3189  0.5315 
   00407    0.4564  -13446.0722  0.5310 
   00408    0.4739  -13440.5490  0.5315 
   00409    0.4794  -13439.4371  0.5303 
   00410    0.4625  -13430.9602  0.5310 
   00411    0.4639  -13445.9863  0.5310 
   00412    0.4639  -13464.1501  0.5301 
   00413    0.4692  -13444.1234  0.5292 
   00414    0.4622  -13448.8990  0.5302 
   00415    0.4600  -13432.7094  0.5279 
   00416    0.4842  -13417.4728  0.5273 
   00417    0.4728  -13441.3286  0.5265 
   00418    0.4619  -13455.9284  0.5257 
   00419    0.4667  -13443.2702  0.5236 
   00420    0.4611  -13431.3427  0.5253 
   00421    0.4856  -13434.5946  0.5230 
   00422    0.4519  -13433.8044  0.5226 
   00423    0.4508  -13453.6151  0.5224 
   00424    0.4664  -13466.7188  0.5194 
   00425    0.4708  -13463.3764  0.5200 
   00426    0.4719  -13473.2625  0.5207 
   00427    0.4628  -13472.2669  0.5233 
   00428    0.4631  -13445.7002  0.5242 
   00429    0.4750  -13454.5351  0.5261 
   00430    0.4636  -13452.6741  0.5281 
   00431    0.4647  -13445.7529  0.5256 
   00432    0.4594  -13441.5002  0.5279 
   00433    0.4492  -13447.2184  0.5295 
   00434    0.4608  -13425.4225  0.5272 
   00435    0.4647  -13443.5594  0.5296 
   00436    0.4572  -13470.4035  0.5311 
   00437    0.4717  -13469.3282  0.5316 
   00438    0.4644  -13454.6861  0.5334 
   00439    0.4611  -13463.9847  0.5296 
   00440    0.4656  -13460.5071  0.5304 
   00441    0.4633  -13467.1712  0.5306 
   00442    0.4658  -13457.8221  0.5275 
   00443    0.4664  -13445.8847  0.5266 
   00444    0.4619  -13450.1046  0.5242 
   00445    0.4631  -13459.5772  0.5269 
   00446    0.4578  -13446.1573  0.5245 
   00447    0.4589  -13453.0056  0.5248 
   00448    0.4747  -13471.9111  0.5248 
   00449    0.4486  -13480.4383  0.5251 
   00450    0.4572  -13482.9737  0.5254 
   00451    0.4658  -13481.6631  0.5263 
   00452    0.4706  -13492.1908  0.5266 
   00453    0.4672  -13479.6474  0.5257 
   00454    0.4739  -13488.3203  0.5259 
   00455    0.4397  -13476.9551  0.5272 
   00456    0.4714  -13460.1972  0.5267 
   00457    0.4739  -13477.5616  0.5272 
   00458    0.4633  -13470.7068  0.5265 
   00459    0.4814  -13469.0568  0.5265 
   00460    0.4669  -13472.4609  0.5283 
   00461    0.4456  -13468.7631  0.5288 
   00462    0.4628  -13462.7651  0.5279 
   00463    0.4589  -13465.2743  0.5290 
   00464    0.4625  -13457.4271  0.5298 
   00465    0.4722  -13455.5977  0.5323 
   00466    0.4550  -13461.8375  0.5313 
   00467    0.4658  -13471.7293  0.5331 
   00468    0.4600  -13470.7068  0.5306 
   00469    0.4658  -13465.3694  0.5325 
   00470    0.4792  -13469.2372  0.5303 
   00471    0.4525  -13470.7946  0.5310 
   00472    0.4658  -13467.2413  0.5305 
   00473    0.4717  -13452.5929  0.5289 
   00474    0.4625  -13464.2628  0.5302 
   00475    0.4675  -13447.6904  0.5283 
   00476    0.4714  -13458.5335  0.5313 
   00477    0.4750  -13453.7575  0.5319 
   00478    0.4733  -13462.9662  0.5334 
   00479    0.4658  -13455.6882  0.5344 
   00480    0.4544  -13467.5874  0.5309 
   00481    0.4614  -13481.8997  0.5320 
   00482    0.4647  -13470.8685  0.5302 
   00483    0.4586  -13460.9644  0.5340 
   00484    0.4622  -13441.8953  0.5331 
   00485    0.4850  -13431.4133  0.5338 
   00486    0.4611  -13437.5918  0.5352 
   00487    0.4700  -13438.3783  0.5334 
   00488    0.4767  -13419.6470  0.5324 
   00489    0.4594  -13437.5026  0.5308 
   00490    0.4675  -13426.6715  0.5303 
   00491    0.4722  -13432.1837  0.5315 
   00492    0.4828  -13465.0034  0.5326 
   00493    0.4694  -13454.0098  0.5345 
   00494    0.4697  -13434.8386  0.5346 
   00495    0.4786  -13446.0680  0.5338 
   00496    0.4803  -13465.0579  0.5335 
   00497    0.4578  -13453.7710  0.5324 
   00498    0.4708  -13451.1974  0.5334 
   00499    0.4611  -13444.2255  0.5352 
   00500    0.4683  -13464.7144  0.5384 
   00501    0.4650  -13456.3213  0.5397 
   00502    0.4564  -13464.2886  0.5415 
   00503    0.4547  -13469.8193  0.5419 
   00504    0.4539  -13457.9596  0.5417 
   00505    0.4694  -13469.8196  0.5400 
   00506    0.4697  -13463.8151  0.5379 
   00507    0.4639  -13461.2088  0.5394 
   00508    0.4603  -13452.8779  0.5370 
   00509    0.4667  -13469.0797  0.5360 
   00510    0.4686  -13456.9308  0.5366 
   00511    0.4697  -13446.0950  0.5359 
   00512    0.4786  -13437.8509  0.5338 
   00513    0.4619  -13429.4649  0.5342 
   00514    0.4753  -13459.3257  0.5365 
   00515    0.4747  -13453.3191  0.5328 
   00516    0.4631  -13435.3184  0.5351 
   00517    0.4606  -13449.5318  0.5350 
   00518    0.4783  -13446.4263  0.5338 
   00519    0.4678  -13433.3180  0.5308 
   00520    0.4875  -13453.6717  0.5293 
   00521    0.4519  -13449.8510  0.5304 
   00522    0.4631  -13441.3326  0.5287 
   00523    0.4578  -13438.8807  0.5277 
   00524    0.4533  -13457.2177  0.5265 
   00525    0.4697  -13473.9050  0.5284 
   00526    0.4656  -13460.3480  0.5308 
   00527    0.4578  -13478.9944  0.5301 
   00528    0.4739  -13487.5762  0.5304 
   00529    0.4603  -13466.7576  0.5299 
   00530    0.4411  -13483.8207  0.5276 
   00531    0.4653  -13495.1842  0.5240 
   00532    0.4750  -13475.9870  0.5246 
   00533    0.4683  -13484.5808  0.5251 
   00534    0.4681  -13473.6614  0.5237 
   00535    0.4639  -13469.1631  0.5239 
   00536    0.4889  -13463.8060  0.5246 
   00537    0.4642  -13457.6523  0.5249 
   00538    0.4686  -13459.4229  0.5266 
   00539    0.4597  -13453.2860  0.5232 
   00540    0.4575  -13450.6841  0.5202 
   00541    0.4522  -13448.9956  0.5216 
   00542    0.4861  -13460.5482  0.5212 
   00543    0.4628  -13432.0220  0.5224 
   00544    0.4728  -13438.7352  0.5254 
   00545    0.4586  -13448.3569  0.5251 
   00546    0.4686  -13458.3876  0.5236 
   00547    0.4531  -13462.6312  0.5258 
   00548    0.4733  -13478.2637  0.5256 
   00549    0.4756  -13468.1654  0.5255 
   00550    0.4608  -13455.1865  0.5270 
   00551    0.4739  -13465.6841  0.5251 
   00552    0.4694  -13449.3669  0.5235 
   00553    0.4561  -13461.4593  0.5221 
   00554    0.4717  -13457.4700  0.5240 
   00555    0.4675  -13462.6113  0.5231 
   00556    0.4667  -13459.3652  0.5241 
   00557    0.4636  -13462.3835  0.5284 
   00558    0.4647  -13432.7329  0.5277 
   00559    0.4556  -13441.8068  0.5282 
   00560    0.4683  -13464.0432  0.5291 
   00561    0.4661  -13438.1172  0.5289 
   00562    0.4722  -13434.3333  0.5294 
   00563    0.4700  -13425.4611  0.5300 
   00564    0.4653  -13445.5565  0.5273 
   00565    0.4661  -13439.4732  0.5262 
   00566    0.4550  -13444.1132  0.5257 
   00567    0.4775  -13413.2677  0.5241 
   00568    0.4672  -13419.7042  0.5228 
   00569    0.4436  -13427.9301  0.5239 
   00570    0.4558  -13440.1660  0.5223 
   00571    0.4728  -13436.6807  0.5222 
   00572    0.4672  -13429.2541  0.5229 
   00573    0.4653  -13435.4479  0.5261 
   00574    0.4681  -13432.8167  0.5262 
   00575    0.4656  -13440.3317  0.5314 
   00576    0.4689  -13461.1137  0.5293 
   00577    0.4714  -13460.8397  0.5349 
   00578    0.4567  -13468.1726  0.5353 
   00579    0.4747  -13480.4435  0.5357 
   00580    0.4572  -13491.7980  0.5357 
   00581    0.4656  -13482.5379  0.5360 
   00582    0.4603  -13464.5467  0.5368 
   00583    0.4606  -13471.0035  0.5351 
   00584    0.4739  -13464.5057  0.5352 
   00585    0.4744  -13476.6481  0.5338 
   00586    0.4672  -13473.6656  0.5354 
   00587    0.4739  -13465.1657  0.5352 
   00588    0.4492  -13474.8825  0.5382 
   00589    0.4758  -13492.0549  0.5420 
   00590    0.4714  -13491.5933  0.5448 
   00591    0.4650  -13497.7092  0.5453 
   00592    0.4528  -13501.3410  0.5493 
   00593    0.4544  -13513.3367  0.5506 
   00594    0.4642  -13498.0125  0.5499 
   00595    0.4708  -13502.6914  0.5494 
   00596    0.4686  -13507.3829  0.5511 
   00597    0.4547  -13512.7809  0.5498 
   00598    0.4511  -13508.9425  0.5509 
   00599    0.4717  -13503.8966  0.5512 
   00600    0.4592  -13483.0929  0.5481 
   00601    0.4614  -13493.2106  0.5538 
   00602    0.4644  -13493.0872  0.5557 
   00603    0.4828  -13504.6344  0.5571 
   00604    0.4661  -13491.8404  0.5565 
   00605    0.4700  -13473.3851  0.5572 
   00606    0.4747  -13467.6424  0.5566 
   00607    0.4706  -13453.4190  0.5578 
   00608    0.4633  -13462.3319  0.5576 
   00609    0.4606  -13446.5182  0.5565 
   00610    0.4728  -13453.5471  0.5542 
   00611    0.4692  -13458.1530  0.5551 
   00612    0.4667  -13476.6442  0.5572 
   00613    0.4639  -13469.3604  0.5549 
   00614    0.4678  -13470.5711  0.5544 
   00615    0.4794  -13464.6348  0.5562 
   00616    0.4786  -13458.5370  0.5548 
   00617    0.4647  -13474.3599  0.5573 
   00618    0.4564  -13468.6332  0.5596 
   00619    0.4742  -13481.5274  0.5602 
   00620    0.4656  -13482.7134  0.5620 
   00621    0.4533  -13470.5146  0.5594 
   00622    0.4731  -13465.0622  0.5589 
   00623    0.4672  -13459.3856  0.5594 
   00624    0.4547  -13477.7799  0.5558 
   00625    0.4658  -13474.8168  0.5593 
   00626    0.4689  -13473.2511  0.5590 
   00627    0.4667  -13479.7360  0.5602 
   00628    0.4686  -13459.9588  0.5630 
   00629    0.4775  -13478.4510  0.5660 
   00630    0.4667  -13453.2844  0.5677 
   00631    0.4672  -13436.9318  0.5690 
   00632    0.4636  -13441.8549  0.5690 
   00633    0.4586  -13442.9652  0.5729 
   00634    0.4614  -13445.5211  0.5715 
   00635    0.4683  -13442.2231  0.5729 
   00636    0.4672  -13460.2329  0.5754 
   00637    0.4628  -13461.2977  0.5763 
   00638    0.4736  -13454.4955  0.5758 
   00639    0.4817  -13451.3982  0.5758 
   00640    0.4614  -13459.3547  0.5773 
   00641    0.4603  -13488.9448  0.5796 
   00642    0.4517  -13487.1692  0.5802 
   00643    0.4736  -13494.6900  0.5797 
   00644    0.4697  -13503.3748  0.5790 
   00645    0.4706  -13504.9275  0.5808 
   00646    0.4692  -13502.1159  0.5825 
   00647    0.4519  -13501.8565  0.5808 
   00648    0.4692  -13494.2106  0.5827 
   00649    0.4633  -13498.9110  0.5829 
   00650    0.4608  -13484.7825  0.5850 
   00651    0.4636  -13483.2650  0.5845 
   00652    0.4625  -13498.8073  0.5851 
   00653    0.4569  -13501.3614  0.5869 
   00654    0.4694  -13499.2474  0.5887 
   00655    0.4569  -13476.4509  0.5875 
   00656    0.4742  -13498.0632  0.5898 
   00657    0.4650  -13498.1919  0.5896 
   00658    0.4581  -13512.4208  0.5875 
   00659    0.4728  -13523.7284  0.5863 
   00660    0.4639  -13509.8427  0.5851 
   00661    0.4689  -13492.9641  0.5871 
   00662    0.4669  -13493.4283  0.5873 
   00663    0.4581  -13516.2699  0.5900 
   00664    0.4514  -13499.6540  0.5902 
   00665    0.4736  -13497.6218  0.5941 
   00666    0.4586  -13498.5731  0.5970 
   00667    0.4686  -13487.2271  0.5973 
   00668    0.4575  -13495.5826  0.5976 
   00669    0.4561  -13499.6496  0.5980 
   00670    0.4700  -13497.2344  0.5973 
   00671    0.4425  -13503.0171  0.5970 
   00672    0.4497  -13502.7089  0.5996 
   00673    0.4650  -13516.5153  0.6007 
   00674    0.4694  -13504.7264  0.6034 
   00675    0.4536  -13510.1083  0.6039 
   00676    0.4717  -13494.0492  0.6048 
   00677    0.4669  -13492.3085  0.6031 
   00678    0.4581  -13480.6695  0.6045 
   00679    0.4661  -13477.2358  0.6046 
   00680    0.4689  -13465.8920  0.6061 
   00681    0.4775  -13473.1754  0.6097 
   00682    0.4489  -13483.7008  0.6079 
   00683    0.4703  -13493.6925  0.6094 
   00684    0.4811  -13479.5615  0.6052 
   00685    0.4717  -13508.5029  0.6070 
   00686    0.4800  -13520.0441  0.6086 
   00687    0.4656  -13509.0390  0.6089 
   00688    0.4544  -13510.8991  0.6090 
   00689    0.4656  -13498.8539  0.6075 
   00690    0.4781  -13478.9268  0.6045 
   00691    0.4558  -13475.3638  0.6056 
   00692    0.4653  -13483.3380  0.6038 
   00693    0.4678  -13486.4301  0.6045 
   00694    0.4553  -13478.1078  0.6054 
   00695    0.4433  -13485.2824  0.6050 
   00696    0.4783  -13497.8966  0.6031 
   00697    0.4664  -13485.2957  0.6025 
   00698    0.4675  -13510.2691  0.6018 
   00699    0.4769  -13493.3216  0.6016 
   00700    0.4589  -13498.6984  0.6013 
   00701    0.4531  -13519.9132  0.6038 
   00702    0.4519  -13502.9061  0.6044 
   00703    0.4689  -13497.3511  0.6058 
   00704    0.4672  -13504.1799  0.6052 
   00705    0.4508  -13519.3314  0.6047 
   00706    0.4722  -13501.6914  0.6052 
   00707    0.4664  -13494.6592  0.6043 
   00708    0.4719  -13502.0750  0.6033 
   00709    0.4767  -13495.1006  0.6028 
   00710    0.4681  -13513.5679  0.6016 
   00711    0.4531  -13502.8049  0.6009 
   00712    0.4672  -13499.5662  0.6005 
   00713    0.4633  -13483.1010  0.6021 
   00714    0.4644  -13477.5998  0.6014 
   00715    0.4678  -13475.9755  0.6029 
   00716    0.4806  -13493.5359  0.6019 
   00717    0.4647  -13494.9724  0.6013 
   00718    0.4539  -13493.7797  0.6051 
   00719    0.4608  -13498.2529  0.6059 
   00720    0.4592  -13505.2909  0.6057 
   00721    0.4586  -13514.1403  0.6039 
   00722    0.4625  -13514.0920  0.6011 
   00723    0.4464  -13514.3083  0.6029 
   00724    0.4467  -13504.7229  0.6017 
   00725    0.4656  -13501.9246  0.6018 
   00726    0.4619  -13512.0261  0.6026 
   00727    0.4719  -13520.6604  0.6018 
   00728    0.4572  -13509.3182  0.5998 
   00729    0.4589  -13506.7604  0.5996 
   00730    0.4603  -13504.4107  0.6034 
   00731    0.4572  -13518.7462  0.6040 
   00732    0.4603  -13525.5622  0.6022 
   00733    0.4464  -13533.9518  0.6029 
   00734    0.4697  -13522.2511  0.6027 
   00735    0.4678  -13494.7056  0.6026 
   00736    0.4753  -13492.9234  0.6002 
   00737    0.4467  -13488.1497  0.6026 
   00738    0.4703  -13481.3380  0.6024 
   00739    0.4686  -13488.2303  0.6027 
   00740    0.4403  -13493.2553  0.6029 
   00741    0.4683  -13495.3755  0.6040 
   00742    0.4686  -13494.0954  0.6027 
   00743    0.4525  -13495.8031  0.6057 
   00744    0.4717  -13493.7910  0.6074 
   00745    0.4581  -13515.9700  0.6064 
   00746    0.4664  -13517.6576  0.6063 
   00747    0.4772  -13496.2829  0.6072 
   00748    0.4647  -13478.8683  0.6074 
   00749    0.4711  -13485.3288  0.6085 
   00750    0.4503  -13483.6711  0.6040 
   00751    0.4628  -13515.9096  0.6072 
   00752    0.4658  -13494.2446  0.6076 
   00753    0.4678  -13477.0638  0.6102 
   00754    0.4508  -13492.9715  0.6133 
   00755    0.4592  -13498.2466  0.6140 
   00756    0.4628  -13474.3820  0.6145 
   00757    0.4697  -13477.1164  0.6187 
   00758    0.4639  -13493.9051  0.6212 
   00759    0.4653  -13483.6887  0.6184 
   00760    0.4558  -13491.8735  0.6196 
   00761    0.4758  -13492.0937  0.6207 
   00762    0.4594  -13503.5300  0.6208 
   00763    0.4567  -13512.0951  0.6215 
   00764    0.4742  -13514.6752  0.6229 
   00765    0.4606  -13493.0800  0.6231 
   00766    0.4542  -13499.7867  0.6252 
   00767    0.4675  -13500.9338  0.6233 
   00768    0.4625  -13504.7423  0.6253 
   00769    0.4733  -13503.3623  0.6249 
   00770    0.4661  -13510.6940  0.6240 
   00771    0.4589  -13497.0032  0.6243 
   00772    0.4783  -13499.6901  0.6247 
   00773    0.4681  -13510.9646  0.6267 
   00774    0.4697  -13527.1571  0.6272 
   00775    0.4775  -13511.2004  0.6280 
   00776    0.4531  -13500.4927  0.6273 
   00777    0.4694  -13500.9376  0.6294 
   00778    0.4414  -13487.3936  0.6284 
   00779    0.4892  -13534.1265  0.6277 
   00780    0.4581  -13505.4356  0.6270 
   00781    0.4711  -13500.2838  0.6286 
   00782    0.4661  -13496.0961  0.6282 
   00783    0.4825  -13492.6147  0.6307 
   00784    0.4831  -13511.8263  0.6303 
   00785    0.4608  -13478.7029  0.6298 
   00786    0.4708  -13487.4941  0.6288 
   00787    0.4775  -13496.4925  0.6315 
   00788    0.4733  -13492.9428  0.6322 
   00789    0.4717  -13490.3874  0.6315 
   00790    0.4861  -13516.6023  0.6326 
   00791    0.4600  -13498.0539  0.6365 
   00792    0.4803  -13475.0893  0.6360 
   00793    0.4661  -13487.9560  0.6389 
   00794    0.4794  -13475.5099  0.6391 
   00795    0.4589  -13487.7219  0.6399 
   00796    0.4731  -13492.6441  0.6391 
   00797    0.4389  -13502.9408  0.6371 
   00798    0.4561  -13500.0581  0.6372 
   00799    0.4528  -13482.8579  0.6329 
   00800    0.4617  -13493.2866  0.6335 
   00801    0.4717  -13495.3873  0.6361 
   00802    0.4658  -13475.2187  0.6337 
   00803    0.4639  -13457.3613  0.6373 
   00804    0.4611  -13463.9255  0.6389 
   00805    0.4764  -13465.2262  0.6377 
   00806    0.4756  -13485.3728  0.6425 
   00807    0.4528  -13480.3900  0.6434 
   00808    0.4750  -13464.2441  0.6428 
   00809    0.4625  -13481.7985  0.6456 
   00810    0.4742  -13483.2355  0.6432 
   00811    0.4575  -13492.0553  0.6403 
   00812    0.4639  -13490.1617  0.6377 
   00813    0.4744  -13489.3926  0.6371 
   00814    0.4564  -13479.1817  0.6343 
   00815    0.4681  -13510.6508  0.6376 
   00816    0.4503  -13517.9605  0.6363 
   00817    0.4586  -13506.4922  0.6357 
   00818    0.4656  -13509.8026  0.6385 
   00819    0.4606  -13520.8335  0.6409 
   00820    0.4642  -13511.2252  0.6408 
   00821    0.4697  -13511.9624  0.6418 
   00822    0.4833  -13518.9041  0.6399 
   00823    0.4686  -13526.6020  0.6433 
   00824    0.4617  -13526.7012  0.6429 
   00825    0.4667  -13510.2732  0.6423 
   00826    0.4622  -13498.2840  0.6450 
   00827    0.4725  -13507.0529  0.6443 
   00828    0.4753  -13520.9458  0.6438 
   00829    0.4642  -13510.7046  0.6434 
   00830    0.4758  -13498.0477  0.6432 
   00831    0.4644  -13501.7281  0.6430 
   00832    0.4592  -13483.9101  0.6435 
   00833    0.4683  -13489.5091  0.6433 
   00834    0.4553  -13495.9753  0.6428 
   00835    0.4758  -13494.8477  0.6430 
   00836    0.4597  -13483.2100  0.6427 
   00837    0.4733  -13494.1112  0.6431 
   00838    0.4586  -13495.8141  0.6421 
   00839    0.4633  -13492.5407  0.6427 
   00840    0.4669  -13491.6769  0.6451 
   00841    0.4775  -13502.7449  0.6496 
   00842    0.4719  -13518.3854  0.6480 
   00843    0.4647  -13505.3357  0.6479 
   00844    0.4681  -13500.4921  0.6448 
   00845    0.4736  -13524.1467  0.6468 
   00846    0.4708  -13527.9806  0.6463 
   00847    0.4478  -13525.4442  0.6451 
   00848    0.4494  -13520.2209  0.6450 
   00849    0.4525  -13506.0881  0.6452 
   00850    0.4758  -13511.4155  0.6494 
   00851    0.4592  -13524.7474  0.6527 
   00852    0.4600  -13538.7532  0.6564 
   00853    0.4597  -13529.3848  0.6574 
   00854    0.4667  -13510.8686  0.6567 
   00855    0.4719  -13524.4040  0.6593 
   00856    0.4550  -13527.0870  0.6584 
   00857    0.4503  -13502.5793  0.6585 
   00858    0.4719  -13502.5698  0.6586 
   00859    0.4608  -13499.0694  0.6598 
   00860    0.4658  -13492.9523  0.6568 
   00861    0.4636  -13501.7616  0.6603 
   00862    0.4642  -13506.5077  0.6581 
   00863    0.4486  -13495.9655  0.6603 
   00864    0.4642  -13508.8863  0.6581 
   00865    0.4764  -13508.1820  0.6601 
   00866    0.4619  -13490.4386  0.6613 
   00867    0.4650  -13484.8666  0.6616 
   00868    0.4567  -13486.0627  0.6636 
   00869    0.4678  -13468.1002  0.6658 
   00870    0.4606  -13474.7466  0.6642 
   00871    0.4708  -13491.8603  0.6622 
   00872    0.4717  -13484.4122  0.6594 
   00873    0.4544  -13478.7277  0.6620 
   00874    0.4678  -13503.0969  0.6636 
   00875    0.4711  -13498.7953  0.6644 
   00876    0.4672  -13505.1882  0.6662 
   00877    0.4719  -13491.2274  0.6678 
   00878    0.4778  -13515.8973  0.6718 
   00879    0.4633  -13517.1136  0.6696 
   00880    0.4664  -13521.6355  0.6682 
   00881    0.4653  -13511.2430  0.6679 
   00882    0.4728  -13527.6631  0.6683 
   00883    0.4642  -13533.4209  0.6699 
   00884    0.4786  -13515.6434  0.6686 
   00885    0.4625  -13501.2544  0.6687 
   00886    0.4672  -13515.4718  0.6711 
   00887    0.4597  -13497.0100  0.6695 
   00888    0.4781  -13515.0408  0.6676 
   00889    0.4622  -13519.0076  0.6650 
   00890    0.4756  -13513.1829  0.6622 
   00891    0.4756  -13529.0446  0.6665 
   00892    0.4736  -13515.4071  0.6642 
   00893    0.4619  -13531.9356  0.6663 
   00894    0.4606  -13534.2881  0.6648 
   00895    0.4717  -13534.8603  0.6667 
   00896    0.4667  -13531.6558  0.6672 
   00897    0.4664  -13552.1879  0.6686 
   00898    0.4725  -13542.1897  0.6696 
   00899    0.4594  -13544.9765  0.6737 
   00900    0.4575  -13538.6719  0.6756 
   00901    0.4561  -13527.7701  0.6744 
   00902    0.4664  -13533.6846  0.6753 
   00903    0.4769  -13516.3686  0.6736 
   00904    0.4564  -13509.2513  0.6752 
   00905    0.4475  -13508.6432  0.6752 
   00906    0.4642  -13528.2225  0.6747 
   00907    0.4517  -13519.5299  0.6750 
   00908    0.4622  -13497.7214  0.6761 
   00909    0.4744  -13496.4443  0.6750 
   00910    0.4522  -13514.7840  0.6777 
   00911    0.4600  -13530.8584  0.6803 
   00912    0.4564  -13543.6039  0.6808 
   00913    0.4581  -13518.5661  0.6809 
   00914    0.4711  -13507.5703  0.6780 
   00915    0.4619  -13516.3014  0.6800 
   00916    0.4572  -13542.0042  0.6825 
   00917    0.4672  -13543.1819  0.6818 
   00918    0.4619  -13550.9079  0.6778 
   00919    0.4758  -13556.0054  0.6744 
   00920    0.4622  -13535.3873  0.6742 
   00921    0.4753  -13549.0999  0.6745 
   00922    0.4586  -13577.3009  0.6748 
   00923    0.4619  -13574.0868  0.6747 
   00924    0.4669  -13572.8432  0.6761 
   00925    0.4594  -13551.8618  0.6772 
   00926    0.4639  -13535.3331  0.6778 
   00927    0.4653  -13541.0344  0.6775 
   00928    0.4667  -13523.1465  0.6786 
   00929    0.4639  -13526.1186  0.6783 
   00930    0.4569  -13533.7954  0.6803 
   00931    0.4639  -13543.5711  0.6804 
   00932    0.4708  -13562.1992  0.6809 
   00933    0.4736  -13555.5904  0.6793 
   00934    0.4669  -13555.8891  0.6821 
   00935    0.4656  -13558.7309  0.6834 
   00936    0.4514  -13556.6604  0.6838 
   00937    0.4586  -13549.4996  0.6834 
   00938    0.4722  -13540.0816  0.6840 
   00939    0.4606  -13550.5499  0.6862 
   00940    0.4606  -13538.7770  0.6837 
   00941    0.4658  -13551.0006  0.6854 
   00942    0.4614  -13538.5633  0.6861 
   00943    0.4597  -13539.8788  0.6853 
   00944    0.4603  -13553.5526  0.6858 
   00945    0.4639  -13534.7954  0.6869 
   00946    0.4686  -13550.6839  0.6892 
   00947    0.4572  -13553.6339  0.6888 
   00948    0.4767  -13567.7540  0.6919 
   00949    0.4561  -13562.1612  0.6888 
   00950    0.4600  -13558.6629  0.6927 
   00951    0.4617  -13544.8943  0.6954 
   00952    0.4631  -13548.6597  0.6938 
   00953    0.4861  -13546.7647  0.6964 
   00954    0.4778  -13554.9657  0.6969 
   00955    0.4669  -13550.1951  0.6993 
   00956    0.4639  -13565.9901  0.6969 
   00957    0.4664  -13557.6078  0.6998 
   00958    0.4714  -13550.6082  0.7002 
   00959    0.4644  -13541.7604  0.7008 
   00960    0.4642  -13546.0249  0.6999 
   00961    0.4653  -13553.0383  0.7002 
   00962    0.4656  -13552.5668  0.7011 
   00963    0.4528  -13552.3218  0.7023 
   00964    0.4550  -13570.2210  0.7038 
   00965    0.4469  -13559.9452  0.7023 
   00966    0.4639  -13547.6772  0.7009 
   00967    0.4686  -13546.9848  0.7006 
   00968    0.4639  -13554.5117  0.7012 
   00969    0.4600  -13547.1122  0.7005 
   00970    0.4650  -13547.0769  0.6998 
   00971    0.4536  -13555.9574  0.7007 
   00972    0.4708  -13567.8308  0.7011 
   00973    0.4744  -13566.2181  0.7002 
   00974    0.4692  -13570.5432  0.6994 
   00975    0.4658  -13553.6045  0.7022 
   00976    0.4650  -13554.3433  0.7018 
   00977    0.4678  -13569.7479  0.6988 
   00978    0.4625  -13569.3507  0.6976 
   00979    0.4711  -13567.4194  0.6953 
   00980    0.4744  -13547.9864  0.6937 
   00981    0.4525  -13543.1330  0.6968 
   00982    0.4733  -13556.6389  0.6961 
   00983    0.4528  -13538.2921  0.6942 
   00984    0.4564  -13528.0020  0.6938 
   00985    0.4631  -13536.2637  0.6967 
   00986    0.4694  -13548.9525  0.6968 
   00987    0.4797  -13558.9115  0.6964 
   00988    0.4683  -13559.9834  0.6988 
   00989    0.4619  -13573.5992  0.6978 
   00990    0.4617  -13560.2346  0.6979 
   00991    0.4683  -13544.2957  0.6970 
   00992    0.4575  -13536.5600  0.6943 
   00993    0.4656  -13527.7509  0.6931 
   00994    0.4606  -13542.3612  0.6935 
   00995    0.4697  -13537.2183  0.6933 
   00996    0.4681  -13546.9624  0.6963 
   00997    0.4614  -13553.0581  0.6961 
   00998    0.4614  -13558.3007  0.6990 
   00999    0.4669  -13563.0565  0.6996 
   01000    0.4586  -13552.9304  0.6996 
