#=====================================================
# File created:        Mon-06-Nov-2023-at-03-15-22PM
# Size of lattice:     40x40
# Number of MC steps:  1000
# Reduced temperature: 1.600
# Run time (s):        6.590463
#=====================================================
# MC step:  Ratio:     Energy:   Order:
#=====================================================
   00000    0.5000   -1620.0824  0.2783 
   00001    0.7431   -2327.1910  0.2538 
   00002    0.7056   -2530.9530  0.2612 
   00003    0.6925   -2579.3280  0.2684 
   00004    0.6856   -2686.4885  0.2737 
   00005    0.6744   -2694.8902  0.2733 
   00006    0.6719   -2729.1666  0.2833 
   00007    0.6663   -2790.8950  0.2969 
   00008    0.6312   -2826.9426  0.2954 
   00009    0.6388   -2839.8361  0.3026 
   00010    0.6669   -2843.7271  0.3198 
   00011    0.6531   -2828.1713  0.3062 
   00012    0.6488   -2896.2719  0.2922 
   00013    0.6506   -2744.6278  0.2874 
   00014    0.6531   -2891.0085  0.2644 
   00015    0.6450   -2889.3923  0.2666 
   00016    0.6525   -2718.4796  0.2563 
   00017    0.6756   -2740.3804  0.2606 
   00018    0.6556   -2659.9654  0.2739 
   00019    0.6800   -2663.8723  0.2844 
   00020    0.6800   -2756.0782  0.2891 
   00021    0.6913   -2768.0563  0.3053 
   00022    0.6725   -2828.0600  0.3015 
   00023    0.6288   -2957.7631  0.3065 
   00024    0.6481   -2941.6429  0.3157 
   00025    0.6519   -2915.8783  0.2991 
   00026    0.6362   -2883.5571  0.2971 
   00027    0.6488   -2919.9532  0.3049 
   00028    0.6594   -2936.7742  0.2843 
   00029    0.6538   -2803.1078  0.2725 
   00030    0.6650   -2776.1819  0.2803 
   00031    0.6700   -2788.1085  0.2725 
   00032    0.6587   -2782.8770  0.2596 
   00033    0.6650   -2733.9658  0.2573 
   00034    0.6625   -2824.4070  0.2733 
   00035    0.6519   -2910.5019  0.2729 
   00036    0.6550   -2947.5428  0.2923 
   00037    0.6325   -2775.1812  0.2712 
   00038    0.6456   -2803.7447  0.2748 
   00039    0.6687   -2779.5395  0.2887 
   00040    0.6606   -2862.0083  0.2773 
   00041    0.6444   -2813.2616  0.2831 
   00042    0.6631   -2857.9264  0.3087 
   00043    0.6438   -2764.3061  0.2930 
   00044    0.6675   -2690.2461  0.2776 
   00045    0.6681   -2763.2892  0.2765 
   00046    0.6425   -2873.4055  0.2831 
   00047    0.6594   -2770.4119  0.2849 
   00048    0.6725   -2669.5944  0.2748 
   00049    0.6781   -2684.0121  0.2805 
   00050    0.6706   -2680.4409  0.2978 
   00051    0.6775   -2651.3569  0.2957 
   00052    0.6631   -2755.5835  0.2586 
   00053    0.6644   -2840.6599  0.2589 
   00054    0.6575   -2839.5109  0.2691 
   00055    0.6619   -2887.1433  0.2596 
   00056    0.6488   -2845.0971  0.2523 
   00057    0.6706   -2844.5699  0.2566 
   00058    0.6600   -2721.1895  0.2758 
   00059    0.6787   -2736.9334  0.2965 
   00060    0.6756   -2830.6624  0.2791 
   00061    0.6613   -2796.1027  0.2618 
   00062    0.6469   -2855.4681  0.2668 
   00063    0.6562   -2793.7023  0.2885 
   00064    0.6725   -2796.3936  0.2943 
   00065    0.6750   -2763.4650  0.2839 
   00066    0.6787   -2876.2283  0.2698 
   00067    0.6469   -2703.5263  0.2631 
   00068    0.6737   -2724.7089  0.2792 
   00069    0.6587   -2774.8747  0.2664 
   00070    0.6713   -2841.8576  0.2688 
   00071    0.6925   -2796.3438  0.2707 
   00072    0.6775   -2790.3366  0.2590 
   00073    0.6675   -2735.9216  0.2689 
   00074    0.6687   -2717.0959  0.2739 
   00075    0.6963   -2769.2912  0.2937 
   00076    0.6525   -2739.2509  0.2895 
   00077    0.6675   -2842.0497  0.2993 
   00078    0.6344   -2810.6317  0.2839 
   00079    0.6569   -2869.5542  0.2752 
   00080    0.6731   -2867.2546  0.2793 
   00081    0.6600   -2874.1663  0.2766 
   00082    0.6500   -2829.0396  0.2638 
   00083    0.6600   -2854.1891  0.2772 
   00084    0.6175   -2853.6035  0.2904 
   00085    0.6488   -2835.9349  0.2885 
   00086    0.6488   -2804.7890  0.2839 
   00087    0.6787   -2749.7087  0.2910 
   00088    0.6694   -2779.3090  0.2863 
   00089    0.6606   -2790.5698  0.2792 
   00090    0.6519   -2722.4338  0.2848 
   00091    0.6419   -2835.7015  0.2736 
   00092    0.6425   -2854.8526  0.2735 
   00093    0.6787   -2818.9925  0.2719 
   00094    0.6637   -2790.2223  0.2794 
   00095    0.6600   -2698.8331  0.2858 
   00096    0.6737   -2644.0926  0.2940 
   00097    0.6850   -2639.0090  0.2929 
   00098    0.6687   -2704.2602  0.2865 
   00099    0.6644   -2700.4597  0.2838 
   00100    0.6544   -2710.0335  0.2778 
   00101    0.6600   -2712.3096  0.2900 
   00102    0.6719   -2740.1527  0.3004 
   00103    0.6587   -2923.7402  0.3068 
   00104    0.6750   -2828.6389  0.3003 
   00105    0.6844   -2818.7512  0.2949 
   00106    0.6769   -2790.1071  0.2862 
   00107    0.6362   -2825.8221  0.2958 
   00108    0.6562   -2861.5051  0.3219 
   00109    0.6512   -2904.4492  0.3332 
   00110    0.6438   -2920.4656  0.2940 
   00111    0.6375   -2936.8401  0.3092 
   00112    0.6481   -2974.6143  0.2958 
   00113    0.6444   -2842.5300  0.2775 
   00114    0.6494   -2841.8657  0.2680 
   00115    0.6581   -2771.4284  0.2786 
   00116    0.6725   -2863.5752  0.2950 
   00117    0.6506   -2828.9418  0.2746 
   00118    0.6706   -2865.8795  0.2756 
   00119    0.6581   -2690.4919  0.2945 
   00120    0.6713   -2760.2539  0.2974 
   00121    0.6756   -2755.8652  0.2735 
   00122    0.6831   -2731.9303  0.2801 
   00123    0.6531   -2743.9975  0.2755 
   00124    0.6625   -2751.2027  0.2796 
   00125    0.6562   -2811.5384  0.2721 
   00126    0.6519   -2883.7414  0.2582 
   00127    0.6706   -2735.2909  0.2581 
   00128    0.6656   -2818.3010  0.2636 
   00129    0.6569   -2742.7839  0.2613 
   00130    0.6806   -2753.7195  0.2803 
   00131    0.6606   -2788.7384  0.3067 
   00132    0.6444   -2876.7350  0.2859 
   00133    0.6531   -2836.2119  0.2753 
   00134    0.6587   -2880.8681  0.2924 
   00135    0.6394   -2721.3516  0.2800 
   00136    0.6656   -2873.5210  0.3012 
   00137    0.6350   -2864.0267  0.2943 
   00138    0.6562   -2770.7292  0.2854 
   00139    0.6538   -2766.8445  0.2857 
   00140    0.6325   -2808.7329  0.2816 
   00141    0.6587   -2858.7201  0.2778 
   00142    0.6787   -2856.2016  0.2944 
   00143    0.6663   -2699.6392  0.2899 
   00144    0.6750   -2834.9983  0.2941 
   00145    0.6625   -2739.3988  0.3004 
   00146    0.6725   -2809.5947  0.2866 
   00147    0.6419   -2843.5258  0.2852 
   00148    0.6212   -2967.3108  0.2871 
   00149    0.6462   -2915.7067  0.2901 
   00150    0.6500   -2773.5683  0.2865 
   00151    0.6644   -2805.1318  0.2991 
   00152    0.6431   -2799.3096  0.2813 
   00153    0.6975   -2799.2342  0.2678 
   00154    0.6544   -2895.9492  0.2906 
   00155    0.6587   -2875.8812  0.2949 
   00156    0.6594   -2947.0194  0.3037 
   00157    0.6538   -2837.2771  0.2997 
   00158    0.6587   -2828.0166  0.2964 
   00159    0.6569   -2838.4245  0.2820 
   00160    0.6506   -2842.6690  0.2978 
   00161    0.6619   -2745.8794  0.3019 
   00162    0.6931   -2729.6344  0.2848 
   00163    0.6394   -2815.5700  0.2854 
   00164    0.6669   -2805.9786  0.2937 
   00165    0.6506   -2856.7836  0.3115 
   00166    0.6525   -2840.5949  0.3248 
   00167    0.6594   -2818.9474  0.3133 
   00168    0.6469   -2865.4279  0.3000 
   00169    0.6475   -2794.4445  0.2907 
   00170    0.6613   -2792.9644  0.2774 
   00171    0.6875   -2788.8712  0.2747 
   00172    0.6644   -2702.9758  0.2857 
   00173    0.6719   -2736.7541  0.2896 
   00174    0.6969   -2765.9546  0.2961 
   00175    0.6600   -2789.3309  0.2802 
   00176    0.6663   -2730.8024  0.2777 
   00177    0.6831   -2777.2771  0.2951 
   00178    0.6819   -2787.8095  0.3143 
   00179    0.6725   -2747.4475  0.2983 
   00180    0.6681   -2744.1922  0.2740 
   00181    0.6756   -2735.5451  0.2631 
   00182    0.6625   -2769.1776  0.2759 
   00183    0.6744   -2780.4385  0.2881 
   00184    0.6763   -2761.6148  0.2839 
   00185    0.6919   -2708.9706  0.2730 
   00186    0.6637   -2690.2468  0.2699 
   00187    0.6556   -2710.4273  0.2683 
   00188    0.6637   -2782.9177  0.2701 
   00189    0.6781   -2742.3979  0.2741 
   00190    0.6706   -2770.4461  0.2637 
   00191    0.6663   -2851.0296  0.2648 
   00192    0.6538   -2881.0425  0.2518 
   00193    0.6512   -2869.5860  0.2542 
   00194    0.6650   -2826.3469  0.2545 
   00195    0.6787   -2788.0469  0.2658 
   00196    0.6681   -2745.9912  0.2583 
   00197    0.6644   -2858.1544  0.2538 
   00198    0.6512   -2911.5441  0.2554 
   00199    0.6637   -2817.9839  0.2683 
   00200    0.6531   -2798.0688  0.2773 
   00201    0.6531   -2787.7433  0.2532 
   00202    0.6550   -2860.1931  0.2684 
   00203    0.6744   -2865.4500  0.3075 
   00204    0.6663   -2777.6495  0.3116 
   00205    0.6663   -2683.2504  0.3161 
   00206    0.6406   -2792.3656  0.2841 
   00207    0.6544   -2696.8813  0.2967 
   00208    0.6637   -2762.3184  0.3111 
   00209    0.6412   -2804.6964  0.2999 
   00210    0.6669   -2778.5114  0.2815 
   00211    0.6725   -2767.3322  0.2924 
   00212    0.6669   -2657.5747  0.2754 
   00213    0.6894   -2687.5979  0.2590 
   00214    0.6644   -2732.9605  0.2605 
   00215    0.6725   -2761.2157  0.2547 
   00216    0.6737   -2707.4662  0.2640 
   00217    0.6713   -2817.0355  0.2810 
   00218    0.6719   -2793.0345  0.2959 
   00219    0.6519   -2866.4038  0.2823 
   00220    0.6656   -2900.6591  0.2849 
   00221    0.6281   -2809.6561  0.2751 
   00222    0.6694   -2784.7274  0.2847 
   00223    0.6687   -2807.1852  0.2875 
   00224    0.6737   -2719.7890  0.2979 
   00225    0.6900   -2722.7974  0.2842 
   00226    0.6806   -2914.0060  0.2820 
   00227    0.6356   -2934.7422  0.2864 
   00228    0.6438   -2917.0829  0.2916 
   00229    0.6569   -2830.9939  0.2726 
   00230    0.6556   -2831.1002  0.2958 
   00231    0.6706   -2804.8355  0.2825 
   00232    0.6856   -2670.4873  0.2911 
   00233    0.7006   -2750.2698  0.2761 
   00234    0.6575   -2774.4283  0.2737 
   00235    0.6606   -2746.1877  0.2915 
   00236    0.6562   -2733.7506  0.2770 
   00237    0.6569   -2886.0022  0.2744 
   00238    0.6444   -2919.5500  0.2754 
   00239    0.6656   -2796.0704  0.2634 
   00240    0.6719   -2748.9445  0.2626 
   00241    0.6850   -2751.3158  0.2709 
   00242    0.6700   -2847.7916  0.2550 
   00243    0.6606   -2889.4663  0.2625 
   00244    0.6450   -2844.3301  0.2792 
   00245    0.6706   -2752.0239  0.2735 
   00246    0.6806   -2777.1145  0.2793 
   00247    0.6619   -2873.9620  0.2791 
   00248    0.6556   -2827.5737  0.2691 
   00249    0.6500   -2872.2303  0.2697 
   00250    0.6388   -2903.7033  0.2635 
   00251    0.6619   -2867.4065  0.2665 
   00252    0.6687   -2815.8474  0.2690 
   00253    0.6375   -2853.2826  0.2633 
   00254    0.6613   -2869.5893  0.2752 
   00255    0.6400   -2979.9832  0.2854 
   00256    0.6512   -2833.2416  0.2575 
   00257    0.6412   -2864.9785  0.2696 
   00258    0.6625   -2818.8290  0.2595 
   00259    0.6538   -2747.9867  0.2503 
   00260    0.6637   -2791.1466  0.2590 
   00261    0.6769   -2812.9670  0.2562 
   00262    0.6575   -2733.8107  0.2797 
   00263    0.6887   -2840.1636  0.2829 
   00264    0.6675   -2820.4187  0.2659 
   00265    0.6656   -2829.4934  0.2618 
   00266    0.6575   -2763.4145  0.2595 
   00267    0.6613   -2774.9260  0.2625 
   00268    0.6619   -2796.4708  0.2741 
   00269    0.6631   -2832.4043  0.2830 
   00270    0.6556   -2877.4807  0.2900 
   00271    0.6663   -2909.4598  0.2876 
   00272    0.6350   -2896.3354  0.2906 
   00273    0.6706   -2768.9826  0.2873 
   00274    0.6462   -2950.1921  0.2821 
   00275    0.6438   -2879.5525  0.2739 
   00276    0.6569   -2754.2056  0.2907 
   00277    0.6650   -2841.9906  0.2986 
   00278    0.6525   -2800.7379  0.2705 
   00279    0.6531   -2791.4210  0.2678 
   00280    0.6706   -2751.0418  0.2802 
   00281    0.6406   -2796.8986  0.2959 
   00282    0.6656   -2771.9371  0.2940 
   00283    0.6350   -2885.9186  0.2919 
   00284    0.6669   -2837.8283  0.2723 
   00285    0.6375   -2908.2330  0.2683 
   00286    0.6650   -2755.4408  0.2666 
   00287    0.6625   -2836.5497  0.2650 
   00288    0.6663   -2862.4819  0.2648 
   00289    0.6731   -2846.4425  0.2748 
   00290    0.6462   -2830.5210  0.2538 
   00291    0.6469   -2806.5265  0.2620 
   00292    0.6419   -2882.5053  0.2717 
   00293    0.6744   -2835.0204  0.2661 
   00294    0.6456   -2801.2977  0.2767 
   00295    0.6750   -2782.6053  0.2903 
   00296    0.6763   -2716.5449  0.2992 
   00297    0.6619   -2723.4880  0.2847 
   00298    0.6512   -2785.9022  0.2861 
   00299    0.6700   -2940.2735  0.2922 
   00300    0.6644   -2910.0358  0.2758 
   00301    0.6394   -2819.4018  0.2685 
   00302    0.6787   -2750.0767  0.2597 
   00303    0.6775   -2789.4663  0.2702 
   00304    0.6431   -2870.0936  0.2689 
   00305    0.6844   -2826.4161  0.2719 
   00306    0.6250   -2869.3917  0.2589 
   00307    0.6663   -2839.6794  0.2856 
   00308    0.6687   -2841.8309  0.2821 
   00309    0.6475   -2861.7963  0.2902 
   00310    0.6481   -2823.9879  0.2643 
   00311    0.6381   -2867.9633  0.2960 
   00312    0.6575   -2885.9940  0.2775 
   00313    0.6637   -2924.2203  0.2777 
   00314    0.6550   -2845.0253  0.2699 
   00315    0.6719   -2729.4857  0.2923 
   00316    0.6731   -2780.3729  0.2902 
   00317    0.6412   -2824.5248  0.3185 
   00318    0.6556   -2776.0706  0.3169 
   00319    0.6494   -2761.3089  0.3287 
   00320    0.6725   -2724.7415  0.3243 
   00321    0.6494   -2789.8281  0.3016 
   00322    0.6656   -2762.0465  0.3113 
   00323    0.6550   -2843.9995  0.3100 
   00324    0.6475   -2754.0060  0.2988 
   00325    0.6587   -2810.5271  0.2761 
   00326    0.6412   -2842.5696  0.2779 
   00327    0.6587   -2778.1537  0.2787 
   00328    0.6681   -2805.3421  0.2839 
   00329    0.6719   -2832.6165  0.2847 
   00330    0.6606   -2836.1929  0.2766 
   00331    0.6531   -2771.7362  0.2899 
   00332    0.6713   -2754.0525  0.2759 
   00333    0.6587   -2813.4027  0.2685 
   00334    0.6488   -2817.6640  0.2654 
   00335    0.6587   -2797.6972  0.2803 
   00336    0.6562   -2858.8840  0.2839 
   00337    0.6613   -2939.1710  0.2907 
   00338    0.6481   -2825.7803  0.3009 
   00339    0.6575   -2763.2929  0.2894 
   00340    0.6600   -2769.7718  0.2843 
   00341    0.6581   -2839.5887  0.2766 
   00342    0.6656   -2857.6928  0.2736 
   00343    0.6613   -2856.7118  0.2628 
   00344    0.6625   -2800.2996  0.2658 
   00345    0.6350   -2918.8819  0.2824 
   00346    0.6275   -2897.4567  0.3157 
   00347    0.6544   -2815.5959  0.3155 
   00348    0.6669   -2897.9236  0.3145 
   00349    0.6637   -3006.5359  0.3292 
   00350    0.6687   -2872.9481  0.3241 
   00351    0.6525   -2817.6629  0.3131 
   00352    0.6587   -2843.2811  0.2932 
   00353    0.6594   -2802.2773  0.3029 
   00354    0.6769   -2901.5433  0.3047 
   00355    0.6656   -2854.1487  0.2872 
   00356    0.6425   -2844.0606  0.2621 
   00357    0.6519   -2860.0087  0.2563 
   00358    0.6606   -2820.0377  0.2677 
   00359    0.6619   -2779.6814  0.2808 
   00360    0.6519   -2788.6064  0.2774 
   00361    0.6694   -2783.5871  0.3084 
   00362    0.6606   -2839.2275  0.2978 
   00363    0.6631   -2708.9446  0.2812 
   00364    0.6600   -2678.0092  0.2657 
   00365    0.6850   -2696.8185  0.2603 
   00366    0.6994   -2867.3446  0.2613 
   00367    0.6556   -2762.8501  0.2574 
   00368    0.6837   -2708.8991  0.2580 
   00369    0.6625   -2740.5841  0.2640 
   00370    0.6581   -2830.6970  0.2581 
   00371    0.6581   -2770.8140  0.2780 
   00372    0.6562   -2804.4273  0.2837 
   00373    0.6719   -2810.6234  0.2700 
   00374    0.6737   -2829.5684  0.2822 
   00375    0.6488   -2801.1806  0.2985 
   00376    0.6725   -2876.9367  0.2986 
   00377    0.6625   -2939.6972  0.2874 
   00378    0.6613   -2861.8625  0.3059 
   00379    0.6544   -2956.4932  0.3006 
   00380    0.6581   -2939.8529  0.3167 
   00381    0.6512   -2920.6253  0.3120 
   00382    0.6475   -2892.7633  0.3025 
   00383    0.6525   -2913.8883  0.2822 
   00384    0.6656   -2812.4978  0.2766 
   00385    0.6625   -2700.6721  0.2634 
   00386    0.6800   -2711.1246  0.2575 
   00387    0.6631   -2757.7296  0.2649 
   00388    0.6637   -2721.4305  0.2646 
   00389    0.6731   -2745.8401  0.2521 
   00390    0.6687   -2780.2872  0.2576 
   00391    0.6562   -2818.5206  0.2562 
   00392    0.6606   -2809.5637  0.2560 
   00393    0.6481   -2764.1048  0.2570 
   00394    0.6656   -2757.9380  0.2758 
   00395    0.6625   -2804.7263  0.2672 
   00396    0.6637   -2916.0501  0.2619 
   00397    0.6550   -2867.3019  0.2834 
   00398    0.6419   -2895.3467  0.2736 
   00399    0.6388   -2897.7877  0.2704 
   00400    0.6462   -2771.9240  0.2733 
   00401    0.6831   -2851.7867  0.2662 
   00402    0.6581   -2761.8036  0.2664 
   00403    0.6719   -2763.3558  0.2767 
   00404    0.6419   -2826.4776  0.2602 
   00405    0.6606   -2793.0841  0.2644 
   00406    0.6462   -2881.0033  0.2622 
   00407    0.6488   -2864.1595  0.2903 
   00408    0.6750   -2814.4972  0.2890 
   00409    0.6519   -2897.0582  0.2866 
   00410    0.6556   -2956.1454  0.2940 
   00411    0.6362   -2854.6731  0.2783 
   00412    0.6594   -2854.5901  0.2802 
   00413    0.6675   -2864.4682  0.3026 
   00414    0.6669   -2888.5065  0.2933 
   00415    0.6312   -2921.4323  0.2833 
   00416    0.6312   -2859.1395  0.2792 
   00417    0.6600   -2872.5489  0.2680 
   00418    0.6494   -2916.0422  0.2860 
   00419    0.6444   -2921.4729  0.2776 
   00420    0.6400   -2854.5957  0.2860 
   00421    0.6394   -2856.8330  0.2858 
   00422    0.6556   -2820.8545  0.2660 
   00423    0.6562   -2892.4426  0.2599 
   00424    0.6569   -2858.1033  0.2671 
   00425    0.6725   -2731.3859  0.2740 
   00426    0.6663   -2822.1660  0.2937 
   00427    0.6600   -2774.2399  0.2883 
   00428    0.6625   -2779.2981  0.2812 
   00429    0.6706   -2802.1748  0.2766 
   00430    0.6431   -2777.9495  0.2703 
   00431    0.6544   -2829.2926  0.2640 
   00432    0.6663   -2861.0783  0.2625 
   00433    0.6637   -2804.0016  0.2735 
   00434    0.6531   -2802.1867  0.2546 
   00435    0.6506   -2882.6209  0.2780 
   00436    0.6619   -2884.6338  0.2712 
   00437    0.6469   -2878.4837  0.2728 
   00438    0.6700   -2875.0774  0.2627 
   00439    0.6481   -2905.3235  0.2745 
   00440    0.6587   -2929.0598  0.2720 
   00441    0.6687   -2833.5130  0.2579 
   00442    0.6675   -2811.3475  0.2615 
   00443    0.6444   -2781.4004  0.2706 
   00444    0.6538   -2857.9936  0.2656 
   00445    0.6475   -2838.7483  0.2602 
   00446    0.6581   -2836.0989  0.2661 
   00447    0.6875   -2761.4990  0.2894 
   00448    0.6719   -2821.4420  0.2788 
   00449    0.6425   -2945.0085  0.2646 
   00450    0.6481   -2886.7341  0.2847 
   00451    0.6494   -2801.3402  0.2822 
   00452    0.6813   -2701.9655  0.2692 
   00453    0.6725   -2667.0254  0.2675 
   00454    0.6594   -2823.6567  0.2658 
   00455    0.6713   -2789.8203  0.2783 
   00456    0.6606   -2744.4170  0.2832 
   00457    0.6569   -2805.3041  0.3049 
   00458    0.6412   -2757.7603  0.2787 
   00459    0.6781   -2826.9392  0.2700 
   00460    0.6687   -2836.7861  0.2609 
   00461    0.6525   -2888.1153  0.2564 
   00462    0.6500   -2821.7741  0.2626 
   00463    0.6744   -2700.0771  0.2779 
   00464    0.6706   -2679.9774  0.2665 
   00465    0.6756   -2752.2702  0.2580 
   00466    0.6913   -2700.6054  0.2596 
   00467    0.6937   -2757.2352  0.2726 
   00468    0.6706   -2864.4349  0.2743 
   00469    0.6481   -2790.4882  0.2594 
   00470    0.6694   -2891.3403  0.2757 
   00471    0.6619   -2889.1105  0.2985 
   00472    0.6619   -2917.8232  0.2907 
   00473    0.6594   -2844.7107  0.2939 
   00474    0.6412   -2879.2202  0.3048 
   00475    0.6544   -2802.9865  0.3105 
   00476    0.6575   -2906.8038  0.3234 
   00477    0.6438   -2901.6413  0.3303 
   00478    0.6713   -2858.7750  0.3212 
   00479    0.6675   -2855.3097  0.3047 
   00480    0.6637   -2735.8220  0.2997 
   00481    0.6675   -2865.4306  0.3100 
   00482    0.6600   -2818.9422  0.3190 
   00483    0.6531   -2730.6112  0.3341 
   00484    0.6538   -2764.2612  0.3277 
   00485    0.6744   -2716.9567  0.3060 
   00486    0.6875   -2737.4370  0.2998 
   00487    0.6787   -2720.7634  0.2861 
   00488    0.6369   -2739.5064  0.2893 
   00489    0.6644   -2722.5382  0.2828 
   00490    0.6719   -2693.0863  0.2910 
   00491    0.6900   -2723.6293  0.2754 
   00492    0.6825   -2771.7236  0.3010 
   00493    0.6819   -2811.5554  0.2990 
   00494    0.6506   -2844.0977  0.3098 
   00495    0.6625   -2905.5607  0.3016 
   00496    0.6344   -2988.2074  0.3080 
   00497    0.6562   -2951.9612  0.3069 
   00498    0.6269   -2933.0636  0.2940 
   00499    0.6325   -2953.4036  0.2874 
   00500    0.6431   -2907.8319  0.2860 
   00501    0.6450   -2895.2203  0.3008 
   00502    0.6269   -2891.5722  0.2992 
   00503    0.6344   -2888.3038  0.2908 
   00504    0.6488   -2921.9021  0.2856 
   00505    0.6431   -3001.8046  0.2757 
   00506    0.6462   -2986.2899  0.2549 
   00507    0.6350   -2941.4682  0.2879 
   00508    0.6631   -2911.4097  0.2869 
   00509    0.6581   -2875.5663  0.2775 
   00510    0.6550   -2882.4653  0.2759 
   00511    0.6663   -2786.7721  0.2890 
   00512    0.6669   -2744.4452  0.2817 
   00513    0.6613   -2884.2771  0.2696 
   00514    0.6681   -2866.3664  0.2577 
   00515    0.6400   -2850.9691  0.2538 
   00516    0.6656   -2858.8305  0.2769 
   00517    0.6637   -2777.3698  0.2656 
   00518    0.6550   -2697.3907  0.2648 
   00519    0.6806   -2694.4025  0.2669 
   00520    0.6769   -2748.2434  0.2830 
   00521    0.6700   -2769.6694  0.2668 
   00522    0.6475   -2848.4407  0.2665 
   00523    0.6475   -2890.4864  0.2818 
   00524    0.6412   -2805.7694  0.2648 
   00525    0.6681   -2902.7542  0.2922 
   00526    0.6687   -2711.1629  0.3078 
   00527    0.6669   -2842.6503  0.3224 
   00528    0.6456   -2935.9603  0.3312 
   00529    0.6444   -2803.7864  0.3295 
   00530    0.6362   -2823.3551  0.3345 
   00531    0.6606   -2821.8760  0.3353 
   00532    0.6581   -2862.2489  0.3492 
   00533    0.6606   -2819.0735  0.3338 
   00534    0.6644   -2791.6287  0.3338 
   00535    0.6637   -2861.6305  0.3225 
   00536    0.6587   -2812.6188  0.3150 
   00537    0.6681   -2803.0699  0.2940 
   00538    0.6675   -2837.5128  0.2903 
   00539    0.6525   -2835.6234  0.2771 
   00540    0.6338   -2826.4016  0.3085 
   00541    0.6325   -2820.2565  0.2993 
   00542    0.6412   -2847.8937  0.2917 
   00543    0.6344   -2885.6759  0.2845 
   00544    0.6212   -2870.4754  0.2751 
   00545    0.6706   -2796.4253  0.2844 
   00546    0.6719   -2829.7265  0.2998 
   00547    0.6550   -2822.1771  0.2902 
   00548    0.6556   -2794.9417  0.2682 
   00549    0.6819   -2690.5853  0.2746 
   00550    0.6763   -2722.0740  0.2823 
   00551    0.6731   -2726.3791  0.2855 
   00552    0.6531   -2681.2784  0.2696 
   00553    0.6737   -2726.0333  0.2644 
   00554    0.6625   -2727.0100  0.2758 
   00555    0.6450   -2744.7176  0.2644 
   00556    0.6706   -2819.7474  0.2696 
   00557    0.6406   -2855.5710  0.2624 
   00558    0.6531   -2809.6679  0.2617 
   00559    0.6644   -2845.3936  0.2663 
   00560    0.6587   -2986.6573  0.2663 
   00561    0.6425   -2856.1278  0.2933 
   00562    0.6462   -2926.0381  0.3157 
   00563    0.6494   -2900.0243  0.2878 
   00564    0.6444   -2957.9403  0.2837 
   00565    0.6356   -2824.1555  0.2959 
   00566    0.6706   -2813.5141  0.3025 
   00567    0.6312   -2841.9753  0.2831 
   00568    0.6756   -2816.5701  0.2923 
   00569    0.6438   -2886.8405  0.2746 
   00570    0.6637   -2854.6061  0.2680 
   00571    0.6312   -2768.8220  0.2715 
   00572    0.6725   -2760.5019  0.2578 
   00573    0.6887   -2816.3161  0.2561 
   00574    0.6525   -2924.9963  0.2684 
   00575    0.6388   -2895.7635  0.2547 
   00576    0.6400   -2931.4398  0.2773 
   00577    0.6344   -2975.5121  0.2657 
   00578    0.6350   -2949.5221  0.2834 
   00579    0.6519   -2954.1460  0.2796 
   00580    0.6262   -2892.3782  0.2610 
   00581    0.6425   -2791.7053  0.2873 
   00582    0.6719   -2808.6193  0.2768 
   00583    0.6663   -2736.2743  0.2822 
   00584    0.6775   -2811.9046  0.2773 
   00585    0.6488   -2857.7426  0.2839 
   00586    0.6737   -2833.8311  0.2823 
   00587    0.6713   -2792.7664  0.2695 
   00588    0.6637   -2852.0224  0.2678 
   00589    0.6525   -2750.2916  0.2593 
   00590    0.6694   -2783.6926  0.2752 
   00591    0.6656   -2781.2461  0.2806 
   00592    0.6663   -2815.6427  0.2875 
   00593    0.6637   -2739.5868  0.2788 
   00594    0.6569   -2837.4802  0.3060 
   00595    0.6381   -2883.1904  0.3018 
   00596    0.6544   -2785.5379  0.2880 
   00597    0.6775   -2786.2124  0.2756 
   00598    0.6725   -2742.7671  0.3069 
   00599    0.6569   -2843.1067  0.3020 
   00600    0.6775   -2881.1315  0.2839 
   00601    0.6475   -2912.4178  0.2921 
   00602    0.6381   -2954.3663  0.2809 
   00603    0.6425   -2868.0654  0.2949 
   00604    0.6519   -2816.9630  0.2797 
   00605    0.6512   -2923.7051  0.2846 
   00606    0.6481   -2866.4026  0.2755 
   00607    0.6469   -2793.9984  0.2727 
   00608    0.6562   -2834.6341  0.2645 
   00609    0.6519   -2899.8582  0.2694 
   00610    0.6681   -2802.2164  0.2702 
   00611    0.6575   -2890.6858  0.2643 
   00612    0.6556   -2772.2552  0.2755 
   00613    0.6781   -2853.7088  0.2796 
   00614    0.6606   -2712.1147  0.2751 
   00615    0.6863   -2748.6723  0.2563 
   00616    0.6481   -2828.3197  0.2586 
   00617    0.6562   -2823.6511  0.2629 
   00618    0.6388   -2846.0254  0.2525 
   00619    0.6512   -2872.8417  0.2656 
   00620    0.6369   -2796.7004  0.2707 
   00621    0.6619   -2818.2922  0.2751 
   00622    0.6562   -2814.0277  0.2849 
   00623    0.6581   -2810.2296  0.2625 
   00624    0.6969   -2788.8795  0.2665 
   00625    0.6531   -2790.7222  0.2683 
   00626    0.6725   -2776.9993  0.2717 
   00627    0.6644   -2836.2531  0.2588 
   00628    0.6644   -2862.4885  0.2503 
   00629    0.6412   -2817.7019  0.2650 
   00630    0.6525   -2826.7730  0.2762 
   00631    0.6494   -2721.8187  0.2985 
   00632    0.6613   -2773.7902  0.2989 
   00633    0.6713   -2848.2269  0.2948 
   00634    0.6538   -2844.6580  0.2846 
   00635    0.6675   -2776.5363  0.2845 
   00636    0.6713   -2893.6631  0.2647 
   00637    0.6412   -2912.1047  0.2696 
   00638    0.6506   -2794.1621  0.2700 
   00639    0.6438   -2782.7706  0.2674 
   00640    0.6731   -2801.4417  0.2562 
   00641    0.6906   -2854.5261  0.2656 
   00642    0.6681   -2760.9358  0.2817 
   00643    0.6650   -2828.9658  0.2765 
   00644    0.6556   -2826.4924  0.2826 
   00645    0.6587   -2875.3154  0.2722 
   00646    0.6806   -2811.6280  0.2686 
   00647    0.6694   -2897.9575  0.2566 
   00648    0.6362   -2842.8877  0.2762 
   00649    0.6606   -2813.2121  0.2685 
   00650    0.6613   -2790.2624  0.2523 
   00651    0.6600   -2789.7492  0.2621 
   00652    0.6650   -2807.5644  0.2758 
   00653    0.6819   -2812.9204  0.2764 
   00654    0.6456   -2766.6375  0.2791 
   00655    0.6544   -2819.5873  0.2903 
   00656    0.6562   -2842.2106  0.2805 
   00657    0.6613   -2921.4926  0.2901 
   00658    0.6550   -2897.1308  0.2952 
   00659    0.6587   -2903.1527  0.2849 
   00660    0.6719   -2941.6724  0.2778 
   00661    0.6438   -2879.6266  0.2618 
   00662    0.6631   -2934.2024  0.2782 
   00663    0.6675   -2859.7607  0.2565 
   00664    0.6619   -2822.4274  0.2640 
   00665    0.6644   -2829.8467  0.2782 
   00666    0.6731   -2732.4927  0.2878 
   00667    0.6694   -2733.9315  0.2776 
   00668    0.6813   -2787.5664  0.2956 
   00669    0.6756   -2864.6308  0.2934 
   00670    0.6644   -2793.4911  0.3076 
   00671    0.6656   -2833.4328  0.3101 
   00672    0.6575   -2804.6877  0.2785 
   00673    0.6744   -2846.8730  0.2688 
   00674    0.6544   -2845.2293  0.2588 
   00675    0.6594   -2838.7471  0.2627 
   00676    0.6644   -2911.3902  0.2532 
   00677    0.6456   -2820.6664  0.2610 
   00678    0.6538   -2862.2165  0.2512 
   00679    0.6806   -2748.6472  0.2723 
   00680    0.6562   -2683.4838  0.2908 
   00681    0.6538   -2763.2050  0.2940 
   00682    0.6687   -2737.6871  0.2784 
   00683    0.6700   -2869.9404  0.2699 
   00684    0.6506   -2892.6721  0.2588 
   00685    0.6556   -2877.9420  0.2599 
   00686    0.6581   -2858.5870  0.2609 
   00687    0.6625   -2664.4254  0.2604 
   00688    0.7013   -2738.7798  0.2563 
   00689    0.6687   -2844.2316  0.2746 
   00690    0.6544   -2826.2419  0.2851 
   00691    0.6569   -2828.3039  0.3020 
   00692    0.6256   -2870.3861  0.3152 
   00693    0.6400   -2856.6981  0.3177 
   00694    0.6506   -2857.0027  0.2933 
   00695    0.6581   -2788.3925  0.2849 
   00696    0.6650   -2784.0306  0.2617 
   00697    0.6400   -2866.2113  0.2722 
   00698    0.6494   -2821.9143  0.2700 
   00699    0.6450   -2842.6781  0.2805 
   00700    0.6669   -2903.5656  0.3070 
   00701    0.6525   -2877.2006  0.2918 
   00702    0.6494   -2818.4604  0.2893 
   00703    0.6681   -2888.6826  0.2964 
   00704    0.6737   -2844.0184  0.3071 
   00705    0.6606   -2818.2074  0.2974 
   00706    0.6694   -2709.1050  0.2886 
   00707    0.6963   -2753.2288  0.2585 
   00708    0.6606   -2712.7073  0.2696 
   00709    0.6756   -2765.9555  0.2792 
   00710    0.6713   -2788.2502  0.2750 
   00711    0.6562   -2783.2083  0.2916 
   00712    0.6787   -2888.9058  0.2791 
   00713    0.6444   -2849.7907  0.2711 
   00714    0.6694   -2817.7766  0.2693 
   00715    0.6562   -2833.8149  0.2993 
   00716    0.6531   -2767.1426  0.2764 
   00717    0.6863   -2755.0314  0.2693 
   00718    0.6750   -2727.5378  0.2836 
   00719    0.6525   -2622.3748  0.2914 
   00720    0.6781   -2763.1341  0.3012 
   00721    0.6744   -2712.3795  0.2908 
   00722    0.6744   -2743.7853  0.2797 
   00723    0.6581   -2831.3331  0.3002 
   00724    0.6656   -2730.2723  0.2953 
   00725    0.6600   -2817.6945  0.2996 
   00726    0.6725   -2805.7327  0.2942 
   00727    0.6881   -2732.6919  0.2869 
   00728    0.6825   -2735.0304  0.2673 
   00729    0.6625   -2791.8816  0.2771 
   00730    0.6713   -2801.6746  0.2646 
   00731    0.6625   -2741.0387  0.2736 
   00732    0.6644   -2879.0219  0.2560 
   00733    0.6538   -2917.9341  0.2571 
   00734    0.6656   -2896.5260  0.2632 
   00735    0.6538   -2905.8245  0.2570 
   00736    0.6325   -2961.1304  0.2661 
   00737    0.6531   -2882.3806  0.2719 
   00738    0.6488   -2924.5984  0.2757 
   00739    0.6388   -2883.9427  0.2562 
   00740    0.6369   -2874.4156  0.2583 
   00741    0.6687   -2813.8276  0.2543 
   00742    0.6462   -2883.3839  0.2620 
   00743    0.6656   -2858.9473  0.2739 
   00744    0.6562   -2810.0117  0.2909 
   00745    0.6706   -2833.2259  0.3166 
   00746    0.6525   -2766.3040  0.3268 
   00747    0.6850   -2838.8233  0.3147 
   00748    0.6550   -2872.1967  0.3155 
   00749    0.6581   -2810.5857  0.3128 
   00750    0.6644   -2764.8806  0.3309 
   00751    0.6388   -2879.0097  0.3265 
   00752    0.6494   -2829.9379  0.3017 
   00753    0.6725   -2853.0809  0.2965 
   00754    0.6500   -2766.5974  0.2955 
   00755    0.6775   -2766.2021  0.3075 
   00756    0.6462   -2892.2581  0.2922 
   00757    0.6713   -2884.7714  0.2721 
   00758    0.6344   -2909.0496  0.2809 
   00759    0.6575   -2808.6090  0.2763 
   00760    0.6700   -2742.8557  0.2680 
   00761    0.6481   -2834.7059  0.2640 
   00762    0.6650   -2841.1463  0.2710 
   00763    0.6663   -2979.7974  0.2898 
   00764    0.6525   -2847.4713  0.2911 
   00765    0.6575   -2764.9647  0.2945 
   00766    0.6606   -2854.5408  0.2717 
   00767    0.6613   -2833.2013  0.2816 
   00768    0.6619   -2768.6568  0.2711 
   00769    0.6675   -2731.1536  0.2763 
   00770    0.6613   -2791.6613  0.2836 
   00771    0.6544   -2817.2197  0.3038 
   00772    0.6669   -2766.8654  0.3028 
   00773    0.6613   -2913.0754  0.3173 
   00774    0.6438   -2883.1938  0.3058 
   00775    0.6325   -2970.4898  0.3169 
   00776    0.6400   -2899.9954  0.3038 
   00777    0.6669   -2802.3052  0.3020 
   00778    0.6663   -2800.8149  0.2888 
   00779    0.6438   -2853.2048  0.2771 
   00780    0.6369   -2965.9049  0.2795 
   00781    0.6494   -2871.1395  0.2775 
   00782    0.6519   -2791.5790  0.2827 
   00783    0.6519   -2838.8760  0.2990 
   00784    0.6562   -2795.6401  0.3140 
   00785    0.6813   -2803.4142  0.2963 
   00786    0.6512   -2818.0230  0.3071 
   00787    0.6781   -2670.0843  0.3150 
   00788    0.6625   -2703.6543  0.3167 
   00789    0.6763   -2780.0585  0.3150 
   00790    0.6625   -2799.4008  0.3112 
   00791    0.6675   -2784.0640  0.3187 
   00792    0.6750   -2891.7202  0.3046 
   00793    0.6506   -2881.7731  0.2850 
   00794    0.6381   -2898.8491  0.2724 
   00795    0.6462   -2944.7598  0.2841 
   00796    0.6331   -2940.9205  0.2826 
   00797    0.6650   -2839.7933  0.2867 
   00798    0.6731   -2873.3829  0.2833 
   00799    0.6531   -2867.8696  0.2837 
   00800    0.6687   -2827.5382  0.2963 
   00801    0.6606   -2805.4939  0.3041 
   00802    0.6519   -2741.0877  0.2829 
   00803    0.6625   -2637.5215  0.2820 
   00804    0.6813   -2762.3047  0.2933 
   00805    0.6519   -2788.0784  0.2787 
   00806    0.6856   -2763.8063  0.2857 
   00807    0.6581   -2739.8015  0.2792 
   00808    0.6569   -2746.4473  0.2875 
   00809    0.6625   -2811.1127  0.2808 
   00810    0.6544   -2834.2968  0.2870 
   00811    0.6575   -2880.4420  0.2902 
   00812    0.6500   -2883.4889  0.2801 
   00813    0.6544   -2753.4470  0.2801 
   00814    0.6550   -2692.7761  0.2966 
   00815    0.6694   -2867.8559  0.2938 
   00816    0.6744   -2837.8164  0.3114 
   00817    0.6462   -2845.6072  0.2946 
   00818    0.6650   -2713.8778  0.2741 
   00819    0.6550   -2749.3726  0.2763 
   00820    0.6875   -2701.0327  0.2957 
   00821    0.6881   -2828.0304  0.2813 
   00822    0.6731   -2718.3710  0.2998 
   00823    0.6719   -2797.5389  0.2864 
   00824    0.6725   -2883.3160  0.2913 
   00825    0.6744   -2863.3586  0.2796 
   00826    0.6625   -2927.0519  0.2655 
   00827    0.6687   -2836.9307  0.2587 
   00828    0.6500   -2768.0368  0.2601 
   00829    0.6687   -2839.8938  0.2791 
   00830    0.6569   -2879.6094  0.2924 
   00831    0.6656   -2836.1682  0.2950 
   00832    0.6506   -2894.9196  0.3112 
   00833    0.6562   -2955.7645  0.3047 
   00834    0.6600   -2949.5039  0.2891 
   00835    0.6769   -2819.2515  0.2840 
   00836    0.6425   -2852.7551  0.2988 
   00837    0.6550   -2789.9272  0.2806 
   00838    0.6587   -2784.2081  0.2853 
   00839    0.6531   -2829.3971  0.2530 
   00840    0.6356   -2780.3829  0.2577 
   00841    0.6338   -2852.6079  0.2778 
   00842    0.6319   -2765.2527  0.2914 
   00843    0.6763   -2723.3606  0.2813 
   00844    0.6675   -2802.1116  0.2963 
   00845    0.6769   -2781.5451  0.3126 
   00846    0.6525   -2957.2633  0.3377 
   00847    0.6450   -2798.5238  0.3101 
   00848    0.6769   -2784.8978  0.3009 
   00849    0.6531   -2808.6611  0.2782 
   00850    0.6569   -2766.5236  0.2773 
   00851    0.6644   -2865.2140  0.2616 
   00852    0.6694   -2752.2503  0.2908 
   00853    0.6744   -2810.2479  0.2812 
   00854    0.6669   -2775.6290  0.2693 
   00855    0.6656   -2754.7732  0.2738 
   00856    0.6913   -2707.7042  0.2791 
   00857    0.6613   -2770.7348  0.2713 
   00858    0.6494   -2697.9828  0.2554 
   00859    0.6744   -2738.3507  0.2561 
   00860    0.6706   -2805.1065  0.2547 
   00861    0.6362   -2873.8953  0.2626 
   00862    0.6500   -2822.2638  0.2673 
   00863    0.6687   -2706.7559  0.2660 
   00864    0.6713   -2792.1655  0.2794 
   00865    0.6687   -2765.7081  0.2660 
   00866    0.6581   -2780.7149  0.2610 
   00867    0.6625   -2851.4435  0.2573 
   00868    0.6750   -2716.8473  0.2639 
   00869    0.6956   -2693.8619  0.2699 
   00870    0.6625   -2762.5230  0.2683 
   00871    0.6644   -2807.4868  0.2628 
   00872    0.6519   -2832.7390  0.2596 
   00873    0.6556   -2797.6244  0.2691 
   00874    0.6594   -2817.2231  0.2772 
   00875    0.6831   -2860.2945  0.2588 
   00876    0.6700   -2892.6316  0.2667 
   00877    0.6269   -2817.2170  0.2593 
   00878    0.6587   -2846.1058  0.2750 
   00879    0.6637   -2765.1471  0.2794 
   00880    0.6644   -2728.9577  0.2929 
   00881    0.6694   -2846.9745  0.2964 
   00882    0.6425   -2836.7550  0.2782 
   00883    0.6731   -2799.9809  0.2893 
   00884    0.6694   -2749.0053  0.2770 
   00885    0.6525   -2792.1104  0.2844 
   00886    0.6619   -2782.4613  0.2836 
   00887    0.6587   -2633.3424  0.2810 
   00888    0.6669   -2657.9405  0.2866 
   00889    0.6694   -2812.0996  0.2917 
   00890    0.6475   -2824.1471  0.2702 
   00891    0.6475   -2784.3929  0.2759 
   00892    0.6713   -2930.6604  0.2882 
   00893    0.6544   -2801.1945  0.2860 
   00894    0.6606   -2881.5416  0.2639 
   00895    0.6700   -2884.5972  0.2836 
   00896    0.6362   -2895.3328  0.2894 
   00897    0.6713   -2831.3633  0.3089 
   00898    0.6581   -2886.8140  0.2954 
   00899    0.6725   -2876.8965  0.2937 
   00900    0.6575   -2837.1957  0.2837 
   00901    0.6619   -2851.8753  0.2684 
   00902    0.6775   -2895.5874  0.2699 
   00903    0.6613   -2933.0473  0.2923 
   00904    0.6488   -2915.4106  0.2847 
   00905    0.6606   -2823.0198  0.3053 
   00906    0.6694   -2709.1094  0.3158 
   00907    0.6644   -2706.2099  0.3119 
   00908    0.6569   -2728.2561  0.2994 
   00909    0.6569   -2790.4662  0.2939 
   00910    0.6787   -2819.6974  0.2956 
   00911    0.6512   -2894.9122  0.2927 
   00912    0.6381   -2929.8120  0.2601 
   00913    0.6325   -2786.2617  0.2711 
   00914    0.6681   -2859.7073  0.2655 
   00915    0.6494   -2843.6244  0.2518 
   00916    0.6438   -2829.5790  0.2749 
   00917    0.6531   -2837.3309  0.2697 
   00918    0.6675   -2855.5884  0.2544 
   00919    0.6719   -2812.6167  0.2675 
   00920    0.6637   -2864.9461  0.2694 
   00921    0.6550   -2867.6345  0.2581 
   00922    0.6488   -2922.0477  0.2625 
   00923    0.6444   -2895.5885  0.2706 
   00924    0.6531   -2829.4568  0.2900 
   00925    0.6613   -2786.6898  0.2887 
   00926    0.6675   -2731.3991  0.2717 
   00927    0.6512   -2834.5853  0.2692 
   00928    0.6625   -2833.5806  0.2763 
   00929    0.6719   -2895.5994  0.2669 
   00930    0.6400   -2844.5453  0.2704 
   00931    0.6569   -2823.4942  0.2760 
   00932    0.6587   -2839.6508  0.2845 
   00933    0.6581   -2845.9962  0.2819 
   00934    0.6600   -2808.2386  0.2699 
   00935    0.6569   -2803.3719  0.2757 
   00936    0.6706   -2772.6016  0.2702 
   00937    0.6462   -2782.4521  0.2550 
   00938    0.6544   -2867.0760  0.2617 
   00939    0.6575   -2835.8299  0.2717 
   00940    0.6494   -2799.2060  0.2789 
   00941    0.6312   -2734.8135  0.2812 
   00942    0.6681   -2683.8964  0.2765 
   00943    0.6775   -2808.8162  0.2796 
   00944    0.6456   -2916.4166  0.2848 
   00945    0.6306   -2990.7416  0.2691 
   00946    0.6488   -3033.0891  0.2696 
   00947    0.6225   -2938.1235  0.2842 
   00948    0.6625   -2940.4413  0.2955 
   00949    0.6669   -2814.5834  0.2824 
   00950    0.6381   -2779.7045  0.2824 
   00951    0.6469   -2808.4456  0.3092 
   00952    0.6631   -2714.7230  0.3121 
   00953    0.6881   -2819.1045  0.3240 
   00954    0.6763   -2792.5836  0.2964 
   00955    0.6825   -2818.5698  0.2945 
   00956    0.6619   -2845.2274  0.2956 
   00957    0.6644   -2846.1423  0.3143 
   00958    0.6481   -2817.7842  0.3141 
   00959    0.6719   -2772.0496  0.3302 
   00960    0.6494   -2807.0340  0.3053 
   00961    0.6406   -2908.7184  0.3252 
   00962    0.6775   -2837.0611  0.3249 
   00963    0.6656   -2765.5691  0.3003 
   00964    0.6619   -2930.3776  0.2958 
   00965    0.6581   -2774.9954  0.2913 
   00966    0.6538   -2782.6194  0.2862 
   00967    0.6781   -2740.2757  0.2688 
   00968    0.6581   -2904.2254  0.2619 
   00969    0.6462   -2908.8575  0.2666 
   00970    0.6431   -2865.2477  0.2822 
   00971    0.6637   -2811.6906  0.2704 
   00972    0.6581   -2814.4267  0.2802 
   00973    0.6512   -2760.0802  0.2934 
   00974    0.6550   -2741.4232  0.2916 
   00975    0.6538   -2834.2577  0.3038 
   00976    0.6775   -2775.6573  0.2990 
   00977    0.6956   -2739.4025  0.3072 
   00978    0.6769   -2733.2319  0.3001 
   00979    0.6706   -2781.0436  0.2984 
   00980    0.6444   -2856.2439  0.3067 
   00981    0.6500   -2773.1147  0.3138 
   00982    0.6644   -2747.9164  0.3213 
   00983    0.6637   -2764.5086  0.3117 
   00984    0.6544   -2810.7468  0.3269 
   00985    0.6575   -2897.4394  0.3193 
   00986    0.6331   -2890.1514  0.3158 
   00987    0.6469   -2829.2940  0.3115 
   00988    0.6512   -2969.4085  0.2992 
   00989    0.6488   -2872.7852  0.2862 
   00990    0.6488   -2842.4094  0.2865 
   00991    0.6594   -2946.9281  0.2840 
   00992    0.6481   -2955.5464  0.2685 
   00993    0.6431   -2925.9957  0.2768 
   00994    0.6481   -2975.0939  0.2727 
   00995    0.6613   -2877.9499  0.2847 
   00996    0.6731   -2746.7109  0.2947 
   00997    0.6500   -2822.6592  0.2862 
   00998    0.6594   -2769.6498  0.2726 
   00999    0.6419   -2757.0160  0.2866 
   01000    0.6687   -2840.5862  0.2767 
