#=====================================================
# File created:        Mon-06-Nov-2023-at-11-14-49AM
# Size of lattice:     60x60
# Number of MC steps:  1000
# Reduced temperature: 0.200
# Run time (s):        84.439543
#=====================================================
# MC step:  Ratio:     Energy:   Order:
#=====================================================
   00000    0.5000   -3727.2988  0.2571 
   00001    0.6211   -3985.9765  0.2553 
   00002    0.6367   -4249.8256  0.2583 
   00003    0.6422   -4530.4993  0.2589 
   00004    0.6078   -4778.9852  0.2621 
   00005    0.5978   -5016.0110  0.2612 
   00006    0.5978   -5281.1289  0.2624 
   00007    0.5933   -5474.2215  0.2644 
   00008    0.6011   -5727.6566  0.2651 
   00009    0.6044   -5944.6612  0.2645 
   00010    0.6122   -6152.7682  0.2614 
   00011    0.5722   -6312.4246  0.2626 
   00012    0.5956   -6502.2996  0.2648 
   00013    0.5833   -6680.9928  0.2663 
   00014    0.5600   -6848.1524  0.2680 
   00015    0.5778   -7008.4222  0.2675 
   00016    0.5544   -7152.8837  0.2685 
   00017    0.5644   -7346.1700  0.2697 
   00018    0.5744   -7494.4456  0.2676 
   00019    0.5344   -7664.7590  0.2710 
   00020    0.5378   -7786.0884  0.2724 
   00021    0.5478   -7926.5509  0.2728 
   00022    0.5389   -8059.4122  0.2748 
   00023    0.5444   -8180.7400  0.2766 
   00024    0.5400   -8290.9191  0.2779 
   00025    0.5656   -8429.9886  0.2775 
   00026    0.5322   -8539.7620  0.2774 
   00027    0.5056   -8638.3343  0.2756 
   00028    0.5378   -8788.0095  0.2736 
   00029    0.5300   -8901.3577  0.2714 
   00030    0.5122   -8989.1706  0.2721 
   00031    0.5444   -9088.6542  0.2717 
   00032    0.5367   -9212.3750  0.2750 
   00033    0.5278   -9308.6936  0.2756 
   00034    0.5511   -9401.7014  0.2744 
   00035    0.5167   -9481.3386  0.2763 
   00036    0.5322   -9579.4095  0.2762 
   00037    0.5167   -9649.0642  0.2775 
   00038    0.5111   -9727.6855  0.2788 
   00039    0.4978   -9825.1361  0.2802 
   00040    0.4944   -9893.6643  0.2814 
   00041    0.5133   -9975.3924  0.2829 
   00042    0.4767  -10051.2840  0.2829 
   00043    0.5189  -10085.9533  0.2817 
   00044    0.5111  -10152.3260  0.2807 
   00045    0.5167  -10235.8333  0.2831 
   00046    0.5078  -10298.0174  0.2822 
   00047    0.5333  -10361.5325  0.2849 
   00048    0.5122  -10432.9669  0.2836 
   00049    0.5056  -10467.5122  0.2854 
   00050    0.4933  -10526.9896  0.2853 
   00051    0.5189  -10578.2866  0.2871 
   00052    0.5222  -10647.9148  0.2855 
   00053    0.4900  -10700.1701  0.2854 
   00054    0.4800  -10757.5287  0.2851 
   00055    0.4800  -10811.3432  0.2870 
   00056    0.5022  -10863.3961  0.2872 
   00057    0.5011  -10921.2081  0.2867 
   00058    0.4578  -10959.5207  0.2864 
   00059    0.5189  -10990.8918  0.2869 
   00060    0.4778  -11035.8832  0.2890 
   00061    0.4922  -11084.3853  0.2893 
   00062    0.4667  -11138.5213  0.2888 
   00063    0.4578  -11172.6461  0.2902 
   00064    0.4989  -11219.1005  0.2905 
   00065    0.4667  -11257.3395  0.2891 
   00066    0.4778  -11290.0228  0.2888 
   00067    0.4644  -11321.5695  0.2921 
   00068    0.4856  -11356.6874  0.2912 
   00069    0.4900  -11387.4566  0.2884 
   00070    0.4833  -11428.7471  0.2896 
   00071    0.4933  -11465.5129  0.2889 
   00072    0.4822  -11496.3474  0.2886 
   00073    0.4778  -11514.1581  0.2886 
   00074    0.4678  -11527.9956  0.2904 
   00075    0.4878  -11558.5496  0.2897 
   00076    0.4589  -11570.0359  0.2921 
   00077    0.4700  -11597.7228  0.2931 
   00078    0.4744  -11611.1089  0.2921 
   00079    0.4633  -11653.0124  0.2907 
   00080    0.4611  -11684.7228  0.2893 
   00081    0.4667  -11703.2281  0.2900 
   00082    0.4722  -11728.7504  0.2905 
   00083    0.4544  -11752.1464  0.2894 
   00084    0.4833  -11780.9397  0.2886 
   00085    0.4733  -11776.9267  0.2880 
   00086    0.4600  -11791.7081  0.2885 
   00087    0.4689  -11826.2053  0.2877 
   00088    0.4456  -11845.2151  0.2875 
   00089    0.4622  -11860.5640  0.2882 
   00090    0.4578  -11886.3523  0.2878 
   00091    0.4422  -11892.7493  0.2905 
   00092    0.4622  -11912.8499  0.2893 
   00093    0.4656  -11933.1857  0.2881 
   00094    0.4656  -11960.6775  0.2855 
   00095    0.4700  -11985.5574  0.2858 
   00096    0.4467  -11990.1175  0.2866 
   00097    0.4656  -12014.4072  0.2868 
   00098    0.4778  -12036.7906  0.2875 
   00099    0.4700  -12044.6882  0.2871 
   00100    0.4722  -12060.7997  0.2886 
   00101    0.4767  -12085.8454  0.2900 
   00102    0.4533  -12102.9439  0.2906 
   00103    0.4700  -12114.3719  0.2909 
   00104    0.4600  -12138.1441  0.2907 
   00105    0.4733  -12158.5293  0.2929 
   00106    0.4444  -12172.5475  0.2931 
   00107    0.4733  -12187.7671  0.2914 
   00108    0.4578  -12200.3015  0.2914 
   00109    0.4944  -12224.3107  0.2936 
   00110    0.4833  -12243.3525  0.2945 
   00111    0.4489  -12236.3946  0.2945 
   00112    0.4356  -12238.3614  0.2950 
   00113    0.4556  -12256.7888  0.2969 
   00114    0.4911  -12248.9083  0.2976 
   00115    0.4367  -12267.4323  0.2985 
   00116    0.4500  -12260.9676  0.3003 
   00117    0.4533  -12283.5011  0.3015 
   00118    0.4622  -12301.1746  0.3005 
   00119    0.4478  -12306.3062  0.2989 
   00120    0.4678  -12313.9745  0.2987 
   00121    0.4467  -12336.4437  0.2987 
   00122    0.4589  -12338.7111  0.2979 
   00123    0.4711  -12353.8123  0.2979 
   00124    0.4467  -12362.8201  0.2987 
   00125    0.4778  -12374.1568  0.2988 
   00126    0.4744  -12377.4829  0.2991 
   00127    0.4422  -12376.3549  0.2995 
   00128    0.4311  -12376.4687  0.2995 
   00129    0.4211  -12385.5616  0.3031 
   00130    0.4511  -12392.7815  0.3025 
   00131    0.4256  -12396.8471  0.3024 
   00132    0.4378  -12407.7149  0.3017 
   00133    0.4500  -12404.1096  0.3000 
   00134    0.4700  -12414.7003  0.3006 
   00135    0.4389  -12415.9867  0.2993 
   00136    0.4533  -12413.9862  0.3005 
   00137    0.4500  -12425.3055  0.3019 
   00138    0.4467  -12428.8804  0.3031 
   00139    0.4467  -12435.5057  0.3034 
   00140    0.4644  -12449.5994  0.3043 
   00141    0.4644  -12462.2439  0.3057 
   00142    0.4556  -12464.9748  0.3062 
   00143    0.4556  -12482.5128  0.3057 
   00144    0.4456  -12486.5995  0.3057 
   00145    0.4444  -12486.6378  0.3060 
   00146    0.4622  -12493.6473  0.3060 
   00147    0.4500  -12495.4634  0.3074 
   00148    0.4767  -12518.5156  0.3080 
   00149    0.4911  -12526.9255  0.3074 
   00150    0.4544  -12543.5496  0.3042 
   00151    0.4678  -12545.0527  0.3053 
   00152    0.4189  -12545.3710  0.3061 
   00153    0.4244  -12545.0432  0.3065 
   00154    0.4800  -12549.0587  0.3053 
   00155    0.4511  -12553.8771  0.3047 
   00156    0.4500  -12558.1958  0.3051 
   00157    0.4433  -12565.3450  0.3056 
   00158    0.4456  -12565.2381  0.3044 
   00159    0.4411  -12572.8014  0.3023 
   00160    0.4578  -12580.8581  0.3026 
   00161    0.4500  -12592.5148  0.3047 
   00162    0.4211  -12595.7692  0.3056 
   00163    0.4078  -12604.6483  0.3064 
   00164    0.4878  -12617.3074  0.3068 
   00165    0.4789  -12623.1247  0.3050 
   00166    0.4956  -12627.0759  0.3051 
   00167    0.4211  -12639.2965  0.3054 
   00168    0.4256  -12647.6214  0.3050 
   00169    0.4533  -12665.0253  0.3057 
   00170    0.4578  -12659.7395  0.3059 
   00171    0.4633  -12668.3382  0.3050 
   00172    0.4111  -12674.5543  0.3059 
   00173    0.4667  -12689.7052  0.3066 
   00174    0.4467  -12691.2780  0.3063 
   00175    0.4133  -12698.8490  0.3074 
   00176    0.4589  -12704.3852  0.3090 
   00177    0.4567  -12707.9626  0.3081 
   00178    0.4533  -12725.5582  0.3079 
   00179    0.4244  -12723.4976  0.3077 
   00180    0.4356  -12722.7798  0.3085 
   00181    0.4422  -12733.7698  0.3075 
   00182    0.4578  -12731.0871  0.3066 
   00183    0.4578  -12725.3470  0.3063 
   00184    0.4344  -12729.4134  0.3069 
   00185    0.4333  -12723.7322  0.3081 
   00186    0.4222  -12717.6741  0.3075 
   00187    0.4622  -12710.3196  0.3076 
   00188    0.4500  -12717.5199  0.3089 
   00189    0.4333  -12720.1618  0.3081 
   00190    0.4311  -12724.3710  0.3071 
   00191    0.4400  -12728.9022  0.3072 
   00192    0.4633  -12731.5032  0.3088 
   00193    0.4633  -12730.3768  0.3082 
   00194    0.4544  -12732.1658  0.3062 
   00195    0.4433  -12733.8972  0.3060 
   00196    0.4556  -12741.6671  0.3056 
   00197    0.4456  -12740.3914  0.3053 
   00198    0.4689  -12735.2183  0.3044 
   00199    0.4533  -12733.6500  0.3038 
   00200    0.4533  -12740.3480  0.3054 
   00201    0.4322  -12751.3164  0.3068 
   00202    0.4400  -12754.8829  0.3097 
   00203    0.4533  -12761.0194  0.3099 
   00204    0.4478  -12763.9487  0.3079 
   00205    0.4267  -12768.9626  0.3076 
   00206    0.4089  -12778.3514  0.3072 
   00207    0.4322  -12784.1650  0.3088 
   00208    0.4678  -12785.1640  0.3077 
   00209    0.4844  -12780.1211  0.3091 
   00210    0.4489  -12790.6818  0.3089 
   00211    0.4333  -12806.3906  0.3108 
   00212    0.4422  -12804.4288  0.3121 
   00213    0.4578  -12812.5424  0.3119 
   00214    0.4522  -12812.0780  0.3111 
   00215    0.4333  -12820.7730  0.3111 
   00216    0.4489  -12817.6998  0.3106 
   00217    0.4822  -12820.6317  0.3103 
   00218    0.4322  -12824.3457  0.3105 
   00219    0.4344  -12831.4786  0.3103 
   00220    0.4700  -12827.5255  0.3124 
   00221    0.4489  -12833.4949  0.3120 
   00222    0.4589  -12834.9670  0.3115 
   00223    0.4422  -12831.7358  0.3116 
   00224    0.4067  -12834.7632  0.3119 
   00225    0.4378  -12833.4761  0.3119 
   00226    0.4444  -12839.5545  0.3119 
   00227    0.4444  -12844.2312  0.3109 
   00228    0.4522  -12847.3287  0.3094 
   00229    0.4267  -12850.3972  0.3096 
   00230    0.4467  -12840.9190  0.3102 
   00231    0.4356  -12856.1976  0.3099 
   00232    0.4411  -12861.5871  0.3090 
   00233    0.4411  -12868.6784  0.3092 
   00234    0.4589  -12871.1362  0.3068 
   00235    0.4489  -12867.9914  0.3057 
   00236    0.4411  -12878.0688  0.3062 
   00237    0.4556  -12879.0112  0.3070 
   00238    0.4289  -12884.3172  0.3052 
   00239    0.4478  -12905.1223  0.3051 
   00240    0.4700  -12902.4451  0.3040 
   00241    0.4333  -12894.6124  0.3054 
   00242    0.4433  -12895.7101  0.3040 
   00243    0.4489  -12895.7916  0.3034 
   00244    0.4311  -12898.7925  0.3038 
   00245    0.4267  -12888.9045  0.3051 
   00246    0.4333  -12897.8373  0.3043 
   00247    0.4578  -12895.0280  0.3040 
   00248    0.4678  -12898.9633  0.3042 
   00249    0.4433  -12906.4106  0.3039 
   00250    0.4522  -12900.0992  0.3043 
   00251    0.4500  -12900.9187  0.3045 
   00252    0.4278  -12901.5381  0.3044 
   00253    0.4522  -12911.7673  0.3023 
   00254    0.4200  -12907.3653  0.3023 
   00255    0.4544  -12915.7237  0.3016 
   00256    0.4733  -12915.6539  0.3022 
   00257    0.4322  -12913.8868  0.3035 
   00258    0.4611  -12920.9180  0.3040 
   00259    0.4533  -12921.5764  0.3037 
   00260    0.4211  -12902.9759  0.3044 
   00261    0.4544  -12901.0985  0.3041 
   00262    0.4456  -12905.7035  0.3032 
   00263    0.4600  -12910.3206  0.3023 
   00264    0.4311  -12917.5803  0.3027 
   00265    0.4211  -12914.6684  0.3035 
   00266    0.4356  -12924.0249  0.3038 
   00267    0.4822  -12931.0361  0.3031 
   00268    0.4311  -12929.7957  0.3024 
   00269    0.4367  -12950.9558  0.3036 
   00270    0.4133  -12946.6808  0.3046 
   00271    0.4333  -12941.2537  0.3040 
   00272    0.4644  -12941.9337  0.3029 
   00273    0.4433  -12941.1824  0.3036 
   00274    0.4489  -12948.3233  0.3025 
   00275    0.4256  -12952.1884  0.3022 
   00276    0.4511  -12951.2688  0.3030 
   00277    0.4633  -12953.4874  0.3021 
   00278    0.4478  -12953.8494  0.3031 
   00279    0.4278  -12964.1732  0.3039 
   00280    0.4678  -12959.3993  0.3044 
   00281    0.4356  -12963.6522  0.3056 
   00282    0.4489  -12970.7193  0.3062 
   00283    0.4478  -12954.5862  0.3067 
   00284    0.4500  -12950.3028  0.3076 
   00285    0.4311  -12954.6683  0.3078 
   00286    0.4533  -12953.9353  0.3084 
   00287    0.4167  -12961.9694  0.3085 
   00288    0.4422  -12962.0250  0.3067 
   00289    0.4444  -12963.3228  0.3080 
   00290    0.4522  -12965.1701  0.3084 
   00291    0.4489  -12964.4862  0.3083 
   00292    0.4467  -12956.4345  0.3084 
   00293    0.4511  -12956.1248  0.3093 
   00294    0.4700  -12966.2991  0.3072 
   00295    0.4333  -12971.6166  0.3063 
   00296    0.4278  -12979.7626  0.3062 
   00297    0.4200  -12979.3400  0.3049 
   00298    0.4444  -12977.3203  0.3048 
   00299    0.4756  -12975.7997  0.3046 
   00300    0.4556  -12982.3546  0.3031 
   00301    0.4578  -12978.5843  0.3018 
   00302    0.4433  -12978.0000  0.3036 
   00303    0.4533  -12988.4908  0.3035 
   00304    0.4667  -12985.9503  0.3043 
   00305    0.4778  -12992.7720  0.3038 
   00306    0.4689  -13001.1304  0.3039 
   00307    0.4289  -13011.1142  0.3043 
   00308    0.4489  -13011.5938  0.3038 
   00309    0.4589  -13009.9664  0.3050 
   00310    0.4389  -13020.3027  0.3044 
   00311    0.4544  -13029.8455  0.3041 
   00312    0.4233  -13034.7155  0.3046 
   00313    0.4711  -13044.6957  0.3049 
   00314    0.4578  -13042.9383  0.3058 
   00315    0.4456  -13050.6460  0.3071 
   00316    0.4444  -13049.6229  0.3072 
   00317    0.4522  -13052.1080  0.3078 
   00318    0.4333  -13045.1803  0.3065 
   00319    0.4489  -13039.0663  0.3074 
   00320    0.4200  -13054.1128  0.3076 
   00321    0.4578  -13045.2935  0.3078 
   00322    0.4567  -13042.5947  0.3072 
   00323    0.4356  -13037.2106  0.3078 
   00324    0.4444  -13046.5067  0.3078 
   00325    0.4600  -13046.8507  0.3082 
   00326    0.4500  -13053.5507  0.3079 
   00327    0.4456  -13042.9980  0.3085 
   00328    0.4389  -13061.3811  0.3091 
   00329    0.4256  -13065.4574  0.3079 
   00330    0.4589  -13070.5551  0.3078 
   00331    0.4400  -13083.1083  0.3062 
   00332    0.4822  -13072.7992  0.3072 
   00333    0.4400  -13072.0141  0.3061 
   00334    0.4500  -13073.0050  0.3066 
   00335    0.4544  -13061.6401  0.3059 
   00336    0.4656  -13050.7025  0.3063 
   00337    0.4600  -13060.5534  0.3065 
   00338    0.4622  -13066.4920  0.3054 
   00339    0.4256  -13079.6236  0.3068 
   00340    0.4244  -13080.6903  0.3058 
   00341    0.4256  -13080.5057  0.3061 
   00342    0.4411  -13072.5923  0.3048 
   00343    0.4344  -13066.5003  0.3063 
   00344    0.4578  -13067.3287  0.3081 
   00345    0.4456  -13069.7232  0.3077 
   00346    0.4822  -13072.7554  0.3065 
   00347    0.4289  -13083.6169  0.3064 
   00348    0.4500  -13082.0642  0.3077 
   00349    0.4444  -13083.7077  0.3081 
   00350    0.4356  -13081.1233  0.3077 
   00351    0.4244  -13073.5956  0.3069 
   00352    0.3978  -13072.7377  0.3070 
   00353    0.4300  -13077.0362  0.3060 
   00354    0.4333  -13086.5821  0.3072 
   00355    0.4344  -13078.8793  0.3074 
   00356    0.4444  -13081.3162  0.3070 
   00357    0.4289  -13079.7706  0.3082 
   00358    0.4689  -13075.8780  0.3072 
   00359    0.4422  -13081.9501  0.3077 
   00360    0.4433  -13080.9992  0.3074 
   00361    0.4389  -13082.5241  0.3066 
   00362    0.4044  -13072.2794  0.3055 
   00363    0.4633  -13088.0708  0.3059 
   00364    0.4478  -13091.5477  0.3069 
   00365    0.4633  -13088.6955  0.3079 
   00366    0.4033  -13089.1471  0.3090 
   00367    0.4422  -13097.2755  0.3085 
   00368    0.4467  -13082.2305  0.3084 
   00369    0.4444  -13086.2939  0.3086 
   00370    0.4533  -13092.0051  0.3075 
   00371    0.4356  -13100.5224  0.3076 
   00372    0.4289  -13106.2991  0.3085 
   00373    0.4489  -13113.4138  0.3077 
   00374    0.4433  -13116.5751  0.3064 
   00375    0.4356  -13107.0140  0.3076 
   00376    0.4433  -13111.7368  0.3079 
   00377    0.4878  -13122.2905  0.3079 
   00378    0.4667  -13127.8221  0.3078 
   00379    0.4589  -13130.8109  0.3080 
   00380    0.4344  -13127.3274  0.3084 
   00381    0.4278  -13128.3569  0.3085 
   00382    0.4544  -13116.6508  0.3072 
   00383    0.4356  -13122.9946  0.3072 
   00384    0.4522  -13112.4748  0.3065 
   00385    0.4200  -13106.5129  0.3054 
   00386    0.4344  -13105.2395  0.3056 
   00387    0.4422  -13100.0351  0.3056 
   00388    0.4511  -13098.6806  0.3064 
   00389    0.4178  -13092.5199  0.3059 
   00390    0.4400  -13090.3833  0.3061 
   00391    0.4633  -13089.9233  0.3074 
   00392    0.4578  -13097.9003  0.3071 
   00393    0.4500  -13097.7376  0.3094 
   00394    0.4389  -13105.3522  0.3091 
   00395    0.4222  -13103.0243  0.3086 
   00396    0.4278  -13108.6936  0.3075 
   00397    0.4244  -13120.6877  0.3075 
   00398    0.4344  -13116.2603  0.3080 
   00399    0.4456  -13120.3097  0.3080 
   00400    0.4122  -13127.6996  0.3067 
   00401    0.4344  -13127.6544  0.3066 
   00402    0.4333  -13126.3738  0.3071 
   00403    0.4289  -13128.1438  0.3076 
   00404    0.4267  -13134.3306  0.3067 
   00405    0.4522  -13126.9180  0.3036 
   00406    0.4567  -13127.7547  0.3033 
   00407    0.4278  -13139.3620  0.3042 
   00408    0.4244  -13140.7984  0.3053 
   00409    0.4589  -13137.5292  0.3061 
   00410    0.4456  -13119.4610  0.3055 
   00411    0.4567  -13113.9621  0.3065 
   00412    0.4411  -13107.7995  0.3053 
   00413    0.4500  -13101.2814  0.3036 
   00414    0.4489  -13104.6440  0.3043 
   00415    0.4278  -13110.8026  0.3038 
   00416    0.4211  -13114.4317  0.3043 
   00417    0.4367  -13116.8911  0.3028 
   00418    0.4533  -13118.8269  0.3027 
   00419    0.4622  -13119.4653  0.3029 
   00420    0.4467  -13130.6935  0.3038 
   00421    0.4533  -13135.3307  0.3054 
   00422    0.4178  -13115.4653  0.3058 
   00423    0.4511  -13119.3176  0.3060 
   00424    0.4467  -13130.7827  0.3047 
   00425    0.4811  -13137.9629  0.3061 
   00426    0.4156  -13133.2075  0.3037 
   00427    0.4378  -13132.1282  0.3024 
   00428    0.4444  -13146.5515  0.3013 
   00429    0.4211  -13148.3561  0.3012 
   00430    0.4311  -13141.5276  0.3012 
   00431    0.4278  -13139.8032  0.2990 
   00432    0.4422  -13145.6132  0.2991 
   00433    0.4744  -13142.6478  0.2978 
   00434    0.4467  -13142.8059  0.2993 
   00435    0.4444  -13151.1489  0.3005 
   00436    0.4511  -13144.9329  0.3019 
   00437    0.4122  -13135.1851  0.3014 
   00438    0.4644  -13135.6664  0.3009 
   00439    0.4400  -13133.4862  0.2990 
   00440    0.4000  -13132.0924  0.2972 
   00441    0.4356  -13129.2148  0.2981 
   00442    0.4356  -13115.2271  0.2973 
   00443    0.4700  -13114.3476  0.2988 
   00444    0.4400  -13126.3190  0.3006 
   00445    0.4389  -13134.3781  0.3010 
   00446    0.4267  -13126.3344  0.3005 
   00447    0.4489  -13123.3082  0.3014 
   00448    0.4389  -13130.7181  0.3025 
   00449    0.4633  -13136.1501  0.3028 
   00450    0.4533  -13130.8491  0.3014 
   00451    0.4433  -13136.9244  0.3000 
   00452    0.4333  -13138.3493  0.2993 
   00453    0.4633  -13151.2750  0.2996 
   00454    0.4089  -13149.7856  0.3011 
   00455    0.4422  -13148.5517  0.3013 
   00456    0.4433  -13151.1443  0.3022 
   00457    0.4256  -13153.1150  0.3029 
   00458    0.4244  -13156.2241  0.3038 
   00459    0.4578  -13154.6233  0.3040 
   00460    0.4511  -13151.9217  0.3037 
   00461    0.4722  -13158.3165  0.3043 
   00462    0.4467  -13152.3198  0.3051 
   00463    0.4667  -13145.2219  0.3050 
   00464    0.4133  -13146.8977  0.3053 
   00465    0.4611  -13150.8232  0.3068 
   00466    0.4256  -13149.2533  0.3055 
   00467    0.4511  -13161.1312  0.3043 
   00468    0.4378  -13157.1265  0.3040 
   00469    0.4289  -13151.8572  0.3023 
   00470    0.4433  -13150.4577  0.3033 
   00471    0.4511  -13147.6461  0.3046 
   00472    0.4322  -13149.7256  0.3056 
   00473    0.4322  -13145.2392  0.3047 
   00474    0.4378  -13136.7980  0.3056 
   00475    0.4489  -13128.9031  0.3060 
   00476    0.4533  -13123.5514  0.3045 
   00477    0.4400  -13127.0507  0.3046 
   00478    0.4611  -13124.7739  0.3048 
   00479    0.4789  -13128.6555  0.3071 
   00480    0.4222  -13134.1361  0.3081 
   00481    0.4711  -13132.4131  0.3098 
   00482    0.4289  -13132.6625  0.3096 
   00483    0.4644  -13142.5235  0.3098 
   00484    0.4300  -13160.4655  0.3088 
   00485    0.4222  -13152.0231  0.3096 
   00486    0.4289  -13152.9596  0.3107 
   00487    0.4333  -13156.1058  0.3115 
   00488    0.4400  -13156.8658  0.3114 
   00489    0.4533  -13151.6638  0.3113 
   00490    0.4467  -13141.9441  0.3107 
   00491    0.4044  -13133.2827  0.3093 
   00492    0.4322  -13144.8310  0.3073 
   00493    0.4400  -13148.1221  0.3075 
   00494    0.4244  -13145.5910  0.3072 
   00495    0.4378  -13151.6051  0.3061 
   00496    0.4444  -13153.0402  0.3061 
   00497    0.4556  -13161.1658  0.3066 
   00498    0.4644  -13150.2602  0.3061 
   00499    0.4489  -13147.6497  0.3057 
   00500    0.4533  -13160.4274  0.3064 
   00501    0.4200  -13157.2439  0.3075 
   00502    0.4689  -13159.6071  0.3076 
   00503    0.4533  -13153.5259  0.3060 
   00504    0.4444  -13152.7936  0.3055 
   00505    0.4567  -13156.0311  0.3056 
   00506    0.4578  -13163.5833  0.3057 
   00507    0.4356  -13155.9778  0.3043 
   00508    0.4456  -13157.9447  0.3040 
   00509    0.4056  -13158.3127  0.3041 
   00510    0.4256  -13153.9830  0.3042 
   00511    0.4433  -13152.9663  0.3047 
   00512    0.4289  -13143.8720  0.3041 
   00513    0.4478  -13137.2954  0.3024 
   00514    0.4456  -13139.5110  0.3020 
   00515    0.4189  -13140.4456  0.3010 
   00516    0.4522  -13132.2551  0.2992 
   00517    0.4689  -13139.8571  0.2998 
   00518    0.4444  -13135.2100  0.2988 
   00519    0.4444  -13144.1282  0.3000 
   00520    0.4211  -13164.0334  0.2994 
   00521    0.4333  -13159.3221  0.3006 
   00522    0.4200  -13162.7264  0.2995 
   00523    0.4400  -13161.2160  0.2991 
   00524    0.4278  -13161.9809  0.2985 
   00525    0.4111  -13162.9895  0.2986 
   00526    0.4400  -13165.6485  0.2988 
   00527    0.4156  -13158.2554  0.2981 
   00528    0.4533  -13156.4896  0.3003 
   00529    0.4367  -13159.9617  0.3014 
   00530    0.4600  -13164.0540  0.3013 
   00531    0.4467  -13163.9107  0.3028 
   00532    0.4178  -13162.2026  0.3047 
   00533    0.4356  -13173.0178  0.3049 
   00534    0.4489  -13176.1121  0.3044 
   00535    0.4533  -13177.4668  0.3062 
   00536    0.4422  -13170.3229  0.3057 
   00537    0.4367  -13170.9203  0.3060 
   00538    0.4456  -13172.5128  0.3066 
   00539    0.4233  -13174.7203  0.3058 
   00540    0.4378  -13175.5119  0.3066 
   00541    0.4578  -13183.5710  0.3047 
   00542    0.4289  -13182.5152  0.3032 
   00543    0.4378  -13173.2506  0.3038 
   00544    0.4256  -13178.5664  0.3045 
   00545    0.4256  -13187.0664  0.3044 
   00546    0.4378  -13179.9407  0.3044 
   00547    0.4300  -13194.9506  0.3051 
   00548    0.4344  -13201.9071  0.3055 
   00549    0.4511  -13196.8003  0.3067 
   00550    0.4300  -13217.7072  0.3062 
   00551    0.4222  -13221.9304  0.3069 
   00552    0.4656  -13212.4993  0.3060 
   00553    0.4567  -13213.2939  0.3058 
   00554    0.4489  -13217.9098  0.3055 
   00555    0.4122  -13217.4447  0.3052 
   00556    0.4444  -13214.9655  0.3050 
   00557    0.4333  -13213.2481  0.3050 
   00558    0.4489  -13213.3947  0.3046 
   00559    0.4500  -13212.6824  0.3056 
   00560    0.4522  -13200.3015  0.3072 
   00561    0.3944  -13198.5150  0.3074 
   00562    0.4411  -13198.1896  0.3060 
   00563    0.4367  -13196.0225  0.3072 
   00564    0.4722  -13211.3037  0.3065 
   00565    0.4367  -13211.0900  0.3075 
   00566    0.4733  -13220.3660  0.3067 
   00567    0.4411  -13222.9401  0.3067 
   00568    0.4256  -13210.7161  0.3071 
   00569    0.4400  -13203.8511  0.3075 
   00570    0.4367  -13197.7394  0.3071 
   00571    0.4433  -13201.0036  0.3082 
   00572    0.4267  -13205.0923  0.3087 
   00573    0.4256  -13215.9059  0.3091 
   00574    0.4611  -13221.2598  0.3081 
   00575    0.4478  -13227.9120  0.3083 
   00576    0.4011  -13243.2268  0.3092 
   00577    0.4256  -13240.0027  0.3086 
   00578    0.4444  -13243.3529  0.3101 
   00579    0.4556  -13244.4515  0.3101 
   00580    0.4633  -13246.7190  0.3087 
   00581    0.4422  -13246.9914  0.3090 
   00582    0.4489  -13227.0934  0.3093 
   00583    0.4344  -13218.8885  0.3093 
   00584    0.4100  -13223.7663  0.3085 
   00585    0.4467  -13231.5060  0.3070 
   00586    0.4200  -13229.3247  0.3078 
   00587    0.4456  -13226.5610  0.3072 
   00588    0.4411  -13222.6542  0.3077 
   00589    0.4722  -13227.1821  0.3091 
   00590    0.4389  -13230.2969  0.3088 
   00591    0.4722  -13224.4828  0.3084 
   00592    0.4611  -13223.0595  0.3080 
   00593    0.4378  -13228.0957  0.3072 
   00594    0.4133  -13226.3500  0.3064 
   00595    0.4478  -13226.5118  0.3077 
   00596    0.4289  -13236.4576  0.3079 
   00597    0.4256  -13239.5332  0.3083 
   00598    0.4333  -13245.6688  0.3080 
   00599    0.4422  -13245.6947  0.3074 
   00600    0.4400  -13251.4439  0.3062 
   00601    0.4478  -13247.0528  0.3066 
   00602    0.4344  -13240.6004  0.3079 
   00603    0.4222  -13253.5334  0.3086 
   00604    0.4433  -13261.2756  0.3083 
   00605    0.4444  -13249.2710  0.3084 
   00606    0.4378  -13236.7370  0.3090 
   00607    0.4267  -13241.7601  0.3099 
   00608    0.4322  -13234.3249  0.3094 
   00609    0.4311  -13247.1700  0.3086 
   00610    0.4656  -13243.1566  0.3082 
   00611    0.4367  -13252.7782  0.3086 
   00612    0.4589  -13264.9578  0.3094 
   00613    0.4144  -13262.4330  0.3106 
   00614    0.4600  -13260.1222  0.3100 
   00615    0.4678  -13253.5299  0.3103 
   00616    0.4644  -13247.0785  0.3102 
   00617    0.4256  -13251.8311  0.3116 
   00618    0.4156  -13242.9489  0.3124 
   00619    0.4344  -13242.8738  0.3126 
   00620    0.4333  -13253.2622  0.3122 
   00621    0.4411  -13256.1898  0.3127 
   00622    0.4289  -13253.0116  0.3126 
   00623    0.4044  -13245.7352  0.3116 
   00624    0.4589  -13245.3790  0.3121 
   00625    0.4400  -13249.3010  0.3127 
   00626    0.4689  -13248.8667  0.3126 
   00627    0.4222  -13243.8625  0.3122 
   00628    0.4600  -13237.2924  0.3121 
   00629    0.4322  -13225.8410  0.3112 
   00630    0.4367  -13220.3200  0.3107 
   00631    0.4433  -13228.2032  0.3105 
   00632    0.4156  -13230.6721  0.3099 
   00633    0.4600  -13239.5057  0.3099 
   00634    0.4433  -13243.7237  0.3093 
   00635    0.4544  -13240.6730  0.3093 
   00636    0.4400  -13240.3783  0.3083 
   00637    0.4356  -13231.9222  0.3085 
   00638    0.4489  -13231.5326  0.3102 
   00639    0.4189  -13230.6467  0.3082 
   00640    0.4389  -13229.3321  0.3081 
   00641    0.4233  -13227.3505  0.3067 
   00642    0.4222  -13231.3653  0.3069 
   00643    0.4222  -13246.0865  0.3092 
   00644    0.4456  -13238.7063  0.3088 
   00645    0.4389  -13237.6103  0.3081 
   00646    0.4356  -13228.6436  0.3087 
   00647    0.4422  -13226.7961  0.3102 
   00648    0.4322  -13217.5833  0.3106 
   00649    0.4589  -13229.0839  0.3102 
   00650    0.4256  -13225.9007  0.3094 
   00651    0.4478  -13223.1584  0.3099 
   00652    0.4333  -13226.7478  0.3093 
   00653    0.4244  -13225.4100  0.3098 
   00654    0.4300  -13222.5842  0.3108 
   00655    0.4344  -13217.1822  0.3110 
   00656    0.4389  -13218.1073  0.3096 
   00657    0.4133  -13216.9347  0.3088 
   00658    0.4611  -13229.1704  0.3086 
   00659    0.4344  -13230.9378  0.3090 
   00660    0.4178  -13230.3630  0.3093 
   00661    0.4400  -13234.1524  0.3064 
   00662    0.4578  -13246.8599  0.3066 
   00663    0.4544  -13246.0854  0.3075 
   00664    0.4578  -13235.9338  0.3078 
   00665    0.4289  -13233.5563  0.3082 
   00666    0.4156  -13239.6743  0.3086 
   00667    0.4289  -13246.6005  0.3094 
   00668    0.4511  -13246.3384  0.3091 
   00669    0.4400  -13241.4761  0.3095 
   00670    0.4056  -13247.8706  0.3103 
   00671    0.4556  -13253.8824  0.3117 
   00672    0.4422  -13248.0054  0.3098 
   00673    0.4700  -13226.6715  0.3102 
   00674    0.4511  -13229.2910  0.3099 
   00675    0.4389  -13233.7287  0.3120 
   00676    0.4356  -13233.4362  0.3116 
   00677    0.4622  -13228.4301  0.3115 
   00678    0.4389  -13234.7866  0.3115 
   00679    0.4744  -13230.9727  0.3125 
   00680    0.4667  -13236.2803  0.3127 
   00681    0.4344  -13228.8638  0.3107 
   00682    0.4500  -13233.6457  0.3111 
   00683    0.4511  -13237.3535  0.3117 
   00684    0.4333  -13233.7611  0.3115 
   00685    0.4156  -13235.5856  0.3106 
   00686    0.4522  -13234.2666  0.3108 
   00687    0.4433  -13241.8924  0.3114 
   00688    0.4689  -13234.8492  0.3113 
   00689    0.4711  -13231.8621  0.3114 
   00690    0.4356  -13233.0824  0.3113 
   00691    0.4367  -13238.1396  0.3121 
   00692    0.4500  -13253.0261  0.3139 
   00693    0.4378  -13247.6216  0.3136 
   00694    0.4489  -13252.3480  0.3144 
   00695    0.4356  -13248.1760  0.3138 
   00696    0.4611  -13255.1449  0.3143 
   00697    0.4444  -13253.6444  0.3141 
   00698    0.4378  -13256.8601  0.3150 
   00699    0.4144  -13260.1236  0.3163 
   00700    0.4478  -13269.7509  0.3158 
   00701    0.4322  -13264.9731  0.3173 
   00702    0.4511  -13271.1730  0.3178 
   00703    0.4411  -13269.2815  0.3182 
   00704    0.4422  -13268.7619  0.3179 
   00705    0.4089  -13266.7229  0.3173 
   00706    0.4278  -13255.8260  0.3169 
   00707    0.4333  -13251.8759  0.3170 
   00708    0.4256  -13253.3681  0.3167 
   00709    0.4233  -13262.0139  0.3162 
   00710    0.4489  -13256.0562  0.3158 
   00711    0.4578  -13262.9205  0.3179 
   00712    0.4489  -13276.0102  0.3170 
   00713    0.4267  -13274.6081  0.3158 
   00714    0.4511  -13272.0935  0.3160 
   00715    0.4467  -13277.4275  0.3160 
   00716    0.4567  -13284.0734  0.3167 
   00717    0.4322  -13280.2714  0.3180 
   00718    0.4500  -13292.0039  0.3179 
   00719    0.4467  -13298.8686  0.3163 
   00720    0.4422  -13302.5830  0.3176 
   00721    0.3956  -13289.9537  0.3173 
   00722    0.4478  -13280.9206  0.3170 
   00723    0.4189  -13281.3225  0.3184 
   00724    0.4333  -13286.4696  0.3193 
   00725    0.4300  -13288.7637  0.3210 
   00726    0.4567  -13287.2174  0.3218 
   00727    0.4089  -13287.4165  0.3222 
   00728    0.4111  -13301.4527  0.3239 
   00729    0.4422  -13298.4736  0.3234 
   00730    0.4567  -13296.7770  0.3234 
   00731    0.4367  -13293.1720  0.3231 
   00732    0.4378  -13295.7177  0.3218 
   00733    0.4344  -13300.7096  0.3224 
   00734    0.4378  -13284.1177  0.3241 
   00735    0.4167  -13284.4271  0.3233 
   00736    0.4344  -13296.7527  0.3230 
   00737    0.4111  -13298.8490  0.3222 
   00738    0.4267  -13310.2690  0.3234 
   00739    0.4489  -13290.8288  0.3229 
   00740    0.4378  -13282.3861  0.3202 
   00741    0.4278  -13289.1063  0.3204 
   00742    0.4300  -13280.1518  0.3193 
   00743    0.4189  -13286.2704  0.3182 
   00744    0.4111  -13287.2944  0.3197 
   00745    0.4500  -13284.8088  0.3206 
   00746    0.4111  -13280.2784  0.3212 
   00747    0.4411  -13268.6178  0.3207 
   00748    0.4500  -13269.7254  0.3221 
   00749    0.4278  -13269.8984  0.3254 
   00750    0.4433  -13268.6436  0.3247 
   00751    0.4578  -13258.2091  0.3260 
   00752    0.4211  -13250.1582  0.3256 
   00753    0.4444  -13239.8088  0.3254 
   00754    0.4433  -13234.4477  0.3237 
   00755    0.4400  -13238.9909  0.3263 
   00756    0.4422  -13247.9992  0.3265 
   00757    0.4422  -13253.1224  0.3257 
   00758    0.4433  -13249.1942  0.3266 
   00759    0.4522  -13249.7058  0.3255 
   00760    0.4122  -13254.4807  0.3266 
   00761    0.4278  -13260.7279  0.3271 
   00762    0.4489  -13262.3445  0.3257 
   00763    0.4422  -13262.8472  0.3260 
   00764    0.4367  -13256.5781  0.3259 
   00765    0.4611  -13256.0882  0.3269 
   00766    0.4522  -13259.3893  0.3292 
   00767    0.4444  -13256.5040  0.3308 
   00768    0.4344  -13251.4668  0.3319 
   00769    0.4522  -13257.7692  0.3326 
   00770    0.4344  -13262.9129  0.3309 
   00771    0.4500  -13255.5808  0.3303 
   00772    0.4544  -13261.2572  0.3294 
   00773    0.4644  -13259.1988  0.3297 
   00774    0.4222  -13264.4325  0.3304 
   00775    0.4478  -13256.4100  0.3288 
   00776    0.4122  -13263.9927  0.3288 
   00777    0.4744  -13265.0384  0.3286 
   00778    0.4389  -13262.8652  0.3288 
   00779    0.4544  -13261.5207  0.3308 
   00780    0.3944  -13264.4405  0.3302 
   00781    0.4033  -13275.8731  0.3305 
   00782    0.4467  -13273.4160  0.3314 
   00783    0.4478  -13272.0198  0.3319 
   00784    0.4144  -13276.1339  0.3325 
   00785    0.4233  -13277.2092  0.3345 
   00786    0.4489  -13279.6489  0.3337 
   00787    0.4322  -13291.7940  0.3339 
   00788    0.4356  -13295.0017  0.3337 
   00789    0.4078  -13295.9482  0.3349 
   00790    0.4300  -13290.9912  0.3347 
   00791    0.4211  -13281.3458  0.3357 
   00792    0.4722  -13278.3673  0.3364 
   00793    0.4011  -13281.7443  0.3371 
   00794    0.4156  -13277.2757  0.3357 
   00795    0.4500  -13282.1453  0.3358 
   00796    0.4433  -13275.5380  0.3322 
   00797    0.4300  -13265.0008  0.3329 
   00798    0.4422  -13266.3424  0.3334 
   00799    0.4489  -13265.4223  0.3337 
   00800    0.4378  -13270.4099  0.3327 
   00801    0.4533  -13280.7202  0.3337 
   00802    0.4500  -13288.5442  0.3336 
   00803    0.4244  -13278.3828  0.3328 
   00804    0.4533  -13281.8847  0.3328 
   00805    0.4433  -13285.0141  0.3326 
   00806    0.4611  -13280.4626  0.3335 
   00807    0.4467  -13286.1272  0.3345 
   00808    0.4378  -13290.2981  0.3347 
   00809    0.4378  -13285.8865  0.3345 
   00810    0.4044  -13277.8017  0.3352 
   00811    0.4533  -13276.0967  0.3370 
   00812    0.4433  -13274.7138  0.3362 
   00813    0.4267  -13272.6763  0.3355 
   00814    0.4644  -13274.0787  0.3351 
   00815    0.4467  -13276.5126  0.3349 
   00816    0.4556  -13274.4842  0.3364 
   00817    0.4344  -13288.1825  0.3361 
   00818    0.4411  -13296.6339  0.3373 
   00819    0.4289  -13288.8769  0.3374 
   00820    0.4422  -13293.8438  0.3359 
   00821    0.4211  -13301.2348  0.3361 
   00822    0.4367  -13295.5863  0.3368 
   00823    0.4633  -13292.6418  0.3384 
   00824    0.4189  -13297.7084  0.3383 
   00825    0.4600  -13299.0639  0.3384 
   00826    0.4422  -13301.3374  0.3373 
   00827    0.4300  -13300.0172  0.3371 
   00828    0.4133  -13288.6704  0.3377 
   00829    0.4389  -13296.0118  0.3388 
   00830    0.4411  -13294.6327  0.3396 
   00831    0.4289  -13291.7630  0.3406 
   00832    0.4211  -13300.9403  0.3380 
   00833    0.4489  -13291.5661  0.3376 
   00834    0.4400  -13300.7940  0.3373 
   00835    0.4367  -13311.5911  0.3361 
   00836    0.4600  -13307.7146  0.3350 
   00837    0.4389  -13306.0285  0.3348 
   00838    0.4411  -13302.3675  0.3337 
   00839    0.4322  -13313.6784  0.3345 
   00840    0.4322  -13310.8523  0.3347 
   00841    0.4211  -13315.7182  0.3351 
   00842    0.4411  -13310.1078  0.3343 
   00843    0.4411  -13320.0767  0.3333 
   00844    0.4233  -13324.9615  0.3316 
   00845    0.4156  -13321.7529  0.3307 
   00846    0.4289  -13314.8769  0.3304 
   00847    0.4244  -13313.8677  0.3301 
   00848    0.4500  -13309.7782  0.3292 
   00849    0.4367  -13315.1365  0.3276 
   00850    0.4311  -13320.9968  0.3284 
   00851    0.4500  -13324.8061  0.3291 
   00852    0.4211  -13325.9372  0.3285 
   00853    0.3922  -13318.3152  0.3282 
   00854    0.4344  -13314.0532  0.3281 
   00855    0.4422  -13318.0592  0.3268 
   00856    0.4044  -13320.5808  0.3273 
   00857    0.4089  -13312.0848  0.3280 
   00858    0.4611  -13303.3975  0.3277 
   00859    0.4422  -13304.3854  0.3256 
   00860    0.3989  -13307.8420  0.3259 
   00861    0.4400  -13310.0034  0.3285 
   00862    0.4189  -13311.6087  0.3286 
   00863    0.4222  -13313.1142  0.3293 
   00864    0.4222  -13310.7808  0.3287 
   00865    0.4644  -13312.2894  0.3290 
   00866    0.4378  -13309.8180  0.3291 
   00867    0.4111  -13313.1944  0.3293 
   00868    0.4222  -13311.0951  0.3285 
   00869    0.4567  -13312.5420  0.3307 
   00870    0.4389  -13305.8124  0.3284 
   00871    0.4456  -13302.3495  0.3291 
   00872    0.4644  -13317.2310  0.3280 
   00873    0.4367  -13309.0465  0.3284 
   00874    0.4389  -13318.6301  0.3286 
   00875    0.4233  -13321.2993  0.3290 
   00876    0.4022  -13304.4422  0.3295 
   00877    0.4433  -13305.7352  0.3310 
   00878    0.4633  -13313.4879  0.3324 
   00879    0.4367  -13311.2612  0.3319 
   00880    0.4511  -13318.3566  0.3327 
   00881    0.4089  -13327.8488  0.3320 
   00882    0.4300  -13322.3899  0.3325 
   00883    0.3978  -13314.6211  0.3340 
   00884    0.4378  -13322.8412  0.3323 
   00885    0.4167  -13318.1929  0.3323 
   00886    0.4444  -13314.6291  0.3312 
   00887    0.4622  -13310.6688  0.3317 
   00888    0.4244  -13306.6805  0.3303 
   00889    0.4478  -13304.1021  0.3297 
   00890    0.4067  -13307.5228  0.3287 
   00891    0.4511  -13291.3038  0.3286 
   00892    0.4322  -13291.2615  0.3265 
   00893    0.4289  -13291.7722  0.3249 
   00894    0.4289  -13295.6329  0.3245 
   00895    0.4433  -13313.3594  0.3266 
   00896    0.4467  -13328.0957  0.3245 
   00897    0.4333  -13326.3588  0.3256 
   00898    0.4411  -13342.4516  0.3259 
   00899    0.4444  -13339.0339  0.3262 
   00900    0.4456  -13341.2939  0.3265 
   00901    0.4289  -13336.0243  0.3268 
   00902    0.4567  -13339.8556  0.3283 
   00903    0.4444  -13326.8473  0.3264 
   00904    0.4389  -13324.5886  0.3260 
   00905    0.4222  -13318.6815  0.3247 
   00906    0.4478  -13319.7593  0.3229 
   00907    0.4456  -13308.6181  0.3240 
   00908    0.4433  -13309.3383  0.3236 
   00909    0.4589  -13309.9654  0.3235 
   00910    0.4411  -13321.3518  0.3234 
   00911    0.4322  -13317.4927  0.3230 
   00912    0.4100  -13322.8522  0.3238 
   00913    0.4367  -13331.0181  0.3227 
   00914    0.4422  -13329.8705  0.3225 
   00915    0.4333  -13322.4214  0.3230 
   00916    0.4189  -13324.7986  0.3229 
   00917    0.4478  -13339.5689  0.3226 
   00918    0.4356  -13326.3050  0.3228 
   00919    0.4433  -13332.3094  0.3215 
   00920    0.4367  -13328.4571  0.3216 
   00921    0.4478  -13322.0256  0.3212 
   00922    0.4367  -13321.9015  0.3215 
   00923    0.4344  -13319.3068  0.3209 
   00924    0.4633  -13311.1996  0.3211 
   00925    0.4467  -13315.5153  0.3213 
   00926    0.4533  -13319.9819  0.3224 
   00927    0.4411  -13320.1215  0.3209 
   00928    0.4433  -13328.8831  0.3194 
   00929    0.4267  -13330.5118  0.3197 
   00930    0.4611  -13336.5929  0.3192 
   00931    0.4378  -13341.9401  0.3194 
   00932    0.4222  -13353.6990  0.3188 
   00933    0.4644  -13358.6498  0.3179 
   00934    0.4411  -13359.1187  0.3179 
   00935    0.4378  -13357.6256  0.3178 
   00936    0.4578  -13356.7977  0.3179 
   00937    0.4689  -13351.9293  0.3172 
   00938    0.4633  -13354.7437  0.3188 
   00939    0.4367  -13369.5631  0.3191 
   00940    0.4222  -13372.4793  0.3192 
   00941    0.4189  -13370.1321  0.3196 
   00942    0.4367  -13361.8431  0.3188 
   00943    0.4067  -13359.5682  0.3209 
   00944    0.4300  -13352.0381  0.3196 
   00945    0.4478  -13356.0911  0.3192 
   00946    0.4178  -13358.5289  0.3200 
   00947    0.4522  -13353.1285  0.3185 
   00948    0.4522  -13368.9483  0.3198 
   00949    0.4556  -13373.3640  0.3199 
   00950    0.4567  -13366.2468  0.3208 
   00951    0.4200  -13374.6549  0.3197 
   00952    0.4367  -13369.7069  0.3190 
   00953    0.4533  -13355.3100  0.3193 
   00954    0.4122  -13357.6121  0.3188 
   00955    0.4356  -13359.6455  0.3193 
   00956    0.4500  -13351.3328  0.3187 
   00957    0.4122  -13347.3418  0.3198 
   00958    0.4478  -13353.7101  0.3195 
   00959    0.4211  -13361.3387  0.3192 
   00960    0.4522  -13371.4396  0.3195 
   00961    0.4156  -13357.2449  0.3219 
   00962    0.4511  -13355.9573  0.3220 
   00963    0.4411  -13361.1939  0.3213 
   00964    0.4467  -13354.0270  0.3207 
   00965    0.4333  -13357.1668  0.3208 
   00966    0.4156  -13358.6389  0.3216 
   00967    0.4222  -13349.4412  0.3214 
   00968    0.4333  -13352.3822  0.3209 
   00969    0.4100  -13349.6937  0.3209 
   00970    0.4511  -13347.6072  0.3197 
   00971    0.4300  -13349.9957  0.3204 
   00972    0.4389  -13353.5169  0.3200 
   00973    0.4478  -13351.9369  0.3187 
   00974    0.4522  -13350.8574  0.3177 
   00975    0.4100  -13352.2941  0.3184 
   00976    0.4300  -13351.1700  0.3177 
   00977    0.4222  -13363.1382  0.3191 
   00978    0.4489  -13362.6989  0.3194 
   00979    0.4367  -13364.4350  0.3188 
   00980    0.4389  -13381.1614  0.3187 
   00981    0.4500  -13373.1064  0.3196 
   00982    0.4456  -13365.6589  0.3201 
   00983    0.4422  -13371.4989  0.3197 
   00984    0.4144  -13371.3059  0.3197 
   00985    0.4422  -13369.4267  0.3193 
   00986    0.4878  -13357.8019  0.3209 
   00987    0.4278  -13363.7654  0.3212 
   00988    0.4578  -13371.6030  0.3205 
   00989    0.4167  -13381.5488  0.3215 
   00990    0.4400  -13388.1283  0.3222 
   00991    0.4244  -13380.7593  0.3226 
   00992    0.4178  -13376.0577  0.3217 
   00993    0.4567  -13369.9619  0.3213 
   00994    0.4367  -13360.6143  0.3227 
   00995    0.4489  -13356.6943  0.3236 
   00996    0.4367  -13352.6360  0.3233 
   00997    0.4422  -13344.5687  0.3213 
   00998    0.4700  -13340.5262  0.3233 
   00999    0.4844  -13345.9979  0.3219 
   01000    0.4144  -13346.7357  0.3210 
