#=====================================================
# File created:        Mon-06-Nov-2023-at-12-30-46PM
# Size of lattice:     40x40
# Number of MC steps:  1000
# Reduced temperature: 0.600
# Run time (s):        7.183272
#=====================================================
# MC step:  Ratio:     Energy:   Order:
#=====================================================
   00000    0.5000   -1709.1102  0.2631 
   00001    0.6819   -2489.7721  0.2659 
   00002    0.6250   -3021.7792  0.2689 
   00003    0.5469   -3384.7883  0.2721 
   00004    0.5463   -3604.2965  0.2884 
   00005    0.5131   -3756.2915  0.2896 
   00006    0.5125   -3847.7013  0.2896 
   00007    0.5088   -3937.8756  0.2923 
   00008    0.4919   -4129.1624  0.3006 
   00009    0.4756   -4237.5969  0.3011 
   00010    0.4650   -4339.2105  0.3112 
   00011    0.4575   -4424.1690  0.3230 
   00012    0.4819   -4498.1372  0.3169 
   00013    0.4419   -4505.0362  0.3229 
   00014    0.4706   -4526.2806  0.3185 
   00015    0.4669   -4530.8721  0.3203 
   00016    0.4375   -4552.9039  0.3239 
   00017    0.4412   -4591.0238  0.3168 
   00018    0.4219   -4625.7210  0.3162 
   00019    0.4506   -4652.3958  0.3236 
   00020    0.4437   -4690.6598  0.3137 
   00021    0.4387   -4720.0321  0.3182 
   00022    0.4325   -4701.8652  0.3039 
   00023    0.4188   -4722.1382  0.3170 
   00024    0.4512   -4719.6627  0.3058 
   00025    0.4381   -4729.3559  0.3072 
   00026    0.4450   -4760.4298  0.3020 
   00027    0.4444   -4746.4522  0.3070 
   00028    0.4288   -4756.1204  0.3074 
   00029    0.4406   -4784.6086  0.2985 
   00030    0.4525   -4756.9042  0.2952 
   00031    0.4288   -4806.9045  0.2962 
   00032    0.4387   -4809.3581  0.3015 
   00033    0.4319   -4846.0818  0.2973 
   00034    0.4081   -4905.7584  0.3067 
   00035    0.4181   -4871.8084  0.3071 
   00036    0.4288   -4865.6882  0.3190 
   00037    0.3956   -4908.7158  0.3297 
   00038    0.4244   -4899.8678  0.3231 
   00039    0.4281   -4916.4040  0.3213 
   00040    0.4313   -4921.5012  0.3194 
   00041    0.4244   -4882.5804  0.3222 
   00042    0.4356   -4889.4075  0.3182 
   00043    0.4250   -4908.9789  0.3186 
   00044    0.4394   -4899.0291  0.3340 
   00045    0.4387   -4950.0843  0.3262 
   00046    0.4138   -4914.5204  0.3332 
   00047    0.4313   -4941.2762  0.3237 
   00048    0.4113   -4911.7889  0.3246 
   00049    0.4256   -4985.9319  0.3325 
   00050    0.4069   -4977.6277  0.3361 
   00051    0.4075   -5002.4117  0.3421 
   00052    0.4306   -4981.3155  0.3444 
   00053    0.4319   -4976.0369  0.3531 
   00054    0.4188   -4955.7913  0.3564 
   00055    0.4306   -4916.2290  0.3611 
   00056    0.4263   -4932.3948  0.3598 
   00057    0.3944   -4962.7153  0.3562 
   00058    0.4375   -5007.8168  0.3650 
   00059    0.4069   -5005.9319  0.3756 
   00060    0.4144   -4984.8249  0.3777 
   00061    0.4194   -4957.1477  0.3858 
   00062    0.3969   -4973.8492  0.3913 
   00063    0.4344   -4943.7252  0.4072 
   00064    0.4363   -4958.8935  0.3993 
   00065    0.4163   -4907.4073  0.4109 
   00066    0.4406   -4954.2728  0.4156 
   00067    0.4094   -4930.5387  0.4164 
   00068    0.4369   -4984.7353  0.4156 
   00069    0.4250   -4967.1419  0.4188 
   00070    0.4081   -4993.4850  0.4160 
   00071    0.4200   -5017.6860  0.4090 
   00072    0.4031   -4996.5807  0.4051 
   00073    0.4163   -4979.5013  0.4077 
   00074    0.4575   -4947.3237  0.4029 
   00075    0.4094   -4949.4701  0.4104 
   00076    0.4113   -4955.2654  0.4179 
   00077    0.4556   -4949.1668  0.4180 
   00078    0.4238   -4952.3193  0.4123 
   00079    0.4163   -4965.7007  0.4219 
   00080    0.4225   -4958.7797  0.4262 
   00081    0.4219   -4985.9762  0.4244 
   00082    0.4069   -5028.3463  0.4379 
   00083    0.4306   -5040.8254  0.4370 
   00084    0.4319   -5054.4289  0.4385 
   00085    0.4131   -5065.7499  0.4494 
   00086    0.4269   -5023.1700  0.4540 
   00087    0.4050   -5048.8601  0.4654 
   00088    0.3969   -5046.7742  0.4638 
   00089    0.4263   -5069.7198  0.4491 
   00090    0.4125   -5074.3969  0.4482 
   00091    0.3950   -5044.7257  0.4459 
   00092    0.4244   -5025.1256  0.4517 
   00093    0.4275   -5041.2349  0.4407 
   00094    0.4225   -5050.8577  0.4331 
   00095    0.4012   -5041.2545  0.4289 
   00096    0.4012   -5077.2205  0.4291 
   00097    0.4200   -5083.0472  0.4304 
   00098    0.4306   -5081.1760  0.4269 
   00099    0.4144   -5094.2755  0.4228 
   00100    0.4050   -5116.6956  0.4235 
   00101    0.4194   -5154.6207  0.4223 
   00102    0.4081   -5155.0977  0.4144 
   00103    0.4012   -5123.1670  0.4188 
   00104    0.4238   -5096.1837  0.4297 
   00105    0.4156   -5081.4013  0.4240 
   00106    0.4263   -5084.3086  0.4308 
   00107    0.4119   -5109.0503  0.4366 
   00108    0.4044   -5129.0522  0.4381 
   00109    0.4213   -5152.8259  0.4428 
   00110    0.4181   -5140.3161  0.4460 
   00111    0.4500   -5137.6222  0.4492 
   00112    0.4106   -5153.8806  0.4416 
   00113    0.4144   -5139.4590  0.4414 
   00114    0.4175   -5154.1769  0.4287 
   00115    0.4319   -5110.9537  0.4295 
   00116    0.4313   -5104.3607  0.4315 
   00117    0.3962   -5062.9655  0.4254 
   00118    0.4088   -5073.4002  0.4243 
   00119    0.4131   -5104.9793  0.4215 
   00120    0.4056   -5090.4233  0.4186 
   00121    0.4163   -5103.1637  0.4168 
   00122    0.4144   -5086.6715  0.4074 
   00123    0.4150   -5084.3680  0.4116 
   00124    0.4244   -5098.9246  0.4177 
   00125    0.4125   -5120.8819  0.4192 
   00126    0.4050   -5065.1168  0.4180 
   00127    0.3950   -5088.4481  0.4253 
   00128    0.4188   -5128.2657  0.4271 
   00129    0.4094   -5145.8371  0.4372 
   00130    0.4131   -5117.1539  0.4402 
   00131    0.4012   -5159.3128  0.4386 
   00132    0.4250   -5139.6326  0.4368 
   00133    0.4069   -5143.2862  0.4339 
   00134    0.4288   -5095.3004  0.4286 
   00135    0.3881   -5110.3556  0.4333 
   00136    0.4194   -5120.9808  0.4386 
   00137    0.4006   -5099.1283  0.4417 
   00138    0.4031   -5093.2479  0.4420 
   00139    0.3881   -5138.8766  0.4480 
   00140    0.4062   -5099.3908  0.4474 
   00141    0.3962   -5100.9866  0.4410 
   00142    0.3944   -5112.2874  0.4354 
   00143    0.4275   -5137.9776  0.4423 
   00144    0.3906   -5146.4366  0.4392 
   00145    0.4062   -5184.3973  0.4330 
   00146    0.4019   -5215.0961  0.4338 
   00147    0.3937   -5169.4134  0.4368 
   00148    0.4131   -5195.7115  0.4329 
   00149    0.4163   -5172.3194  0.4317 
   00150    0.4281   -5189.5811  0.4310 
   00151    0.4100   -5164.7528  0.4345 
   00152    0.4075   -5174.3806  0.4414 
   00153    0.4131   -5183.6287  0.4401 
   00154    0.4031   -5181.8863  0.4409 
   00155    0.4094   -5139.9863  0.4420 
   00156    0.3800   -5132.2408  0.4383 
   00157    0.3925   -5146.4447  0.4421 
   00158    0.4056   -5181.2063  0.4418 
   00159    0.4006   -5196.1038  0.4457 
   00160    0.4181   -5193.2830  0.4372 
   00161    0.4300   -5180.6413  0.4417 
   00162    0.3981   -5158.8848  0.4365 
   00163    0.4106   -5172.4953  0.4360 
   00164    0.4131   -5142.6816  0.4302 
   00165    0.3944   -5135.0182  0.4202 
   00166    0.4238   -5086.9043  0.4118 
   00167    0.4144   -5136.2347  0.4149 
   00168    0.3931   -5120.4792  0.4214 
   00169    0.4125   -5146.0376  0.4176 
   00170    0.4213   -5145.8015  0.4219 
   00171    0.4269   -5184.7242  0.4236 
   00172    0.4156   -5188.4418  0.4269 
   00173    0.4150   -5222.6334  0.4266 
   00174    0.4000   -5219.4688  0.4274 
   00175    0.4156   -5184.1631  0.4315 
   00176    0.3919   -5200.0403  0.4306 
   00177    0.3919   -5179.5769  0.4375 
   00178    0.4131   -5166.4473  0.4341 
   00179    0.4213   -5157.7098  0.4241 
   00180    0.4175   -5159.6495  0.4249 
   00181    0.4206   -5125.5942  0.4295 
   00182    0.3762   -5144.8725  0.4275 
   00183    0.3937   -5161.5175  0.4192 
   00184    0.4313   -5207.3341  0.4132 
   00185    0.4131   -5197.2885  0.4051 
   00186    0.4150   -5186.2897  0.4068 
   00187    0.3919   -5168.5453  0.4147 
   00188    0.4131   -5214.7182  0.4213 
   00189    0.3831   -5193.4644  0.4311 
   00190    0.3987   -5179.2143  0.4341 
   00191    0.4181   -5152.3997  0.4299 
   00192    0.4281   -5126.1482  0.4244 
   00193    0.4175   -5160.0410  0.4174 
   00194    0.4163   -5129.3121  0.4137 
   00195    0.4294   -5125.6347  0.4183 
   00196    0.3887   -5112.5600  0.4200 
   00197    0.4056   -5138.8310  0.4335 
   00198    0.4012   -5166.6466  0.4358 
   00199    0.4025   -5170.9721  0.4322 
   00200    0.3919   -5193.6441  0.4268 
   00201    0.4238   -5177.1013  0.4312 
   00202    0.4025   -5185.5721  0.4231 
   00203    0.4056   -5148.7253  0.4200 
   00204    0.4200   -5134.0425  0.4200 
   00205    0.4131   -5152.6466  0.4239 
   00206    0.4094   -5109.5772  0.4254 
   00207    0.4313   -5097.6931  0.4172 
   00208    0.4088   -5123.7609  0.4188 
   00209    0.3837   -5174.9687  0.4188 
   00210    0.4075   -5127.4207  0.4187 
   00211    0.4044   -5095.5715  0.4261 
   00212    0.4006   -5101.2207  0.4195 
   00213    0.4163   -5046.2667  0.4164 
   00214    0.4163   -5056.3484  0.4255 
   00215    0.4012   -5088.3619  0.4194 
   00216    0.3894   -5115.7742  0.4223 
   00217    0.3700   -5098.8929  0.4194 
   00218    0.4044   -5132.9845  0.4132 
   00219    0.4006   -5120.0829  0.4180 
   00220    0.3906   -5089.4204  0.4185 
   00221    0.4106   -5089.8521  0.4220 
   00222    0.4081   -5123.9229  0.4234 
   00223    0.4044   -5163.0658  0.4222 
   00224    0.4131   -5121.9236  0.4195 
   00225    0.4125   -5105.3291  0.4179 
   00226    0.4131   -5108.0595  0.4125 
   00227    0.4100   -5148.0738  0.4161 
   00228    0.4181   -5092.9730  0.4129 
   00229    0.3969   -5037.5236  0.4166 
   00230    0.4012   -5050.4951  0.4123 
   00231    0.4200   -5109.3447  0.4139 
   00232    0.4206   -5138.4866  0.4181 
   00233    0.4006   -5085.8942  0.4153 
   00234    0.3906   -5114.2751  0.4147 
   00235    0.4031   -5095.2573  0.4061 
   00236    0.4206   -5103.6229  0.3964 
   00237    0.4037   -5113.1490  0.3975 
   00238    0.4113   -5074.0791  0.3984 
   00239    0.4219   -5099.9406  0.4067 
   00240    0.4169   -5119.5379  0.4109 
   00241    0.3950   -5125.2825  0.4194 
   00242    0.4037   -5187.3482  0.4247 
   00243    0.4131   -5162.1671  0.4256 
   00244    0.4088   -5197.2934  0.4322 
   00245    0.4037   -5212.9834  0.4414 
   00246    0.3844   -5202.2817  0.4407 
   00247    0.3925   -5191.2007  0.4436 
   00248    0.4081   -5196.5462  0.4398 
   00249    0.3969   -5148.8187  0.4393 
   00250    0.4075   -5175.2795  0.4441 
   00251    0.4175   -5156.8271  0.4431 
   00252    0.3919   -5165.1830  0.4392 
   00253    0.4094   -5177.9532  0.4331 
   00254    0.4169   -5141.5431  0.4356 
   00255    0.4431   -5202.2470  0.4381 
   00256    0.4181   -5250.3500  0.4394 
   00257    0.4062   -5239.2264  0.4413 
   00258    0.4050   -5242.5179  0.4507 
   00259    0.3987   -5252.1042  0.4592 
   00260    0.3900   -5223.7831  0.4510 
   00261    0.3931   -5242.1530  0.4549 
   00262    0.3812   -5258.3106  0.4567 
   00263    0.3887   -5237.9600  0.4554 
   00264    0.4025   -5234.0306  0.4578 
   00265    0.4200   -5212.6336  0.4562 
   00266    0.3700   -5183.5035  0.4547 
   00267    0.3800   -5175.3354  0.4532 
   00268    0.4081   -5192.4682  0.4542 
   00269    0.4281   -5202.4681  0.4452 
   00270    0.4088   -5178.8006  0.4429 
   00271    0.3769   -5186.2885  0.4440 
   00272    0.4119   -5175.1261  0.4430 
   00273    0.4050   -5147.9429  0.4377 
   00274    0.4006   -5158.9431  0.4497 
   00275    0.4206   -5203.8225  0.4563 
   00276    0.4200   -5167.8194  0.4526 
   00277    0.3969   -5158.6043  0.4515 
   00278    0.4194   -5178.3911  0.4429 
   00279    0.4081   -5176.2589  0.4362 
   00280    0.4150   -5122.4225  0.4431 
   00281    0.3837   -5151.3531  0.4469 
   00282    0.4094   -5130.8938  0.4529 
   00283    0.4338   -5163.5348  0.4633 
   00284    0.4113   -5143.5956  0.4566 
   00285    0.4238   -5185.6679  0.4541 
   00286    0.3981   -5204.8073  0.4595 
   00287    0.3931   -5220.9662  0.4649 
   00288    0.3944   -5238.1052  0.4713 
   00289    0.4094   -5224.7989  0.4827 
   00290    0.4088   -5215.0879  0.4794 
   00291    0.4119   -5207.9627  0.4887 
   00292    0.3856   -5166.5111  0.4911 
   00293    0.4006   -5189.3666  0.4914 
   00294    0.4225   -5225.8007  0.4979 
   00295    0.4037   -5275.0660  0.4977 
   00296    0.4106   -5277.9733  0.4989 
   00297    0.4019   -5287.1567  0.5044 
   00298    0.3819   -5258.3399  0.4995 
   00299    0.4113   -5219.7324  0.5066 
   00300    0.4000   -5213.7800  0.4963 
   00301    0.4012   -5222.0416  0.4916 
   00302    0.4231   -5232.4168  0.4866 
   00303    0.4062   -5223.1919  0.4840 
   00304    0.4012   -5208.5278  0.4812 
   00305    0.4344   -5222.1683  0.4841 
   00306    0.3931   -5226.5473  0.4797 
   00307    0.3869   -5264.5424  0.4775 
   00308    0.3744   -5276.0113  0.4754 
   00309    0.4037   -5259.0901  0.4685 
   00310    0.4031   -5243.6513  0.4670 
   00311    0.4156   -5211.0030  0.4643 
   00312    0.3912   -5177.7734  0.4558 
   00313    0.4244   -5192.9702  0.4575 
   00314    0.4019   -5190.1459  0.4593 
   00315    0.3944   -5232.8413  0.4717 
   00316    0.4231   -5180.6230  0.4661 
   00317    0.4056   -5175.2895  0.4672 
   00318    0.4025   -5145.4836  0.4685 
   00319    0.4244   -5146.9128  0.4693 
   00320    0.4025   -5125.0465  0.4692 
   00321    0.4144   -5164.8284  0.4765 
   00322    0.4037   -5164.1955  0.4767 
   00323    0.4106   -5149.0874  0.4778 
   00324    0.4094   -5157.2803  0.4884 
   00325    0.4006   -5179.7189  0.4849 
   00326    0.3950   -5230.6521  0.4852 
   00327    0.3981   -5237.4085  0.4779 
   00328    0.4069   -5219.9419  0.4702 
   00329    0.4031   -5210.4748  0.4722 
   00330    0.4069   -5230.5838  0.4793 
   00331    0.3906   -5236.0426  0.4765 
   00332    0.4113   -5260.8919  0.4772 
   00333    0.4012   -5206.8951  0.4738 
   00334    0.4069   -5191.4823  0.4768 
   00335    0.4037   -5171.1314  0.4818 
   00336    0.3944   -5145.6633  0.4910 
   00337    0.3912   -5146.0675  0.4812 
   00338    0.4206   -5174.6254  0.4837 
   00339    0.3975   -5190.0223  0.4951 
   00340    0.3831   -5156.7978  0.4973 
   00341    0.4037   -5223.9688  0.4962 
   00342    0.4238   -5216.7668  0.4968 
   00343    0.4400   -5148.3124  0.4959 
   00344    0.4138   -5131.0860  0.5002 
   00345    0.4069   -5118.0810  0.4953 
   00346    0.3850   -5173.7329  0.4936 
   00347    0.3887   -5127.3984  0.4912 
   00348    0.4150   -5167.9428  0.4991 
   00349    0.4156   -5159.9837  0.4970 
   00350    0.3781   -5207.7911  0.5013 
   00351    0.3937   -5239.9559  0.5138 
   00352    0.4100   -5146.7221  0.5119 
   00353    0.4006   -5199.6696  0.5191 
   00354    0.4094   -5221.3447  0.5172 
   00355    0.4025   -5249.3473  0.5215 
   00356    0.3831   -5211.7443  0.5164 
   00357    0.4113   -5140.9940  0.5168 
   00358    0.4163   -5120.1671  0.5131 
   00359    0.4106   -5155.0128  0.5193 
   00360    0.4081   -5160.8405  0.5196 
   00361    0.4031   -5157.4293  0.5148 
   00362    0.4088   -5199.4177  0.5100 
   00363    0.4131   -5158.9715  0.5103 
   00364    0.4044   -5172.1569  0.5095 
   00365    0.3900   -5198.3298  0.5063 
   00366    0.4106   -5181.3985  0.5122 
   00367    0.4319   -5197.0463  0.5131 
   00368    0.3869   -5201.6603  0.5125 
   00369    0.4012   -5179.2323  0.5121 
   00370    0.4200   -5190.1086  0.5108 
   00371    0.4125   -5220.2162  0.5072 
   00372    0.4000   -5237.6564  0.5084 
   00373    0.4231   -5188.9269  0.5060 
   00374    0.4194   -5202.2213  0.5074 
   00375    0.4106   -5207.4235  0.5076 
   00376    0.4163   -5192.9908  0.5098 
   00377    0.3819   -5199.8745  0.5113 
   00378    0.3956   -5149.0060  0.5130 
   00379    0.4012   -5177.2963  0.5060 
   00380    0.3944   -5174.5493  0.4980 
   00381    0.3781   -5193.1207  0.5010 
   00382    0.4231   -5182.9297  0.5030 
   00383    0.4019   -5187.7543  0.4960 
   00384    0.4000   -5178.0126  0.4974 
   00385    0.3887   -5143.6945  0.4948 
   00386    0.4156   -5186.9831  0.5017 
   00387    0.3825   -5170.9451  0.5025 
   00388    0.4044   -5105.6122  0.4994 
   00389    0.3987   -5094.5578  0.5004 
   00390    0.3781   -5130.9398  0.5074 
   00391    0.4250   -5111.0701  0.5036 
   00392    0.4375   -5138.1987  0.5054 
   00393    0.4025   -5230.9962  0.5099 
   00394    0.4012   -5263.7344  0.5090 
   00395    0.4081   -5221.7124  0.5031 
   00396    0.4044   -5184.6833  0.4998 
   00397    0.4069   -5195.4106  0.5016 
   00398    0.4119   -5145.2401  0.5010 
   00399    0.4069   -5163.0546  0.5049 
   00400    0.3931   -5150.8872  0.5025 
   00401    0.3862   -5207.7357  0.5083 
   00402    0.3825   -5247.1399  0.5196 
   00403    0.4188   -5259.0107  0.5243 
   00404    0.3787   -5253.0992  0.5252 
   00405    0.4206   -5228.4991  0.5147 
   00406    0.4025   -5205.4620  0.5145 
   00407    0.4131   -5193.7540  0.5190 
   00408    0.4125   -5219.7597  0.5263 
   00409    0.4037   -5176.1798  0.5204 
   00410    0.3844   -5160.7902  0.5251 
   00411    0.4006   -5156.0127  0.5199 
   00412    0.4238   -5144.3962  0.5250 
   00413    0.3894   -5149.5091  0.5190 
   00414    0.4144   -5124.2832  0.5145 
   00415    0.4056   -5113.7012  0.5047 
   00416    0.4188   -5162.5495  0.5125 
   00417    0.3844   -5207.5795  0.5134 
   00418    0.4025   -5172.0841  0.5044 
   00419    0.4156   -5160.7629  0.5052 
   00420    0.4244   -5142.8869  0.5054 
   00421    0.3831   -5132.8730  0.5094 
   00422    0.4300   -5219.7277  0.5173 
   00423    0.4012   -5203.5015  0.5188 
   00424    0.4062   -5189.8217  0.5216 
   00425    0.4075   -5193.1640  0.5345 
   00426    0.3981   -5142.6956  0.5394 
   00427    0.4281   -5172.9971  0.5323 
   00428    0.4125   -5213.1984  0.5314 
   00429    0.4194   -5234.9470  0.5378 
   00430    0.4019   -5199.5680  0.5376 
   00431    0.4200   -5224.5552  0.5309 
   00432    0.4031   -5219.6729  0.5290 
   00433    0.4175   -5206.4063  0.5310 
   00434    0.4200   -5194.2651  0.5238 
   00435    0.3887   -5221.3677  0.5221 
   00436    0.4088   -5166.3333  0.5238 
   00437    0.3987   -5176.8308  0.5280 
   00438    0.4062   -5152.9537  0.5313 
   00439    0.4050   -5145.5711  0.5421 
   00440    0.3906   -5143.8573  0.5384 
   00441    0.4069   -5163.5158  0.5317 
   00442    0.3994   -5150.4614  0.5451 
   00443    0.4088   -5124.0771  0.5582 
   00444    0.3931   -5152.3215  0.5616 
   00445    0.4231   -5172.4566  0.5614 
   00446    0.4144   -5216.3012  0.5642 
   00447    0.3975   -5215.7718  0.5657 
   00448    0.3956   -5277.3688  0.5707 
   00449    0.3850   -5226.5584  0.5694 
   00450    0.3931   -5239.2472  0.5749 
   00451    0.4019   -5239.9115  0.5680 
   00452    0.3856   -5244.2870  0.5698 
   00453    0.4006   -5275.3737  0.5744 
   00454    0.3900   -5269.7185  0.5698 
   00455    0.3962   -5276.5337  0.5700 
   00456    0.4238   -5248.5924  0.5692 
   00457    0.4050   -5209.8960  0.5707 
   00458    0.3944   -5241.4400  0.5722 
   00459    0.4025   -5209.7467  0.5767 
   00460    0.4088   -5247.1705  0.5748 
   00461    0.3962   -5257.0268  0.5767 
   00462    0.4006   -5272.5843  0.5701 
   00463    0.3925   -5263.9785  0.5696 
   00464    0.4075   -5258.6796  0.5701 
   00465    0.3994   -5246.3347  0.5705 
   00466    0.4069   -5218.6372  0.5674 
   00467    0.3862   -5193.4846  0.5707 
   00468    0.4200   -5209.6439  0.5639 
   00469    0.4144   -5232.3280  0.5600 
   00470    0.4106   -5236.4029  0.5655 
   00471    0.4019   -5260.1783  0.5596 
   00472    0.3750   -5268.1100  0.5598 
   00473    0.4056   -5269.5076  0.5625 
   00474    0.4006   -5249.3041  0.5637 
   00475    0.3787   -5219.0711  0.5607 
   00476    0.3831   -5193.9905  0.5675 
   00477    0.4219   -5207.4233  0.5606 
   00478    0.3931   -5181.7372  0.5655 
   00479    0.4062   -5178.5514  0.5643 
   00480    0.3975   -5170.1806  0.5640 
   00481    0.4113   -5164.9058  0.5643 
   00482    0.4037   -5143.2398  0.5638 
   00483    0.4125   -5136.6618  0.5523 
   00484    0.4150   -5128.3927  0.5481 
   00485    0.4025   -5135.0764  0.5455 
   00486    0.4288   -5190.5541  0.5510 
   00487    0.4281   -5162.3456  0.5428 
   00488    0.3975   -5183.6160  0.5521 
   00489    0.4062   -5197.0855  0.5510 
   00490    0.4138   -5191.8845  0.5444 
   00491    0.4100   -5212.4270  0.5572 
   00492    0.4138   -5183.6987  0.5642 
   00493    0.4131   -5205.8594  0.5642 
   00494    0.3931   -5238.0351  0.5654 
   00495    0.4138   -5237.1013  0.5572 
   00496    0.3919   -5202.7564  0.5469 
   00497    0.3994   -5184.4539  0.5444 
   00498    0.4100   -5195.7261  0.5450 
   00499    0.4213   -5159.5328  0.5424 
   00500    0.4338   -5165.4931  0.5442 
   00501    0.4238   -5190.1407  0.5448 
   00502    0.4225   -5181.4093  0.5437 
   00503    0.4000   -5151.4920  0.5430 
   00504    0.3887   -5169.8206  0.5470 
   00505    0.4119   -5167.1437  0.5428 
   00506    0.4094   -5174.7771  0.5439 
   00507    0.3887   -5197.6667  0.5499 
   00508    0.4163   -5202.3256  0.5501 
   00509    0.3950   -5212.4221  0.5445 
   00510    0.3931   -5242.4219  0.5479 
   00511    0.4188   -5235.9310  0.5486 
   00512    0.4050   -5231.9691  0.5448 
   00513    0.4044   -5216.7030  0.5435 
   00514    0.4238   -5222.5180  0.5488 
   00515    0.4387   -5229.9071  0.5460 
   00516    0.4037   -5232.5606  0.5470 
   00517    0.4150   -5245.8632  0.5517 
   00518    0.3912   -5267.4690  0.5589 
   00519    0.3912   -5237.1677  0.5587 
   00520    0.3894   -5285.2820  0.5653 
   00521    0.3956   -5230.8450  0.5657 
   00522    0.3800   -5281.9285  0.5652 
   00523    0.3881   -5256.4693  0.5687 
   00524    0.3800   -5255.3899  0.5696 
   00525    0.3900   -5255.9086  0.5784 
   00526    0.4238   -5282.9773  0.5817 
   00527    0.4238   -5300.9528  0.5766 
   00528    0.3944   -5307.5417  0.5767 
   00529    0.4006   -5274.7236  0.5721 
   00530    0.3681   -5260.6536  0.5691 
   00531    0.4081   -5284.1447  0.5724 
   00532    0.4006   -5268.5263  0.5767 
   00533    0.3975   -5289.1542  0.5887 
   00534    0.3987   -5288.8754  0.5942 
   00535    0.4387   -5217.4708  0.5978 
   00536    0.3969   -5215.5534  0.5975 
   00537    0.3962   -5234.2832  0.5980 
   00538    0.4144   -5215.8201  0.6003 
   00539    0.4181   -5178.1672  0.6007 
   00540    0.4006   -5131.5835  0.5969 
   00541    0.4138   -5145.3186  0.5985 
   00542    0.4006   -5177.5946  0.6022 
   00543    0.3881   -5171.7497  0.6010 
   00544    0.4306   -5201.3942  0.6015 
   00545    0.3894   -5192.2553  0.6085 
   00546    0.4069   -5208.3408  0.6040 
   00547    0.3794   -5245.6658  0.6063 
   00548    0.3987   -5214.2202  0.6121 
   00549    0.4188   -5221.3571  0.6168 
   00550    0.3937   -5243.8116  0.6129 
   00551    0.4044   -5228.2885  0.6098 
   00552    0.4037   -5234.6862  0.6120 
   00553    0.4019   -5228.2449  0.6076 
   00554    0.4138   -5229.3665  0.6058 
   00555    0.3750   -5258.4729  0.6090 
   00556    0.4044   -5272.2269  0.6056 
   00557    0.3969   -5276.1850  0.6084 
   00558    0.3987   -5265.0544  0.6047 
   00559    0.4125   -5264.0543  0.6056 
   00560    0.3987   -5286.8682  0.5997 
   00561    0.3987   -5220.8426  0.5948 
   00562    0.4056   -5223.6619  0.5856 
   00563    0.4056   -5278.9040  0.5875 
   00564    0.4300   -5301.1293  0.5887 
   00565    0.4044   -5289.0013  0.5784 
   00566    0.4175   -5230.9509  0.5705 
   00567    0.4031   -5225.3620  0.5757 
   00568    0.3787   -5253.4828  0.5780 
   00569    0.4119   -5293.5564  0.5769 
   00570    0.4125   -5284.8331  0.5772 
   00571    0.4088   -5196.0420  0.5805 
   00572    0.4037   -5224.8663  0.5957 
   00573    0.3856   -5253.5503  0.5952 
   00574    0.3688   -5260.6371  0.5961 
   00575    0.4025   -5237.1501  0.5975 
   00576    0.4037   -5249.1493  0.6035 
   00577    0.4156   -5199.3378  0.5999 
   00578    0.4194   -5256.5644  0.5917 
   00579    0.4263   -5190.3683  0.5918 
   00580    0.4131   -5171.8054  0.5917 
   00581    0.3925   -5212.1126  0.5915 
   00582    0.3887   -5173.4271  0.5936 
   00583    0.3925   -5162.6195  0.5986 
   00584    0.4000   -5138.0097  0.5993 
   00585    0.4050   -5145.3205  0.6073 
   00586    0.3981   -5267.5458  0.6167 
   00587    0.3931   -5264.6919  0.6123 
   00588    0.4025   -5237.3282  0.6162 
   00589    0.3750   -5240.3103  0.6235 
   00590    0.4044   -5236.5771  0.6146 
   00591    0.4044   -5224.8871  0.6063 
   00592    0.3881   -5259.9898  0.6086 
   00593    0.4306   -5248.2233  0.6070 
   00594    0.3794   -5255.4399  0.6029 
   00595    0.3956   -5335.1761  0.6117 
   00596    0.3681   -5323.1810  0.6044 
   00597    0.3806   -5294.4117  0.6021 
   00598    0.3781   -5330.5007  0.5999 
   00599    0.3875   -5272.5286  0.5994 
   00600    0.4025   -5268.0702  0.6038 
   00601    0.3994   -5210.3349  0.5993 
   00602    0.3900   -5208.6391  0.6018 
   00603    0.4069   -5217.5199  0.5989 
   00604    0.4025   -5202.4119  0.5916 
   00605    0.4006   -5204.3837  0.6000 
   00606    0.4044   -5216.3954  0.6048 
   00607    0.4006   -5223.1234  0.5963 
   00608    0.3837   -5251.0930  0.5979 
   00609    0.4012   -5318.6460  0.6068 
   00610    0.3856   -5304.5379  0.6056 
   00611    0.3944   -5317.6790  0.6149 
   00612    0.3887   -5304.5362  0.6201 
   00613    0.4313   -5286.0374  0.6207 
   00614    0.3900   -5274.0557  0.6282 
   00615    0.4025   -5249.8586  0.6234 
   00616    0.3875   -5245.3743  0.6183 
   00617    0.4294   -5228.5337  0.6192 
   00618    0.3931   -5199.7786  0.6183 
   00619    0.4231   -5179.9758  0.6195 
   00620    0.3725   -5190.7843  0.6171 
   00621    0.3975   -5155.3803  0.6093 
   00622    0.4081   -5186.0671  0.6165 
   00623    0.3962   -5198.7929  0.6198 
   00624    0.4250   -5218.8182  0.6278 
   00625    0.4031   -5237.2649  0.6299 
   00626    0.4106   -5238.0591  0.6272 
   00627    0.3925   -5241.0404  0.6376 
   00628    0.3869   -5264.1012  0.6330 
   00629    0.3919   -5247.1726  0.6412 
   00630    0.3925   -5273.0160  0.6450 
   00631    0.3937   -5248.9890  0.6497 
   00632    0.4106   -5258.0730  0.6491 
   00633    0.3900   -5207.8668  0.6406 
   00634    0.4012   -5261.9040  0.6463 
   00635    0.4006   -5256.0938  0.6493 
   00636    0.3706   -5287.4419  0.6499 
   00637    0.4069   -5288.4546  0.6490 
   00638    0.3912   -5318.4157  0.6436 
   00639    0.4119   -5302.9262  0.6400 
   00640    0.4031   -5275.5307  0.6364 
   00641    0.3850   -5276.6592  0.6350 
   00642    0.4056   -5236.6024  0.6284 
   00643    0.4037   -5240.5555  0.6286 
   00644    0.4081   -5242.2810  0.6270 
   00645    0.4012   -5264.5103  0.6343 
   00646    0.4019   -5284.4504  0.6440 
   00647    0.4019   -5250.4230  0.6365 
   00648    0.4131   -5260.9065  0.6417 
   00649    0.4131   -5204.1663  0.6385 
   00650    0.3850   -5192.4120  0.6408 
   00651    0.3887   -5252.3498  0.6454 
   00652    0.3912   -5257.9240  0.6388 
   00653    0.4012   -5279.5818  0.6441 
   00654    0.3956   -5291.6711  0.6428 
   00655    0.4000   -5283.0788  0.6381 
   00656    0.3950   -5288.1697  0.6386 
   00657    0.4150   -5285.7220  0.6419 
   00658    0.4088   -5306.8190  0.6498 
   00659    0.3956   -5334.4941  0.6474 
   00660    0.4156   -5328.5219  0.6469 
   00661    0.3969   -5318.0984  0.6460 
   00662    0.3937   -5287.7796  0.6382 
   00663    0.3844   -5240.7187  0.6311 
   00664    0.3969   -5259.9444  0.6319 
   00665    0.4025   -5224.8140  0.6316 
   00666    0.3931   -5210.8343  0.6316 
   00667    0.3912   -5238.0498  0.6302 
   00668    0.3837   -5213.4239  0.6261 
   00669    0.3994   -5194.9118  0.6197 
   00670    0.4156   -5193.9080  0.6122 
   00671    0.4131   -5204.4130  0.6203 
   00672    0.3825   -5208.4821  0.6263 
   00673    0.3987   -5275.2298  0.6299 
   00674    0.4125   -5297.4201  0.6292 
   00675    0.4181   -5220.8992  0.6208 
   00676    0.3962   -5219.2898  0.6169 
   00677    0.4113   -5214.9303  0.6083 
   00678    0.4100   -5178.6215  0.6075 
   00679    0.4019   -5180.0252  0.6076 
   00680    0.3812   -5141.6585  0.5971 
   00681    0.3931   -5217.3753  0.5974 
   00682    0.4019   -5236.2686  0.5994 
   00683    0.3806   -5239.0986  0.5982 
   00684    0.3762   -5238.4070  0.6025 
   00685    0.4000   -5221.4698  0.6000 
   00686    0.4169   -5196.1306  0.6065 
   00687    0.3912   -5166.6873  0.5947 
   00688    0.4019   -5177.4645  0.5959 
   00689    0.4037   -5164.5315  0.5852 
   00690    0.4088   -5178.5907  0.5941 
   00691    0.3950   -5203.5454  0.5976 
   00692    0.4050   -5206.2962  0.5983 
   00693    0.4194   -5206.9596  0.6001 
   00694    0.4213   -5242.9503  0.5910 
   00695    0.3869   -5173.6096  0.5909 
   00696    0.3987   -5233.7681  0.5918 
   00697    0.4000   -5230.9492  0.6029 
   00698    0.3969   -5211.6616  0.6005 
   00699    0.4006   -5257.0578  0.6018 
   00700    0.4037   -5259.6580  0.6063 
   00701    0.4100   -5279.9825  0.6109 
   00702    0.4069   -5285.2419  0.6175 
   00703    0.3862   -5273.4032  0.6178 
   00704    0.4131   -5234.1739  0.6111 
   00705    0.4056   -5229.2758  0.6126 
   00706    0.3844   -5206.6213  0.6047 
   00707    0.4119   -5199.6532  0.6071 
   00708    0.4469   -5181.7528  0.6058 
   00709    0.4156   -5185.2378  0.6057 
   00710    0.4125   -5187.2421  0.6083 
   00711    0.4150   -5182.1570  0.6084 
   00712    0.4081   -5157.7777  0.6129 
   00713    0.4150   -5185.2077  0.6231 
   00714    0.4006   -5179.6712  0.6230 
   00715    0.4188   -5158.5448  0.6162 
   00716    0.3925   -5205.6977  0.6143 
   00717    0.3825   -5205.5362  0.6205 
   00718    0.4081   -5207.1681  0.6128 
   00719    0.3944   -5185.0112  0.6156 
   00720    0.3956   -5206.4719  0.6190 
   00721    0.4062   -5196.5892  0.6141 
   00722    0.3950   -5158.4391  0.6080 
   00723    0.3950   -5185.1798  0.6103 
   00724    0.3912   -5224.9039  0.6164 
   00725    0.3912   -5180.9950  0.6157 
   00726    0.4081   -5194.3997  0.6086 
   00727    0.4106   -5138.3676  0.6090 
   00728    0.4037   -5134.7844  0.6087 
   00729    0.4238   -5149.3723  0.6116 
   00730    0.4062   -5163.6438  0.6133 
   00731    0.3950   -5229.3005  0.6127 
   00732    0.4194   -5197.3692  0.6158 
   00733    0.3937   -5202.9996  0.6204 
   00734    0.4044   -5206.7558  0.6207 
   00735    0.4319   -5257.7380  0.6235 
   00736    0.4163   -5228.9036  0.6170 
   00737    0.3887   -5243.3868  0.6144 
   00738    0.4125   -5202.5568  0.6129 
   00739    0.4131   -5217.9711  0.6048 
   00740    0.4031   -5190.4567  0.5980 
   00741    0.3944   -5224.9348  0.5949 
   00742    0.4175   -5248.5049  0.5993 
   00743    0.4125   -5260.3726  0.5973 
   00744    0.4100   -5209.4645  0.6014 
   00745    0.4213   -5195.2639  0.6004 
   00746    0.4219   -5184.5157  0.6059 
   00747    0.3925   -5172.9688  0.6010 
   00748    0.4100   -5162.4147  0.5965 
   00749    0.4031   -5163.2011  0.5951 
   00750    0.4331   -5193.8255  0.5960 
   00751    0.4050   -5211.8826  0.5943 
   00752    0.4037   -5188.8695  0.5918 
   00753    0.4012   -5220.5887  0.5995 
   00754    0.4056   -5268.8868  0.6049 
   00755    0.4113   -5260.2447  0.6073 
   00756    0.3900   -5260.0088  0.6056 
   00757    0.4138   -5216.4117  0.6021 
   00758    0.4188   -5221.5041  0.6041 
   00759    0.4125   -5224.8753  0.6054 
   00760    0.3919   -5238.1960  0.6034 
   00761    0.3950   -5244.1024  0.6100 
   00762    0.4050   -5257.7682  0.6068 
   00763    0.4044   -5249.8988  0.6026 
   00764    0.3894   -5275.1834  0.6079 
   00765    0.4050   -5271.0858  0.6117 
   00766    0.3994   -5240.0637  0.6205 
   00767    0.3900   -5250.8137  0.6204 
   00768    0.4138   -5250.4057  0.6222 
   00769    0.3931   -5236.7453  0.6197 
   00770    0.3919   -5246.6140  0.6191 
   00771    0.3925   -5263.5571  0.6155 
   00772    0.4156   -5234.6194  0.6087 
   00773    0.3969   -5205.6094  0.5987 
   00774    0.4263   -5171.5727  0.5973 
   00775    0.4156   -5171.2140  0.5988 
   00776    0.4037   -5221.7914  0.6012 
   00777    0.4194   -5199.5490  0.5957 
   00778    0.4088   -5232.9557  0.6007 
   00779    0.3987   -5219.2811  0.5915 
   00780    0.4188   -5231.7913  0.5976 
   00781    0.3719   -5238.3878  0.6022 
   00782    0.3962   -5253.5819  0.6031 
   00783    0.4012   -5240.4623  0.6085 
   00784    0.4037   -5152.0365  0.6054 
   00785    0.3919   -5159.5333  0.6027 
   00786    0.4012   -5172.6226  0.5965 
   00787    0.3931   -5172.0802  0.6016 
   00788    0.4037   -5184.7335  0.6016 
   00789    0.4175   -5189.8552  0.6031 
   00790    0.3881   -5187.8883  0.5920 
   00791    0.4050   -5189.7176  0.5889 
   00792    0.4044   -5171.5289  0.5824 
   00793    0.3956   -5212.8461  0.5846 
   00794    0.4206   -5194.7076  0.5828 
   00795    0.4119   -5187.0739  0.5826 
   00796    0.4125   -5116.5022  0.5821 
   00797    0.4144   -5169.7336  0.5877 
   00798    0.4125   -5167.7225  0.6002 
   00799    0.4150   -5192.4952  0.6016 
   00800    0.3856   -5179.3180  0.5946 
   00801    0.3925   -5144.1609  0.5934 
   00802    0.4156   -5146.8488  0.5977 
   00803    0.4100   -5140.4937  0.5975 
   00804    0.4119   -5130.5559  0.6046 
   00805    0.4094   -5127.7682  0.5932 
   00806    0.4213   -5157.6020  0.5964 
   00807    0.4125   -5215.7624  0.6001 
   00808    0.3969   -5197.4669  0.5946 
   00809    0.3875   -5199.2581  0.6049 
   00810    0.4131   -5178.0187  0.6027 
   00811    0.4081   -5179.0316  0.6000 
   00812    0.4056   -5200.5022  0.6008 
   00813    0.3919   -5216.2893  0.6033 
   00814    0.4037   -5233.2092  0.6073 
   00815    0.3869   -5216.0634  0.5983 
   00816    0.4031   -5205.9200  0.5873 
   00817    0.4006   -5198.7025  0.5870 
   00818    0.4294   -5194.5942  0.5842 
   00819    0.4062   -5216.9927  0.5857 
   00820    0.3894   -5189.6398  0.5986 
   00821    0.4050   -5182.0715  0.5934 
   00822    0.3962   -5207.2847  0.5975 
   00823    0.4037   -5212.9918  0.5981 
   00824    0.4119   -5243.8021  0.6006 
   00825    0.4094   -5222.5832  0.6064 
   00826    0.4037   -5229.5143  0.6121 
   00827    0.3981   -5247.5810  0.6152 
   00828    0.4062   -5240.7942  0.6212 
   00829    0.4294   -5211.2084  0.6178 
   00830    0.3962   -5232.9282  0.6185 
   00831    0.3887   -5185.6210  0.6141 
   00832    0.4300   -5199.2988  0.6105 
   00833    0.3931   -5225.4185  0.6175 
   00834    0.4119   -5226.5260  0.6158 
   00835    0.3756   -5222.1987  0.6171 
   00836    0.4169   -5232.0386  0.6162 
   00837    0.4206   -5223.9359  0.6198 
   00838    0.4088   -5256.1840  0.6187 
   00839    0.3975   -5282.5520  0.6266 
   00840    0.4138   -5247.8605  0.6180 
   00841    0.4075   -5266.7014  0.6221 
   00842    0.3900   -5258.2909  0.6203 
   00843    0.3969   -5195.6323  0.6218 
   00844    0.3994   -5176.6809  0.6138 
   00845    0.4094   -5157.5637  0.6077 
   00846    0.4144   -5154.6663  0.6036 
   00847    0.4231   -5170.9599  0.5990 
   00848    0.4163   -5128.8273  0.5932 
   00849    0.4000   -5150.6043  0.5982 
   00850    0.4019   -5222.6582  0.5969 
   00851    0.4019   -5239.7891  0.6017 
   00852    0.4006   -5223.4528  0.6043 
   00853    0.3925   -5232.6041  0.6056 
   00854    0.4069   -5228.1571  0.6077 
   00855    0.4150   -5227.2987  0.6057 
   00856    0.4019   -5187.3501  0.6022 
   00857    0.4275   -5185.9110  0.5963 
   00858    0.3944   -5212.2132  0.5968 
   00859    0.3819   -5178.7008  0.5969 
   00860    0.4044   -5238.8430  0.6055 
   00861    0.3956   -5243.8126  0.6177 
   00862    0.3713   -5271.7983  0.6231 
   00863    0.3750   -5304.2836  0.6300 
   00864    0.4156   -5260.3688  0.6308 
   00865    0.4188   -5266.1098  0.6373 
   00866    0.4106   -5227.8427  0.6431 
   00867    0.3887   -5228.0084  0.6478 
   00868    0.4056   -5235.9960  0.6428 
   00869    0.4206   -5201.8885  0.6395 
   00870    0.4194   -5225.3177  0.6487 
   00871    0.3906   -5211.3289  0.6507 
   00872    0.3869   -5220.8411  0.6489 
   00873    0.4163   -5217.8361  0.6519 
   00874    0.3925   -5240.8774  0.6541 
   00875    0.4012   -5263.2720  0.6649 
   00876    0.3912   -5273.6334  0.6692 
   00877    0.4125   -5215.4557  0.6614 
   00878    0.4213   -5199.9933  0.6559 
   00879    0.4056   -5182.5569  0.6538 
   00880    0.4056   -5152.3041  0.6532 
   00881    0.3831   -5157.3843  0.6494 
   00882    0.4025   -5153.1933  0.6503 
   00883    0.4225   -5166.6939  0.6473 
   00884    0.4094   -5175.3030  0.6479 
   00885    0.4025   -5184.1669  0.6536 
   00886    0.4138   -5215.1914  0.6655 
   00887    0.4125   -5254.6562  0.6630 
   00888    0.4181   -5239.9018  0.6540 
   00889    0.4012   -5287.9754  0.6593 
   00890    0.4025   -5311.1720  0.6619 
   00891    0.3962   -5289.4672  0.6597 
   00892    0.4044   -5266.7307  0.6568 
   00893    0.4119   -5258.8071  0.6568 
   00894    0.4338   -5259.8486  0.6555 
   00895    0.4088   -5260.1597  0.6544 
   00896    0.3944   -5257.1673  0.6584 
   00897    0.3875   -5250.3610  0.6608 
   00898    0.3950   -5242.6650  0.6690 
   00899    0.4044   -5235.7581  0.6703 
   00900    0.3987   -5251.6691  0.6639 
   00901    0.4075   -5266.9608  0.6744 
   00902    0.3912   -5298.5787  0.6768 
   00903    0.4037   -5291.8304  0.6828 
   00904    0.3869   -5309.4585  0.6800 
   00905    0.4125   -5266.0579  0.6862 
   00906    0.4088   -5250.9166  0.6939 
   00907    0.4069   -5262.4692  0.6853 
   00908    0.4019   -5291.7874  0.6914 
   00909    0.4138   -5215.3194  0.6962 
   00910    0.4012   -5196.9069  0.6997 
   00911    0.4050   -5205.3513  0.6981 
   00912    0.4037   -5223.8065  0.6987 
   00913    0.3994   -5253.3859  0.7109 
   00914    0.4188   -5264.1324  0.7091 
   00915    0.3981   -5257.7024  0.7084 
   00916    0.3912   -5226.0715  0.7023 
   00917    0.3956   -5249.7675  0.7083 
   00918    0.4238   -5228.6787  0.7044 
   00919    0.4037   -5217.3073  0.7064 
   00920    0.4138   -5226.6758  0.7001 
   00921    0.3975   -5250.2643  0.7014 
   00922    0.4006   -5269.5205  0.7057 
   00923    0.4125   -5290.8718  0.7138 
   00924    0.4181   -5291.2271  0.7193 
   00925    0.4094   -5274.8053  0.7158 
   00926    0.4081   -5242.1128  0.7212 
   00927    0.3981   -5178.7377  0.7136 
   00928    0.3869   -5204.8434  0.7158 
   00929    0.4031   -5243.0735  0.7156 
   00930    0.4088   -5231.9185  0.7109 
   00931    0.3994   -5207.6069  0.7084 
   00932    0.3944   -5178.7349  0.7028 
   00933    0.4131   -5183.8452  0.7145 
   00934    0.3912   -5135.5205  0.7127 
   00935    0.4075   -5135.4425  0.7112 
   00936    0.4213   -5139.4837  0.7208 
   00937    0.3950   -5198.2326  0.7210 
   00938    0.3956   -5228.6042  0.7242 
   00939    0.4175   -5189.4345  0.7139 
   00940    0.4075   -5209.0571  0.7225 
   00941    0.4044   -5197.3167  0.7283 
   00942    0.4037   -5193.9133  0.7282 
   00943    0.4094   -5179.7797  0.7255 
   00944    0.4219   -5181.3318  0.7314 
   00945    0.4081   -5231.0322  0.7357 
   00946    0.3825   -5275.2612  0.7365 
   00947    0.4081   -5269.7409  0.7354 
   00948    0.4350   -5264.6117  0.7447 
   00949    0.3975   -5252.0318  0.7459 
   00950    0.3987   -5269.7414  0.7553 
   00951    0.3900   -5259.2038  0.7540 
   00952    0.4275   -5262.4659  0.7588 
   00953    0.3931   -5270.6979  0.7648 
   00954    0.4150   -5234.9299  0.7634 
   00955    0.4131   -5245.0915  0.7651 
   00956    0.4056   -5262.7079  0.7674 
   00957    0.3869   -5215.9423  0.7585 
   00958    0.3900   -5272.2044  0.7592 
   00959    0.4138   -5246.4185  0.7484 
   00960    0.3925   -5248.7163  0.7498 
   00961    0.4050   -5232.1600  0.7478 
   00962    0.4188   -5227.6203  0.7467 
   00963    0.3819   -5226.2446  0.7489 
   00964    0.3850   -5246.5230  0.7484 
   00965    0.3962   -5266.5296  0.7466 
   00966    0.4037   -5217.9326  0.7460 
   00967    0.4131   -5226.4526  0.7487 
   00968    0.4163   -5257.2465  0.7544 
   00969    0.4062   -5285.5576  0.7593 
   00970    0.3981   -5269.1496  0.7587 
   00971    0.4050   -5243.9540  0.7588 
   00972    0.4025   -5262.8178  0.7607 
   00973    0.4206   -5277.2473  0.7656 
   00974    0.3919   -5321.1579  0.7727 
   00975    0.3931   -5311.4553  0.7768 
   00976    0.4138   -5315.7507  0.7813 
   00977    0.3919   -5320.7918  0.7756 
   00978    0.4094   -5291.7051  0.7708 
   00979    0.3994   -5275.0273  0.7609 
   00980    0.4081   -5236.4265  0.7571 
   00981    0.4031   -5253.6162  0.7557 
   00982    0.4144   -5222.2188  0.7535 
   00983    0.4088   -5204.4140  0.7486 
   00984    0.4081   -5195.1261  0.7541 
   00985    0.3987   -5195.7498  0.7567 
   00986    0.4025   -5159.4225  0.7569 
   00987    0.3919   -5166.5543  0.7588 
   00988    0.4044   -5188.8093  0.7596 
   00989    0.4181   -5229.1624  0.7593 
   00990    0.4163   -5210.8013  0.7566 
   00991    0.4056   -5181.1732  0.7486 
   00992    0.4006   -5188.0943  0.7492 
   00993    0.3994   -5235.0387  0.7536 
   00994    0.4050   -5229.3835  0.7555 
   00995    0.4037   -5260.3975  0.7560 
   00996    0.3925   -5218.0744  0.7515 
   00997    0.3862   -5211.0996  0.7454 
   00998    0.4062   -5202.6606  0.7482 
   00999    0.4025   -5188.4363  0.7457 
   01000    0.3900   -5177.5131  0.7474 
