#=====================================================
# File created:        Mon-06-Nov-2023-at-11-38-05AM
# Size of lattice:     80x80
# Number of MC steps:  1000
# Reduced temperature: 1.600
# Run time (s):        160.845259
#=====================================================
# MC step:  Ratio:     Energy:   Order:
#=====================================================
   00000    0.5000   -6468.3920  0.2592 
   00001    0.7325   -7302.6739  0.2603 
   00002    0.7281   -7918.2480  0.2569 
   00003    0.7350   -8533.0814  0.2578 
   00004    0.7031   -8897.0619  0.2568 
   00005    0.6750   -9196.0350  0.2557 
   00006    0.7069   -9414.1357  0.2584 
   00007    0.6819   -9660.7951  0.2585 
   00008    0.6694   -9903.7624  0.2574 
   00009    0.6656  -10016.8888  0.2540 
   00010    0.6719  -10068.7273  0.2638 
   00011    0.6506  -10296.2257  0.2670 
   00012    0.6656  -10368.8414  0.2657 
   00013    0.6719  -10590.9246  0.2611 
   00014    0.6625  -10782.1708  0.2657 
   00015    0.6325  -10795.9658  0.2618 
   00016    0.6469  -10860.5472  0.2603 
   00017    0.6256  -10906.6522  0.2616 
   00018    0.6469  -11011.0275  0.2620 
   00019    0.6400  -11066.0729  0.2620 
   00020    0.6562  -11027.6417  0.2567 
   00021    0.6400  -11064.5509  0.2596 
   00022    0.6494  -10947.5403  0.2597 
   00023    0.6325  -11033.2272  0.2543 
   00024    0.6381  -10981.1236  0.2553 
   00025    0.6475  -10983.7778  0.2560 
   00026    0.6200  -10984.6202  0.2539 
   00027    0.6394  -11004.3395  0.2575 
   00028    0.6275  -11046.5926  0.2561 
   00029    0.6388  -11129.9262  0.2553 
   00030    0.6206  -11135.0271  0.2584 
   00031    0.6169  -11220.1005  0.2604 
   00032    0.6331  -11172.5483  0.2567 
   00033    0.6169  -11194.5536  0.2554 
   00034    0.6181  -11287.0373  0.2603 
   00035    0.6306  -11289.6407  0.2633 
   00036    0.6188  -11199.7101  0.2650 
   00037    0.6275  -11311.8527  0.2614 
   00038    0.6425  -11232.0466  0.2590 
   00039    0.6331  -11143.3421  0.2577 
   00040    0.6325  -11154.2943  0.2560 
   00041    0.6200  -11216.5755  0.2597 
   00042    0.6119  -11274.7533  0.2618 
   00043    0.6256  -11247.0470  0.2623 
   00044    0.6306  -11250.0925  0.2664 
   00045    0.6144  -11243.9412  0.2672 
   00046    0.6362  -11245.2489  0.2666 
   00047    0.6381  -11281.7439  0.2649 
   00048    0.6331  -11259.5208  0.2680 
   00049    0.6269  -11226.8403  0.2694 
   00050    0.6362  -11048.1413  0.2653 
   00051    0.6350  -11128.5806  0.2679 
   00052    0.6350  -11279.8589  0.2672 
   00053    0.6144  -11304.5662  0.2659 
   00054    0.6362  -11274.1200  0.2665 
   00055    0.6306  -11267.5864  0.2687 
   00056    0.6406  -11343.2385  0.2684 
   00057    0.6150  -11339.5378  0.2705 
   00058    0.6206  -11350.6199  0.2710 
   00059    0.6356  -11289.5524  0.2686 
   00060    0.6362  -11354.0527  0.2707 
   00061    0.6288  -11438.2115  0.2736 
   00062    0.6344  -11404.1564  0.2675 
   00063    0.6275  -11410.5825  0.2714 
   00064    0.6175  -11404.4022  0.2689 
   00065    0.6206  -11279.5876  0.2646 
   00066    0.6406  -11183.4295  0.2678 
   00067    0.6325  -11273.0348  0.2661 
   00068    0.6081  -11329.2022  0.2703 
   00069    0.6050  -11316.4716  0.2754 
   00070    0.6306  -11314.0391  0.2721 
   00071    0.6181  -11370.2193  0.2650 
   00072    0.6281  -11337.0394  0.2643 
   00073    0.6406  -11333.1671  0.2658 
   00074    0.6319  -11322.7314  0.2657 
   00075    0.6312  -11378.3785  0.2620 
   00076    0.6362  -11366.3484  0.2628 
   00077    0.6338  -11284.2404  0.2597 
   00078    0.6438  -11230.7832  0.2590 
   00079    0.6262  -11256.9305  0.2608 
   00080    0.6175  -11302.2265  0.2596 
   00081    0.6200  -11207.9024  0.2595 
   00082    0.6156  -11238.8630  0.2575 
   00083    0.6225  -11215.4291  0.2550 
   00084    0.6288  -11243.9055  0.2530 
   00085    0.6388  -11246.8717  0.2565 
   00086    0.6412  -11336.4063  0.2558 
   00087    0.6262  -11325.1085  0.2575 
   00088    0.6100  -11384.4971  0.2602 
   00089    0.6131  -11389.5630  0.2586 
   00090    0.6225  -11321.2709  0.2569 
   00091    0.6450  -11266.8671  0.2535 
   00092    0.6112  -11202.5579  0.2554 
   00093    0.6275  -11224.0368  0.2578 
   00094    0.6219  -11223.0671  0.2541 
   00095    0.6488  -11230.2539  0.2516 
   00096    0.6438  -11217.5577  0.2567 
   00097    0.6250  -11347.9124  0.2580 
   00098    0.6381  -11274.7897  0.2580 
   00099    0.6300  -11256.9560  0.2511 
   00100    0.6269  -11290.6630  0.2565 
   00101    0.6150  -11233.1781  0.2566 
   00102    0.6075  -11287.1555  0.2572 
   00103    0.6069  -11305.5474  0.2527 
   00104    0.6381  -11298.3954  0.2524 
   00105    0.6350  -11194.0982  0.2517 
   00106    0.6231  -11237.7905  0.2535 
   00107    0.6281  -11300.3942  0.2553 
   00108    0.6362  -11366.3669  0.2578 
   00109    0.6181  -11435.7772  0.2557 
   00110    0.6281  -11371.9090  0.2573 
   00111    0.6225  -11315.1095  0.2590 
   00112    0.6256  -11337.4855  0.2594 
   00113    0.6431  -11330.3167  0.2604 
   00114    0.6288  -11324.4173  0.2608 
   00115    0.6338  -11379.3550  0.2658 
   00116    0.6369  -11398.2563  0.2671 
   00117    0.6112  -11374.3612  0.2659 
   00118    0.6262  -11308.0042  0.2635 
   00119    0.6200  -11244.8863  0.2701 
   00120    0.6256  -11357.2241  0.2723 
   00121    0.6169  -11379.9182  0.2697 
   00122    0.6269  -11312.4492  0.2690 
   00123    0.6275  -11271.8296  0.2730 
   00124    0.6225  -11160.8465  0.2730 
   00125    0.6169  -11199.2405  0.2766 
   00126    0.6188  -11184.0180  0.2761 
   00127    0.6144  -11257.6897  0.2694 
   00128    0.6169  -11258.5547  0.2672 
   00129    0.6112  -11166.8831  0.2645 
   00130    0.6562  -11187.5060  0.2637 
   00131    0.6362  -11220.2594  0.2643 
   00132    0.6262  -11252.2159  0.2669 
   00133    0.6131  -11269.7795  0.2650 
   00134    0.6000  -11122.2782  0.2659 
   00135    0.6331  -11214.2790  0.2704 
   00136    0.6212  -11260.9190  0.2736 
   00137    0.6175  -11207.0260  0.2727 
   00138    0.6244  -11152.3398  0.2709 
   00139    0.6231  -11162.4486  0.2655 
   00140    0.6394  -11217.3195  0.2583 
   00141    0.6238  -11286.5723  0.2566 
   00142    0.6275  -11118.5982  0.2559 
   00143    0.6512  -11177.0893  0.2542 
   00144    0.6244  -11353.3850  0.2543 
   00145    0.6250  -11393.5531  0.2557 
   00146    0.6219  -11367.0664  0.2631 
   00147    0.6238  -11355.0527  0.2645 
   00148    0.6288  -11429.5547  0.2673 
   00149    0.6081  -11298.1290  0.2694 
   00150    0.6262  -11329.0298  0.2743 
   00151    0.6238  -11392.1715  0.2736 
   00152    0.6338  -11369.3692  0.2744 
   00153    0.6162  -11242.4912  0.2757 
   00154    0.6269  -11211.6003  0.2769 
   00155    0.6394  -11244.7946  0.2751 
   00156    0.6262  -11302.6238  0.2769 
   00157    0.6181  -11371.0688  0.2750 
   00158    0.6362  -11381.0966  0.2744 
   00159    0.6162  -11349.2373  0.2665 
   00160    0.6188  -11166.4775  0.2664 
   00161    0.6300  -11227.7620  0.2716 
   00162    0.6112  -11199.5424  0.2698 
   00163    0.6512  -11260.1276  0.2686 
   00164    0.6256  -11247.4982  0.2671 
   00165    0.5950  -11358.7151  0.2675 
   00166    0.6356  -11252.6919  0.2673 
   00167    0.6325  -11262.0007  0.2635 
   00168    0.6162  -11182.7162  0.2626 
   00169    0.6156  -11246.8570  0.2648 
   00170    0.5988  -11222.8943  0.2699 
   00171    0.6344  -11245.7308  0.2722 
   00172    0.6375  -11221.4316  0.2773 
   00173    0.6331  -11230.5083  0.2756 
   00174    0.6369  -11232.6463  0.2724 
   00175    0.6362  -11168.3407  0.2712 
   00176    0.6394  -11155.4998  0.2676 
   00177    0.6406  -11072.6546  0.2652 
   00178    0.6100  -11195.3975  0.2663 
   00179    0.6419  -11242.3498  0.2652 
   00180    0.6331  -11248.4119  0.2615 
   00181    0.6300  -11240.3830  0.2625 
   00182    0.6219  -11287.6208  0.2636 
   00183    0.6331  -11345.0546  0.2639 
   00184    0.6144  -11325.9163  0.2623 
   00185    0.6200  -11334.6372  0.2603 
   00186    0.6256  -11348.2429  0.2604 
   00187    0.6131  -11289.1142  0.2587 
   00188    0.6450  -11256.7881  0.2631 
   00189    0.6306  -11215.9728  0.2668 
   00190    0.6362  -11167.9964  0.2662 
   00191    0.6262  -11172.3052  0.2677 
   00192    0.6175  -11209.6736  0.2673 
   00193    0.6431  -11142.7199  0.2753 
   00194    0.6250  -11256.3499  0.2761 
   00195    0.6375  -11296.3553  0.2748 
   00196    0.6306  -11250.4023  0.2700 
   00197    0.6281  -11367.8862  0.2680 
   00198    0.6269  -11437.8057  0.2653 
   00199    0.6319  -11397.3619  0.2702 
   00200    0.6269  -11392.8102  0.2731 
   00201    0.6144  -11408.6899  0.2702 
   00202    0.6338  -11324.5101  0.2748 
   00203    0.5981  -11387.8381  0.2782 
   00204    0.5981  -11418.5817  0.2768 
   00205    0.6112  -11298.2354  0.2762 
   00206    0.6219  -11344.6845  0.2748 
   00207    0.6188  -11381.2088  0.2735 
   00208    0.6412  -11389.3660  0.2736 
   00209    0.6094  -11334.6353  0.2721 
   00210    0.6106  -11273.2444  0.2731 
   00211    0.6444  -11309.3705  0.2733 
   00212    0.6250  -11294.3069  0.2775 
   00213    0.6419  -11346.3316  0.2784 
   00214    0.6062  -11294.0090  0.2832 
   00215    0.6300  -11268.8846  0.2837 
   00216    0.6162  -11238.4367  0.2806 
   00217    0.6181  -11173.8477  0.2793 
   00218    0.6244  -11254.1454  0.2783 
   00219    0.6425  -11159.6821  0.2802 
   00220    0.6300  -11303.4139  0.2821 
   00221    0.6469  -11231.0885  0.2809 
   00222    0.6444  -11268.9871  0.2801 
   00223    0.6338  -11235.8421  0.2761 
   00224    0.6412  -11197.0495  0.2725 
   00225    0.6438  -11288.0473  0.2702 
   00226    0.6231  -11327.5924  0.2649 
   00227    0.6225  -11384.9411  0.2612 
   00228    0.6219  -11306.4355  0.2576 
   00229    0.6219  -11272.5994  0.2545 
   00230    0.6150  -11255.0405  0.2542 
   00231    0.6294  -11272.8580  0.2527 
   00232    0.6181  -11309.7086  0.2525 
   00233    0.6125  -11315.7325  0.2554 
   00234    0.6406  -11323.9863  0.2592 
   00235    0.6100  -11346.4837  0.2599 
   00236    0.6350  -11378.1581  0.2605 
   00237    0.6425  -11445.0794  0.2582 
   00238    0.6238  -11349.8665  0.2522 
   00239    0.6350  -11219.6613  0.2549 
   00240    0.6238  -11184.4632  0.2576 
   00241    0.6250  -11216.4038  0.2606 
   00242    0.6475  -11190.8873  0.2569 
   00243    0.6469  -11212.8012  0.2594 
   00244    0.6050  -11160.8660  0.2557 
   00245    0.6194  -11110.5131  0.2614 
   00246    0.6300  -11231.4323  0.2618 
   00247    0.6406  -11245.3408  0.2588 
   00248    0.6475  -11212.4772  0.2573 
   00249    0.6500  -11223.6580  0.2551 
   00250    0.6300  -11182.8179  0.2620 
   00251    0.6375  -11193.6711  0.2629 
   00252    0.5981  -11171.4808  0.2658 
   00253    0.6281  -11118.4718  0.2667 
   00254    0.6338  -11144.4518  0.2645 
   00255    0.6219  -11176.9926  0.2668 
   00256    0.6375  -11094.5794  0.2618 
   00257    0.6244  -10981.9376  0.2592 
   00258    0.6344  -10945.4379  0.2605 
   00259    0.6575  -11042.9927  0.2596 
   00260    0.6444  -10955.0854  0.2532 
   00261    0.6338  -10968.2378  0.2558 
   00262    0.6362  -11056.5983  0.2550 
   00263    0.6394  -10930.0706  0.2517 
   00264    0.6212  -10870.3169  0.2586 
   00265    0.6362  -10825.8953  0.2621 
   00266    0.6462  -10845.9414  0.2665 
   00267    0.6356  -10918.3489  0.2669 
   00268    0.6438  -10925.2995  0.2742 
   00269    0.6419  -10960.8571  0.2712 
   00270    0.6381  -11064.6617  0.2718 
   00271    0.6275  -11068.9469  0.2719 
   00272    0.6119  -11179.3306  0.2676 
   00273    0.6188  -11184.4536  0.2706 
   00274    0.6231  -11152.5200  0.2670 
   00275    0.6481  -11107.3643  0.2657 
   00276    0.6388  -11100.9437  0.2618 
   00277    0.6362  -11113.4378  0.2596 
   00278    0.6375  -10989.3681  0.2574 
   00279    0.6325  -11104.2494  0.2560 
   00280    0.6312  -11052.9429  0.2597 
   00281    0.6244  -11156.3555  0.2575 
   00282    0.6188  -11141.1102  0.2587 
   00283    0.6144  -11159.5624  0.2547 
   00284    0.6225  -11271.3762  0.2559 
   00285    0.6362  -11257.7681  0.2522 
   00286    0.6156  -11226.9943  0.2532 
   00287    0.6388  -11147.6478  0.2521 
   00288    0.6406  -11138.3627  0.2600 
   00289    0.6369  -11123.7735  0.2582 
   00290    0.6294  -11233.7296  0.2597 
   00291    0.6288  -11116.7509  0.2612 
   00292    0.6650  -11069.2856  0.2572 
   00293    0.6225  -11129.2855  0.2620 
   00294    0.6312  -11171.9173  0.2660 
   00295    0.6338  -11231.8624  0.2695 
   00296    0.6288  -11129.9613  0.2714 
   00297    0.6262  -11242.0851  0.2742 
   00298    0.6388  -11333.9294  0.2631 
   00299    0.6112  -11345.4038  0.2661 
   00300    0.6431  -11359.4740  0.2700 
   00301    0.6119  -11369.8993  0.2712 
   00302    0.6325  -11307.8185  0.2762 
   00303    0.6338  -11326.2076  0.2736 
   00304    0.6462  -11194.1797  0.2731 
   00305    0.6275  -11134.0395  0.2722 
   00306    0.6156  -11218.8532  0.2771 
   00307    0.6369  -11133.6446  0.2744 
   00308    0.6425  -11070.7735  0.2673 
   00309    0.6469  -11158.9611  0.2718 
   00310    0.6100  -11126.4443  0.2735 
   00311    0.6294  -10950.0378  0.2759 
   00312    0.6175  -11033.0894  0.2751 
   00313    0.6256  -11139.8033  0.2719 
   00314    0.6362  -11227.9530  0.2670 
   00315    0.6369  -11137.1400  0.2674 
   00316    0.6150  -11190.8869  0.2642 
   00317    0.6475  -11234.7850  0.2672 
   00318    0.6256  -11160.6999  0.2649 
   00319    0.6031  -11156.3189  0.2687 
   00320    0.6350  -11075.5150  0.2674 
   00321    0.6275  -11165.9591  0.2664 
   00322    0.6319  -11160.2789  0.2669 
   00323    0.6488  -11225.3053  0.2639 
   00324    0.6188  -11242.8106  0.2549 
   00325    0.6325  -11353.9075  0.2554 
   00326    0.6238  -11424.0276  0.2569 
   00327    0.6162  -11381.5664  0.2538 
   00328    0.6212  -11404.9069  0.2533 
   00329    0.6262  -11357.0209  0.2560 
   00330    0.6388  -11391.3287  0.2551 
   00331    0.6144  -11345.0706  0.2567 
   00332    0.6212  -11361.7900  0.2545 
   00333    0.6394  -11318.5443  0.2587 
   00334    0.6425  -11361.1260  0.2574 
   00335    0.6144  -11468.5895  0.2542 
   00336    0.6169  -11405.0318  0.2560 
   00337    0.6181  -11330.6264  0.2592 
   00338    0.6288  -11376.1780  0.2624 
   00339    0.6412  -11390.4855  0.2615 
   00340    0.6169  -11334.3483  0.2620 
   00341    0.6425  -11339.4305  0.2541 
   00342    0.5887  -11360.9348  0.2555 
   00343    0.6206  -11442.7424  0.2551 
   00344    0.6244  -11381.5594  0.2622 
   00345    0.6144  -11331.7930  0.2633 
   00346    0.6212  -11368.3996  0.2660 
   00347    0.6350  -11322.7751  0.2666 
   00348    0.6112  -11201.0595  0.2664 
   00349    0.6112  -11058.5717  0.2724 
   00350    0.6456  -11112.4456  0.2694 
   00351    0.6169  -11265.9994  0.2750 
   00352    0.6294  -11283.1659  0.2762 
   00353    0.6200  -11296.3770  0.2765 
   00354    0.6112  -11356.7379  0.2781 
   00355    0.6206  -11375.8268  0.2766 
   00356    0.6088  -11339.0956  0.2805 
   00357    0.6169  -11390.8482  0.2802 
   00358    0.6212  -11461.5846  0.2810 
   00359    0.6212  -11442.6618  0.2772 
   00360    0.6256  -11367.2254  0.2748 
   00361    0.6306  -11432.5289  0.2778 
   00362    0.6206  -11446.9211  0.2817 
   00363    0.6119  -11348.3832  0.2843 
   00364    0.6262  -11365.4818  0.2845 
   00365    0.6244  -11428.0333  0.2799 
   00366    0.5800  -11414.6795  0.2839 
   00367    0.6312  -11350.7324  0.2752 
   00368    0.6162  -11248.4428  0.2763 
   00369    0.6356  -11248.1436  0.2770 
   00370    0.6275  -11315.1489  0.2751 
   00371    0.6344  -11317.6810  0.2649 
   00372    0.6144  -11256.9587  0.2647 
   00373    0.6244  -11296.3569  0.2632 
   00374    0.6362  -11224.5517  0.2626 
   00375    0.6131  -11333.2255  0.2629 
   00376    0.6038  -11335.4028  0.2674 
   00377    0.6181  -11343.5974  0.2683 
   00378    0.6406  -11395.9948  0.2658 
   00379    0.6450  -11325.7885  0.2692 
   00380    0.6062  -11282.4726  0.2698 
   00381    0.6600  -11318.7247  0.2674 
   00382    0.6106  -11329.4943  0.2689 
   00383    0.6125  -11298.9076  0.2698 
   00384    0.6138  -11338.5884  0.2638 
   00385    0.6350  -11366.9975  0.2626 
   00386    0.6294  -11423.5552  0.2600 
   00387    0.6312  -11298.5093  0.2642 
   00388    0.6225  -11328.5202  0.2602 
   00389    0.6138  -11429.6436  0.2549 
   00390    0.6325  -11428.7814  0.2606 
   00391    0.6181  -11422.7613  0.2648 
   00392    0.6188  -11419.1622  0.2640 
   00393    0.6344  -11464.0173  0.2681 
   00394    0.6312  -11390.3855  0.2712 
   00395    0.6075  -11302.6372  0.2656 
   00396    0.6162  -11281.8409  0.2713 
   00397    0.6356  -11408.1338  0.2699 
   00398    0.6344  -11399.5523  0.2714 
   00399    0.6231  -11442.1307  0.2736 
   00400    0.6281  -11400.4850  0.2745 
   00401    0.6212  -11488.4706  0.2728 
   00402    0.6181  -11418.7964  0.2768 
   00403    0.6169  -11307.0216  0.2784 
   00404    0.6350  -11348.4154  0.2693 
   00405    0.6381  -11303.2388  0.2638 
   00406    0.6244  -11233.9958  0.2615 
   00407    0.6344  -11155.6685  0.2612 
   00408    0.6356  -11212.3629  0.2601 
   00409    0.6150  -11286.5520  0.2636 
   00410    0.6344  -11305.3816  0.2609 
   00411    0.6150  -11342.1045  0.2644 
   00412    0.6181  -11342.7135  0.2670 
   00413    0.6281  -11229.0582  0.2663 
   00414    0.6400  -11264.9556  0.2681 
   00415    0.6319  -11211.4252  0.2737 
   00416    0.6388  -11243.0073  0.2744 
   00417    0.6212  -11233.0851  0.2767 
   00418    0.6350  -11147.6247  0.2715 
   00419    0.6138  -11314.7840  0.2721 
   00420    0.6238  -11495.9987  0.2752 
   00421    0.6256  -11509.4209  0.2757 
   00422    0.6031  -11564.7590  0.2743 
   00423    0.6288  -11534.3503  0.2760 
   00424    0.6094  -11504.4116  0.2764 
   00425    0.6175  -11465.7790  0.2764 
   00426    0.6156  -11360.3717  0.2693 
   00427    0.6181  -11354.4624  0.2693 
   00428    0.5956  -11394.4306  0.2681 
   00429    0.6250  -11218.9136  0.2658 
   00430    0.6394  -11096.6972  0.2674 
   00431    0.6200  -11061.5635  0.2620 
   00432    0.6281  -10998.2391  0.2583 
   00433    0.6375  -10955.3812  0.2622 
   00434    0.6156  -11018.3801  0.2613 
   00435    0.6319  -11043.5743  0.2598 
   00436    0.6362  -11036.6408  0.2607 
   00437    0.6194  -11047.1609  0.2604 
   00438    0.6262  -11045.4842  0.2605 
   00439    0.6356  -11061.1254  0.2633 
   00440    0.6381  -11113.0661  0.2588 
   00441    0.6181  -11198.0050  0.2605 
   00442    0.6269  -11226.2167  0.2632 
   00443    0.6244  -11288.9126  0.2692 
   00444    0.6156  -11193.1642  0.2742 
   00445    0.6294  -11188.5508  0.2698 
   00446    0.6406  -11102.8466  0.2663 
   00447    0.6456  -11119.3111  0.2715 
   00448    0.6156  -11046.3807  0.2759 
   00449    0.6412  -11111.3209  0.2735 
   00450    0.6538  -11050.2373  0.2780 
   00451    0.6412  -10990.0019  0.2769 
   00452    0.6294  -11175.1724  0.2779 
   00453    0.6006  -11185.4611  0.2801 
   00454    0.6288  -11138.2921  0.2837 
   00455    0.6481  -11148.6875  0.2771 
   00456    0.6331  -11108.6970  0.2740 
   00457    0.6412  -11113.1655  0.2721 
   00458    0.6312  -11246.4561  0.2753 
   00459    0.6212  -11303.6596  0.2758 
   00460    0.6125  -11379.6231  0.2772 
   00461    0.6306  -11363.3656  0.2809 
   00462    0.6331  -11259.5417  0.2831 
   00463    0.6294  -11287.8677  0.2825 
   00464    0.6400  -11270.6401  0.2797 
   00465    0.6350  -11298.2542  0.2791 
   00466    0.6350  -11248.1882  0.2742 
   00467    0.6331  -11311.0654  0.2772 
   00468    0.6281  -11299.3376  0.2761 
   00469    0.6250  -11288.0307  0.2714 
   00470    0.6294  -11351.6307  0.2741 
   00471    0.6275  -11308.7502  0.2710 
   00472    0.6231  -11249.9877  0.2736 
   00473    0.6238  -11411.0095  0.2676 
   00474    0.6162  -11362.6776  0.2656 
   00475    0.6250  -11307.4617  0.2625 
   00476    0.6306  -11260.0549  0.2646 
   00477    0.6212  -11180.7765  0.2636 
   00478    0.6331  -11118.4499  0.2581 
   00479    0.6300  -10974.7594  0.2554 
   00480    0.6350  -10899.8665  0.2552 
   00481    0.6388  -10933.0398  0.2543 
   00482    0.6431  -10972.9548  0.2528 
   00483    0.6369  -10967.6517  0.2521 
   00484    0.6444  -11049.4876  0.2530 
   00485    0.6406  -11009.1470  0.2533 
   00486    0.6512  -11008.9247  0.2544 
   00487    0.6338  -11065.9049  0.2524 
   00488    0.6250  -11138.7798  0.2542 
   00489    0.6325  -11105.8889  0.2545 
   00490    0.6306  -11167.9611  0.2574 
   00491    0.6294  -11254.9811  0.2544 
   00492    0.6144  -11182.4063  0.2606 
   00493    0.6106  -11201.5832  0.2596 
   00494    0.6081  -11197.2821  0.2605 
   00495    0.6081  -11130.1500  0.2596 
   00496    0.6312  -11049.3489  0.2594 
   00497    0.6175  -11066.8441  0.2578 
   00498    0.6444  -10994.0389  0.2613 
   00499    0.6325  -10988.8442  0.2639 
   00500    0.6375  -11053.3095  0.2657 
   00501    0.6381  -11054.3112  0.2646 
   00502    0.6256  -11162.2708  0.2648 
   00503    0.6281  -11157.4241  0.2647 
   00504    0.6238  -11183.1695  0.2621 
   00505    0.6281  -11186.2361  0.2632 
   00506    0.6425  -11321.9708  0.2720 
   00507    0.6050  -11434.7211  0.2726 
   00508    0.6469  -11427.9442  0.2775 
   00509    0.6081  -11342.1043  0.2767 
   00510    0.6388  -11253.7970  0.2751 
   00511    0.6338  -11278.9325  0.2727 
   00512    0.6200  -11282.6270  0.2733 
   00513    0.6012  -11364.6143  0.2754 
   00514    0.6300  -11281.9400  0.2762 
   00515    0.6188  -11420.2277  0.2714 
   00516    0.6162  -11458.3036  0.2679 
   00517    0.6481  -11336.6987  0.2704 
   00518    0.6456  -11333.1316  0.2669 
   00519    0.6162  -11390.2595  0.2700 
   00520    0.6269  -11326.3232  0.2684 
   00521    0.6119  -11351.0006  0.2643 
   00522    0.6369  -11376.3159  0.2616 
   00523    0.6300  -11324.3294  0.2616 
   00524    0.6181  -11275.3096  0.2662 
   00525    0.6381  -11186.7184  0.2613 
   00526    0.6406  -11116.6670  0.2630 
   00527    0.6262  -11150.9794  0.2637 
   00528    0.6356  -11287.5791  0.2595 
   00529    0.6288  -11346.5369  0.2660 
   00530    0.6331  -11212.4474  0.2651 
   00531    0.6069  -11166.1124  0.2644 
   00532    0.6256  -11239.4590  0.2629 
   00533    0.6431  -11244.5208  0.2623 
   00534    0.6050  -11158.6212  0.2618 
   00535    0.6338  -11157.0539  0.2613 
   00536    0.6256  -11133.6105  0.2615 
   00537    0.6338  -11115.4688  0.2645 
   00538    0.6550  -11173.5919  0.2703 
   00539    0.6250  -11164.5117  0.2743 
   00540    0.6331  -11095.7440  0.2754 
   00541    0.6188  -11160.2071  0.2758 
   00542    0.6112  -11273.6971  0.2707 
   00543    0.6244  -11154.4416  0.2655 
   00544    0.6250  -11250.6148  0.2642 
   00545    0.6294  -11067.3565  0.2632 
   00546    0.6206  -11110.9477  0.2656 
   00547    0.6569  -11081.6984  0.2597 
   00548    0.6175  -11147.4806  0.2578 
   00549    0.6262  -11191.7999  0.2563 
   00550    0.6444  -11149.1531  0.2518 
   00551    0.6469  -11153.8233  0.2565 
   00552    0.6325  -11175.6817  0.2560 
   00553    0.6219  -11183.9222  0.2613 
   00554    0.6206  -11188.4231  0.2549 
   00555    0.6262  -11256.8531  0.2584 
   00556    0.6394  -11175.0052  0.2606 
   00557    0.6256  -11190.8014  0.2586 
   00558    0.6406  -11295.2305  0.2547 
   00559    0.6225  -11302.2469  0.2578 
   00560    0.6325  -11337.2894  0.2580 
   00561    0.6350  -11249.4710  0.2551 
   00562    0.6331  -11261.7794  0.2525 
   00563    0.6356  -11305.2206  0.2576 
   00564    0.6350  -11284.6959  0.2637 
   00565    0.6294  -11421.9669  0.2711 
   00566    0.6100  -11479.4966  0.2727 
   00567    0.6144  -11349.4899  0.2775 
   00568    0.6131  -11373.8592  0.2824 
   00569    0.6150  -11349.7688  0.2796 
   00570    0.6050  -11433.5678  0.2762 
   00571    0.5906  -11348.5811  0.2796 
   00572    0.6225  -11410.4593  0.2783 
   00573    0.6144  -11348.7378  0.2761 
   00574    0.6312  -11286.4553  0.2814 
   00575    0.6319  -11176.4375  0.2847 
   00576    0.6281  -11203.2727  0.2843 
   00577    0.6231  -11315.5648  0.2897 
   00578    0.6256  -11388.3854  0.2890 
   00579    0.6262  -11251.8143  0.2889 
   00580    0.6262  -11255.6412  0.2904 
   00581    0.6138  -11247.7661  0.2875 
   00582    0.6194  -11204.9995  0.2869 
   00583    0.6356  -11035.3976  0.2899 
   00584    0.6488  -11006.6815  0.2897 
   00585    0.6169  -11012.4643  0.2854 
   00586    0.6300  -11102.0451  0.2900 
   00587    0.6381  -11169.6796  0.2882 
   00588    0.6225  -11103.0065  0.2845 
   00589    0.6288  -11076.6867  0.2872 
   00590    0.6356  -11046.9659  0.2860 
   00591    0.6081  -11033.6146  0.2813 
   00592    0.6206  -11217.8108  0.2818 
   00593    0.6256  -11179.4955  0.2784 
   00594    0.6462  -11176.4832  0.2786 
   00595    0.6462  -11175.7650  0.2798 
   00596    0.6256  -11236.5664  0.2814 
   00597    0.6306  -11155.6847  0.2838 
   00598    0.6238  -11181.4624  0.2823 
   00599    0.6431  -11219.4979  0.2823 
   00600    0.6300  -11114.0876  0.2807 
   00601    0.6138  -11047.6500  0.2801 
   00602    0.6281  -11058.9087  0.2752 
   00603    0.6431  -11061.3997  0.2720 
   00604    0.6431  -11178.1445  0.2710 
   00605    0.6369  -11305.3032  0.2721 
   00606    0.6175  -11401.7998  0.2730 
   00607    0.6381  -11336.0500  0.2674 
   00608    0.6162  -11224.7789  0.2640 
   00609    0.6300  -11300.7144  0.2656 
   00610    0.6350  -11270.0383  0.2616 
   00611    0.6131  -11345.8649  0.2629 
   00612    0.6081  -11319.7069  0.2717 
   00613    0.6312  -11266.6212  0.2647 
   00614    0.6275  -11272.7522  0.2623 
   00615    0.6194  -11350.2630  0.2642 
   00616    0.5994  -11410.2123  0.2663 
   00617    0.6500  -11318.6538  0.2699 
   00618    0.6162  -11455.2077  0.2676 
   00619    0.6244  -11425.4490  0.2646 
   00620    0.6356  -11384.2558  0.2660 
   00621    0.6094  -11273.6534  0.2668 
   00622    0.6081  -11341.8935  0.2703 
   00623    0.6119  -11477.4539  0.2621 
   00624    0.6262  -11490.8148  0.2628 
   00625    0.6206  -11584.4823  0.2605 
   00626    0.6062  -11539.7271  0.2628 
   00627    0.6081  -11601.6733  0.2598 
   00628    0.6119  -11512.2680  0.2604 
   00629    0.5988  -11504.8396  0.2595 
   00630    0.6231  -11415.5248  0.2599 
   00631    0.6381  -11210.7243  0.2578 
   00632    0.6444  -11099.5569  0.2600 
   00633    0.6419  -11213.2925  0.2619 
   00634    0.6281  -11293.1431  0.2591 
   00635    0.6412  -11245.0965  0.2630 
   00636    0.6381  -11270.1994  0.2597 
   00637    0.6225  -11213.9334  0.2601 
   00638    0.6388  -11306.6440  0.2587 
   00639    0.6312  -11221.5512  0.2565 
   00640    0.6250  -11169.5132  0.2575 
   00641    0.6281  -11208.9015  0.2621 
   00642    0.6138  -11173.8758  0.2657 
   00643    0.6200  -11261.9935  0.2663 
   00644    0.6325  -11238.2099  0.2703 
   00645    0.6112  -11211.1608  0.2721 
   00646    0.6400  -11239.4334  0.2731 
   00647    0.6294  -11235.9849  0.2694 
   00648    0.6431  -11256.8749  0.2717 
   00649    0.5975  -11087.5848  0.2723 
   00650    0.6175  -11173.2315  0.2697 
   00651    0.6275  -11198.1398  0.2708 
   00652    0.6444  -11141.9888  0.2696 
   00653    0.6469  -11249.1827  0.2790 
   00654    0.6019  -11242.4773  0.2770 
   00655    0.6219  -11142.6301  0.2779 
   00656    0.6444  -11270.0924  0.2765 
   00657    0.6400  -11260.6976  0.2746 
   00658    0.6288  -11131.7710  0.2757 
   00659    0.6344  -11071.9451  0.2792 
   00660    0.6269  -11120.8708  0.2797 
   00661    0.6325  -11153.7285  0.2810 
   00662    0.6288  -11118.4429  0.2772 
   00663    0.6450  -11075.9022  0.2747 
   00664    0.6244  -11097.3256  0.2741 
   00665    0.6169  -11100.6786  0.2725 
   00666    0.6138  -11058.0907  0.2724 
   00667    0.6238  -11072.3679  0.2661 
   00668    0.6175  -11143.0764  0.2691 
   00669    0.6375  -11127.0319  0.2678 
   00670    0.6138  -11084.2464  0.2667 
   00671    0.6356  -11066.8365  0.2694 
   00672    0.6375  -11166.3880  0.2697 
   00673    0.6288  -11194.1524  0.2707 
   00674    0.6356  -11181.4814  0.2686 
   00675    0.6375  -11138.5314  0.2732 
   00676    0.6281  -11175.4176  0.2733 
   00677    0.6394  -11159.9741  0.2707 
   00678    0.6150  -11174.3709  0.2714 
   00679    0.6444  -11152.7317  0.2710 
   00680    0.6231  -11123.6300  0.2712 
   00681    0.6394  -11067.1300  0.2693 
   00682    0.6219  -11138.6827  0.2715 
   00683    0.6181  -11158.8904  0.2719 
   00684    0.6419  -11066.2997  0.2718 
   00685    0.6350  -11044.2627  0.2673 
   00686    0.6338  -11080.8163  0.2623 
   00687    0.6469  -11033.9352  0.2576 
   00688    0.6262  -11062.9579  0.2581 
   00689    0.6394  -11210.9313  0.2559 
   00690    0.6369  -11142.8867  0.2595 
   00691    0.6388  -11195.7638  0.2606 
   00692    0.6344  -11099.3895  0.2586 
   00693    0.6356  -11039.7828  0.2590 
   00694    0.6312  -11041.9778  0.2588 
   00695    0.6325  -11063.8515  0.2624 
   00696    0.6550  -11145.4333  0.2603 
   00697    0.6469  -11320.0451  0.2565 
   00698    0.6162  -11440.2857  0.2573 
   00699    0.6181  -11359.5609  0.2608 
   00700    0.6119  -11284.6209  0.2657 
   00701    0.6338  -11143.8619  0.2639 
   00702    0.6262  -11229.9710  0.2684 
   00703    0.6231  -11351.6925  0.2726 
   00704    0.6350  -11409.0500  0.2732 
   00705    0.6244  -11439.5395  0.2731 
   00706    0.6288  -11471.5313  0.2765 
   00707    0.6262  -11541.4135  0.2765 
   00708    0.6319  -11610.3612  0.2801 
   00709    0.6062  -11592.3175  0.2765 
   00710    0.6112  -11594.6748  0.2782 
   00711    0.5931  -11540.9164  0.2781 
   00712    0.6275  -11596.7457  0.2783 
   00713    0.6331  -11532.0217  0.2840 
   00714    0.6219  -11537.8380  0.2846 
   00715    0.6094  -11561.8076  0.2829 
   00716    0.6081  -11509.6807  0.2807 
   00717    0.6094  -11403.9924  0.2821 
   00718    0.6188  -11376.7554  0.2771 
   00719    0.5988  -11370.2842  0.2772 
   00720    0.6306  -11426.2929  0.2741 
   00721    0.6100  -11447.2213  0.2760 
   00722    0.6006  -11433.4655  0.2792 
   00723    0.6250  -11457.8426  0.2844 
   00724    0.6200  -11352.7782  0.2781 
   00725    0.6100  -11293.3973  0.2773 
   00726    0.6156  -11267.4407  0.2753 
   00727    0.6344  -11417.8936  0.2711 
   00728    0.6150  -11490.5800  0.2737 
   00729    0.6275  -11415.9199  0.2782 
   00730    0.6269  -11385.5507  0.2735 
   00731    0.6169  -11422.5352  0.2722 
   00732    0.6306  -11475.3281  0.2738 
   00733    0.6162  -11429.6874  0.2727 
   00734    0.6200  -11530.4771  0.2660 
   00735    0.6212  -11485.8132  0.2681 
   00736    0.6056  -11447.3067  0.2675 
   00737    0.6250  -11401.5414  0.2635 
   00738    0.6281  -11373.2269  0.2620 
   00739    0.6156  -11382.4994  0.2622 
   00740    0.6212  -11323.5111  0.2641 
   00741    0.6262  -11292.7260  0.2648 
   00742    0.6312  -11239.2865  0.2620 
   00743    0.6306  -11290.9473  0.2613 
   00744    0.6162  -11190.7681  0.2594 
   00745    0.6344  -11173.6705  0.2622 
   00746    0.6369  -11132.1425  0.2621 
   00747    0.6369  -11065.5897  0.2622 
   00748    0.6450  -11235.7567  0.2581 
   00749    0.6181  -11152.6660  0.2520 
   00750    0.6294  -11128.5875  0.2534 
   00751    0.6412  -11174.4810  0.2550 
   00752    0.6338  -11092.8421  0.2558 
   00753    0.6206  -11059.7205  0.2552 
   00754    0.6300  -11048.1360  0.2557 
   00755    0.6194  -11203.4964  0.2547 
   00756    0.6331  -11157.5340  0.2562 
   00757    0.6300  -11214.3843  0.2551 
   00758    0.6256  -11306.9055  0.2595 
   00759    0.6131  -11331.7723  0.2543 
   00760    0.6181  -11338.3242  0.2564 
   00761    0.6181  -11333.2103  0.2616 
   00762    0.6144  -11272.9681  0.2609 
   00763    0.5944  -11313.9714  0.2634 
   00764    0.6081  -11243.2232  0.2624 
   00765    0.6294  -11258.9108  0.2641 
   00766    0.6231  -11414.0978  0.2653 
   00767    0.6362  -11463.1637  0.2686 
   00768    0.6081  -11490.2735  0.2654 
   00769    0.6244  -11489.5721  0.2609 
   00770    0.6156  -11420.4534  0.2593 
   00771    0.6388  -11474.9148  0.2625 
   00772    0.6175  -11478.4414  0.2613 
   00773    0.6206  -11468.1218  0.2649 
   00774    0.6131  -11330.7390  0.2668 
   00775    0.6144  -11344.6914  0.2686 
   00776    0.6350  -11342.0399  0.2687 
   00777    0.6306  -11437.3425  0.2710 
   00778    0.6288  -11364.7084  0.2735 
   00779    0.6306  -11338.2993  0.2767 
   00780    0.6462  -11343.7330  0.2783 
   00781    0.6288  -11357.0423  0.2782 
   00782    0.6181  -11348.5057  0.2777 
   00783    0.6188  -11246.4762  0.2796 
   00784    0.6312  -11217.9496  0.2772 
   00785    0.6288  -11257.3527  0.2695 
   00786    0.6269  -11352.8659  0.2774 
   00787    0.6275  -11379.8439  0.2782 
   00788    0.6338  -11349.4263  0.2695 
   00789    0.6356  -11423.0999  0.2668 
   00790    0.6156  -11433.2043  0.2668 
   00791    0.5994  -11492.5517  0.2659 
   00792    0.6369  -11527.5455  0.2659 
   00793    0.6131  -11479.6731  0.2645 
   00794    0.6288  -11379.9075  0.2668 
   00795    0.6375  -11371.7991  0.2697 
   00796    0.6200  -11381.5952  0.2692 
   00797    0.6144  -11345.4431  0.2670 
   00798    0.6169  -11360.8505  0.2703 
   00799    0.6219  -11559.8678  0.2750 
   00800    0.5994  -11516.7060  0.2695 
   00801    0.6212  -11440.0536  0.2688 
   00802    0.6331  -11249.1354  0.2704 
   00803    0.6138  -11266.9098  0.2657 
   00804    0.6162  -11258.0474  0.2628 
   00805    0.6331  -11331.0460  0.2570 
   00806    0.6212  -11360.9739  0.2540 
   00807    0.6294  -11311.6900  0.2553 
   00808    0.6312  -11269.1541  0.2586 
   00809    0.6194  -11072.2623  0.2574 
   00810    0.6175  -11070.5231  0.2609 
   00811    0.6156  -11060.1583  0.2584 
   00812    0.6344  -11067.4057  0.2575 
   00813    0.6525  -11063.1260  0.2568 
   00814    0.6325  -11030.3584  0.2576 
   00815    0.6300  -10997.0058  0.2634 
   00816    0.6462  -11076.6693  0.2650 
   00817    0.6200  -11063.6504  0.2639 
   00818    0.6556  -11057.9519  0.2678 
   00819    0.6256  -10958.4237  0.2677 
   00820    0.6288  -10963.4547  0.2676 
   00821    0.6412  -10953.5572  0.2660 
   00822    0.6388  -11002.8697  0.2665 
   00823    0.6244  -11087.6685  0.2658 
   00824    0.6500  -11100.0026  0.2616 
   00825    0.6306  -11126.0834  0.2592 
   00826    0.6438  -11137.3525  0.2602 
   00827    0.6381  -11277.0906  0.2596 
   00828    0.6369  -11204.6157  0.2580 
   00829    0.6281  -11204.9650  0.2576 
   00830    0.6350  -11142.5442  0.2600 
   00831    0.6175  -11125.1764  0.2588 
   00832    0.6319  -11117.4065  0.2640 
   00833    0.6438  -11136.4519  0.2615 
   00834    0.6256  -11160.9203  0.2588 
   00835    0.6319  -11043.6096  0.2564 
   00836    0.6288  -11012.4505  0.2545 
   00837    0.6438  -10993.1062  0.2554 
   00838    0.6506  -10941.7066  0.2546 
   00839    0.6381  -11016.7327  0.2593 
   00840    0.6300  -11110.3372  0.2581 
   00841    0.6419  -11078.3618  0.2551 
   00842    0.6431  -11057.7396  0.2600 
   00843    0.6256  -11148.3352  0.2618 
   00844    0.6300  -11091.8772  0.2571 
   00845    0.6206  -11191.9359  0.2586 
   00846    0.6262  -11185.7750  0.2572 
   00847    0.6262  -11226.2495  0.2590 
   00848    0.6306  -11129.1416  0.2515 
   00849    0.6275  -11173.7282  0.2544 
   00850    0.6438  -11133.9547  0.2549 
   00851    0.6250  -11202.2253  0.2602 
   00852    0.6325  -11159.0674  0.2653 
   00853    0.6206  -11143.1046  0.2650 
   00854    0.6425  -11203.4307  0.2670 
   00855    0.6238  -11279.5223  0.2617 
   00856    0.6125  -11299.1860  0.2644 
   00857    0.6212  -11265.7620  0.2688 
   00858    0.6394  -11216.4373  0.2659 
   00859    0.6356  -11211.3930  0.2658 
   00860    0.6125  -11269.4223  0.2717 
   00861    0.6219  -11264.7501  0.2737 
   00862    0.6206  -11379.0222  0.2739 
   00863    0.6238  -11368.7402  0.2706 
   00864    0.6131  -11390.8024  0.2686 
   00865    0.6081  -11495.6695  0.2701 
   00866    0.6188  -11469.9148  0.2623 
   00867    0.6175  -11472.7713  0.2644 
   00868    0.6162  -11535.7765  0.2697 
   00869    0.6044  -11469.5090  0.2721 
   00870    0.6194  -11538.7940  0.2695 
   00871    0.6062  -11548.0447  0.2718 
   00872    0.6206  -11537.8103  0.2697 
   00873    0.6056  -11507.5294  0.2646 
   00874    0.6319  -11542.6654  0.2677 
   00875    0.6338  -11554.5895  0.2638 
   00876    0.6162  -11516.0054  0.2617 
   00877    0.6044  -11536.9025  0.2620 
   00878    0.6269  -11586.4466  0.2604 
   00879    0.6056  -11571.3516  0.2565 
   00880    0.6112  -11607.7638  0.2570 
   00881    0.6075  -11566.6491  0.2590 
   00882    0.5919  -11507.8239  0.2615 
   00883    0.6350  -11534.2394  0.2598 
   00884    0.6269  -11482.8473  0.2561 
   00885    0.6200  -11464.5747  0.2558 
   00886    0.6262  -11457.9670  0.2587 
   00887    0.6019  -11413.2517  0.2544 
   00888    0.6169  -11427.7633  0.2573 
   00889    0.6381  -11388.0858  0.2562 
   00890    0.6256  -11264.7295  0.2633 
   00891    0.6400  -11247.3259  0.2654 
   00892    0.6375  -11144.7591  0.2669 
   00893    0.6175  -11120.6941  0.2656 
   00894    0.6325  -11166.6750  0.2639 
   00895    0.6488  -11279.3485  0.2676 
   00896    0.6450  -11266.9695  0.2631 
   00897    0.6369  -11345.2350  0.2658 
   00898    0.6250  -11348.3889  0.2707 
   00899    0.6200  -11251.1249  0.2712 
   00900    0.6312  -11219.8588  0.2730 
   00901    0.6269  -11278.4509  0.2695 
   00902    0.6294  -11381.1117  0.2696 
   00903    0.6369  -11374.8833  0.2701 
   00904    0.6450  -11261.5277  0.2698 
   00905    0.6294  -11257.9254  0.2646 
   00906    0.6369  -11296.4259  0.2584 
   00907    0.6356  -11223.8604  0.2580 
   00908    0.6169  -11097.1777  0.2608 
   00909    0.6244  -10921.4164  0.2605 
   00910    0.6231  -10997.2915  0.2590 
   00911    0.6369  -11032.9636  0.2613 
   00912    0.6144  -10992.2163  0.2611 
   00913    0.6594  -11108.9593  0.2630 
   00914    0.6206  -11201.5224  0.2591 
   00915    0.6125  -11276.2172  0.2589 
   00916    0.6162  -11315.4279  0.2571 
   00917    0.6119  -11295.6277  0.2575 
   00918    0.6294  -11204.4546  0.2611 
   00919    0.6344  -11086.5870  0.2605 
   00920    0.6388  -11023.1033  0.2633 
   00921    0.6525  -11057.3518  0.2677 
   00922    0.6275  -11083.0200  0.2692 
   00923    0.6225  -11195.8645  0.2660 
   00924    0.6250  -11262.6849  0.2644 
   00925    0.6406  -11362.0071  0.2613 
   00926    0.6469  -11285.4058  0.2622 
   00927    0.6375  -11286.0141  0.2672 
   00928    0.6312  -11258.0550  0.2669 
   00929    0.6125  -11299.8351  0.2664 
   00930    0.6238  -11265.6582  0.2657 
   00931    0.6275  -11203.3794  0.2639 
   00932    0.6425  -11133.5885  0.2682 
   00933    0.6362  -11129.1628  0.2675 
   00934    0.6394  -11161.6172  0.2658 
   00935    0.6262  -11174.4022  0.2624 
   00936    0.6444  -11182.3633  0.2625 
   00937    0.6256  -11149.9963  0.2600 
   00938    0.6319  -11170.6152  0.2582 
   00939    0.6338  -11146.1453  0.2580 
   00940    0.6275  -11155.3131  0.2522 
   00941    0.6256  -11186.6327  0.2524 
   00942    0.6362  -11233.7751  0.2532 
   00943    0.6056  -11262.3424  0.2550 
   00944    0.6256  -11197.9661  0.2625 
   00945    0.6250  -11309.2236  0.2627 
   00946    0.6438  -11316.9707  0.2607 
   00947    0.6494  -11284.3340  0.2590 
   00948    0.6231  -11137.8971  0.2548 
   00949    0.6356  -11182.6035  0.2521 
   00950    0.6450  -11185.0999  0.2582 
   00951    0.6269  -11066.7975  0.2621 
   00952    0.6188  -11081.2264  0.2638 
   00953    0.6162  -11164.8439  0.2622 
   00954    0.6325  -11113.4672  0.2615 
   00955    0.6406  -11144.3903  0.2650 
   00956    0.6106  -11263.5460  0.2678 
   00957    0.6381  -11243.6200  0.2638 
   00958    0.6550  -11223.8950  0.2626 
   00959    0.6319  -11234.0982  0.2676 
   00960    0.6188  -11309.6040  0.2632 
   00961    0.6275  -11322.1695  0.2588 
   00962    0.6312  -11224.5123  0.2637 
   00963    0.6275  -11257.6117  0.2580 
   00964    0.6231  -11267.7364  0.2529 
   00965    0.6200  -11303.8813  0.2538 
   00966    0.6344  -11353.9999  0.2556 
   00967    0.6106  -11392.0618  0.2571 
   00968    0.6425  -11384.9867  0.2558 
   00969    0.6112  -11257.7535  0.2592 
   00970    0.6275  -11129.2104  0.2602 
   00971    0.6256  -11301.4465  0.2615 
   00972    0.6150  -11368.3540  0.2632 
   00973    0.6344  -11344.2598  0.2651 
   00974    0.6294  -11366.3610  0.2601 
   00975    0.6081  -11455.7862  0.2602 
   00976    0.6038  -11419.6643  0.2628 
   00977    0.6431  -11301.7009  0.2617 
   00978    0.6175  -11324.8979  0.2621 
   00979    0.6075  -11296.5672  0.2643 
   00980    0.6050  -11349.5757  0.2685 
   00981    0.6369  -11383.5880  0.2692 
   00982    0.6262  -11320.8000  0.2721 
   00983    0.6269  -11410.7897  0.2709 
   00984    0.6331  -11454.5013  0.2678 
   00985    0.6262  -11381.5811  0.2668 
   00986    0.6200  -11350.8275  0.2711 
   00987    0.6325  -11350.9577  0.2720 
   00988    0.6294  -11292.5955  0.2738 
   00989    0.6319  -11230.1998  0.2727 
   00990    0.6369  -11229.0640  0.2741 
   00991    0.6325  -11282.6409  0.2727 
   00992    0.6450  -11267.0022  0.2686 
   00993    0.6275  -11181.9029  0.2740 
   00994    0.6450  -11278.5110  0.2707 
   00995    0.6219  -11304.6257  0.2668 
   00996    0.6244  -11290.0214  0.2667 
   00997    0.6181  -11281.7365  0.2711 
   00998    0.6431  -11279.5028  0.2708 
   00999    0.6156  -11248.4267  0.2688 
   01000    0.6262  -11229.7647  0.2651 
