#=====================================================
# File created:        Mon-06-Nov-2023-at-02-23-41PM
# Size of lattice:     20x20
# Number of MC steps:  1000
# Reduced temperature: 1.200
# Run time (s):        9.062869
#=====================================================
# MC step:  Ratio:     Energy:   Order:
#=====================================================
   00000    0.5000    -373.0187  0.3191 
   00001    0.6875    -624.7348  0.3260 
   00002    0.6250    -719.5365  0.3651 
   00003    0.5650    -709.8158  0.3719 
   00004    0.6050    -779.1720  0.3853 
   00005    0.6350    -827.0885  0.3945 
   00006    0.5450    -849.8992  0.3696 
   00007    0.5675    -818.2506  0.3862 
   00008    0.5725    -780.9707  0.3598 
   00009    0.6025    -766.8973  0.3695 
   00010    0.6175    -801.7005  0.3794 
   00011    0.5575    -806.2475  0.3759 
   00012    0.5725    -782.1660  0.3687 
   00013    0.5850    -810.1892  0.3673 
   00014    0.5725    -823.6783  0.3799 
   00015    0.5525    -823.5961  0.3502 
   00016    0.5225    -857.7050  0.3381 
   00017    0.5500    -863.6753  0.3145 
   00018    0.5050    -839.3229  0.2849 
   00019    0.5300    -828.7846  0.2893 
   00020    0.5750    -804.5578  0.3184 
   00021    0.5750    -838.9472  0.3255 
   00022    0.5225    -840.2613  0.2964 
   00023    0.5525    -820.6377  0.2603 
   00024    0.5525    -827.3693  0.2613 
   00025    0.5550    -823.8706  0.3012 
   00026    0.5725    -800.8882  0.2858 
   00027    0.5625    -833.0440  0.2858 
   00028    0.5375    -781.8079  0.2936 
   00029    0.5850    -768.2065  0.3321 
   00030    0.5575    -789.9963  0.3373 
   00031    0.5750    -808.7892  0.2973 
   00032    0.6100    -816.6610  0.2769 
   00033    0.5225    -831.0649  0.2846 
   00034    0.5900    -835.0711  0.2859 
   00035    0.5475    -800.0900  0.2809 
   00036    0.5525    -824.4863  0.2877 
   00037    0.5125    -873.6680  0.2783 
   00038    0.5575    -848.2975  0.2887 
   00039    0.5325    -822.1581  0.3451 
   00040    0.5850    -775.9267  0.3485 
   00041    0.5725    -845.4966  0.4013 
   00042    0.5875    -788.7320  0.4237 
   00043    0.6050    -734.1571  0.3892 
   00044    0.6500    -800.3588  0.3736 
   00045    0.5575    -807.5082  0.4054 
   00046    0.5800    -810.9029  0.3867 
   00047    0.5650    -825.0660  0.3984 
   00048    0.5700    -842.1250  0.4120 
   00049    0.5575    -812.0962  0.4134 
   00050    0.5600    -905.9674  0.4593 
   00051    0.5550    -890.0394  0.4303 
   00052    0.5000    -902.4137  0.4739 
   00053    0.5300    -878.0469  0.4613 
   00054    0.4825    -881.6861  0.4370 
   00055    0.5400    -849.4403  0.4140 
   00056    0.5000    -842.3655  0.3979 
   00057    0.5400    -856.1790  0.3966 
   00058    0.5100    -881.6867  0.3715 
   00059    0.5250    -861.4156  0.3520 
   00060    0.5250    -803.2607  0.3275 
   00061    0.5475    -815.9477  0.2954 
   00062    0.5450    -802.2166  0.3042 
   00063    0.5725    -835.2790  0.3037 
   00064    0.5575    -805.7010  0.3065 
   00065    0.5775    -789.6436  0.2942 
   00066    0.6125    -784.7797  0.3207 
   00067    0.5475    -799.9713  0.3039 
   00068    0.6075    -815.7679  0.2816 
   00069    0.5900    -826.9387  0.2745 
   00070    0.5850    -795.0240  0.2950 
   00071    0.5075    -830.2387  0.3417 
   00072    0.5475    -795.8124  0.3395 
   00073    0.5600    -802.8390  0.3161 
   00074    0.5750    -765.2938  0.3310 
   00075    0.6500    -783.0342  0.3259 
   00076    0.5425    -838.3598  0.2806 
   00077    0.5675    -810.7730  0.2806 
   00078    0.5900    -828.8688  0.2948 
   00079    0.5425    -830.7327  0.3148 
   00080    0.5700    -758.5950  0.3269 
   00081    0.5900    -764.9070  0.3147 
   00082    0.6150    -781.5941  0.3322 
   00083    0.5500    -798.7561  0.3218 
   00084    0.6175    -766.7779  0.3428 
   00085    0.5650    -758.1074  0.2792 
   00086    0.5900    -821.5673  0.2984 
   00087    0.5575    -821.2285  0.2962 
   00088    0.5475    -810.3779  0.3109 
   00089    0.5725    -804.2313  0.3027 
   00090    0.5575    -818.8625  0.3233 
   00091    0.5525    -814.9055  0.2961 
   00092    0.5875    -845.5758  0.3281 
   00093    0.5025    -841.8407  0.3152 
   00094    0.5525    -855.4862  0.3117 
   00095    0.5875    -806.5610  0.2869 
   00096    0.6050    -816.6565  0.2556 
   00097    0.4900    -805.6962  0.2702 
   00098    0.5425    -824.1933  0.2632 
   00099    0.5500    -850.6121  0.2857 
   00100    0.5300    -836.1919  0.3054 
   00101    0.5525    -839.5191  0.2858 
   00102    0.5425    -864.3430  0.3172 
   00103    0.5125    -823.6802  0.3192 
   00104    0.5650    -816.7629  0.2970 
   00105    0.5850    -859.2912  0.3227 
   00106    0.5500    -844.3466  0.3265 
   00107    0.5375    -861.2045  0.3369 
   00108    0.5250    -870.9369  0.3369 
   00109    0.5225    -845.3721  0.3375 
   00110    0.5250    -807.5128  0.3372 
   00111    0.5800    -791.7175  0.3325 
   00112    0.5800    -817.9596  0.3695 
   00113    0.5575    -814.2875  0.3668 
   00114    0.5400    -829.7719  0.3688 
   00115    0.5475    -847.3852  0.3705 
   00116    0.5350    -846.4009  0.3433 
   00117    0.5375    -864.7242  0.3366 
   00118    0.5425    -838.9960  0.3460 
   00119    0.5350    -857.2769  0.3352 
   00120    0.5350    -862.5231  0.3152 
   00121    0.5300    -817.8398  0.2860 
   00122    0.5450    -838.0639  0.2932 
   00123    0.5300    -832.9681  0.2732 
   00124    0.5725    -832.7824  0.3012 
   00125    0.5450    -833.8685  0.3077 
   00126    0.5700    -849.6033  0.3035 
   00127    0.5550    -855.0552  0.2935 
   00128    0.5625    -802.5650  0.3149 
   00129    0.5375    -819.3416  0.3722 
   00130    0.5325    -829.2892  0.4031 
   00131    0.5725    -860.3169  0.3973 
   00132    0.4925    -887.7471  0.3886 
   00133    0.5050    -848.8226  0.3887 
   00134    0.5700    -819.1578  0.3654 
   00135    0.5250    -861.8291  0.3801 
   00136    0.5375    -867.9668  0.3670 
   00137    0.5325    -874.7631  0.3801 
   00138    0.5275    -869.6330  0.3556 
   00139    0.5175    -862.4755  0.3725 
   00140    0.5550    -857.1873  0.3741 
   00141    0.5525    -871.7382  0.3773 
   00142    0.5750    -856.3970  0.3606 
   00143    0.5050    -851.6407  0.3688 
   00144    0.5250    -828.8822  0.3602 
   00145    0.5425    -873.7628  0.3979 
   00146    0.5175    -919.8136  0.4006 
   00147    0.5150    -884.1849  0.4028 
   00148    0.5275    -839.7343  0.3856 
   00149    0.6125    -840.6004  0.3806 
   00150    0.5500    -832.8014  0.3422 
   00151    0.5525    -863.4159  0.3517 
   00152    0.5725    -876.0557  0.3647 
   00153    0.5975    -824.1694  0.3597 
   00154    0.5625    -820.2330  0.3622 
   00155    0.5950    -794.1671  0.3253 
   00156    0.5900    -806.0968  0.3618 
   00157    0.5800    -815.9554  0.3961 
   00158    0.5625    -831.5590  0.3671 
   00159    0.5475    -845.8083  0.3888 
   00160    0.5425    -817.6855  0.3520 
   00161    0.5475    -773.6187  0.3387 
   00162    0.5825    -836.6627  0.3230 
   00163    0.5350    -820.0327  0.2905 
   00164    0.5125    -804.6421  0.3151 
   00165    0.5625    -873.1200  0.3119 
   00166    0.5650    -806.0784  0.3038 
   00167    0.6150    -829.4945  0.2670 
   00168    0.5350    -819.1106  0.2958 
   00169    0.5750    -813.9840  0.2873 
   00170    0.5900    -811.1645  0.2863 
   00171    0.5675    -795.0860  0.2735 
   00172    0.5825    -803.5353  0.2710 
   00173    0.5625    -781.3106  0.2748 
   00174    0.5875    -781.6067  0.2641 
   00175    0.5825    -786.8212  0.2902 
   00176    0.5650    -794.5735  0.2538 
   00177    0.6150    -763.4413  0.2730 
   00178    0.6025    -805.2299  0.2882 
   00179    0.5700    -784.5407  0.2975 
   00180    0.5950    -766.5895  0.2940 
   00181    0.5500    -783.7461  0.2691 
   00182    0.6050    -791.6647  0.3009 
   00183    0.5525    -821.1148  0.3024 
   00184    0.5250    -803.4563  0.3262 
   00185    0.5800    -850.9234  0.3610 
   00186    0.5325    -878.0983  0.4076 
   00187    0.5425    -854.6966  0.3936 
   00188    0.5475    -862.3327  0.4150 
   00189    0.5650    -815.8736  0.3691 
   00190    0.5425    -810.2140  0.3653 
   00191    0.5425    -850.3096  0.3614 
   00192    0.5775    -846.5200  0.3601 
   00193    0.5475    -787.2573  0.3587 
   00194    0.5900    -820.7832  0.3677 
   00195    0.5850    -798.9366  0.3474 
   00196    0.5625    -830.3352  0.3517 
   00197    0.5900    -826.0568  0.3292 
   00198    0.5100    -847.7086  0.2868 
   00199    0.5875    -831.7124  0.3077 
   00200    0.5950    -846.6422  0.3257 
   00201    0.5350    -850.3013  0.2957 
   00202    0.5600    -890.4863  0.3161 
   00203    0.5375    -871.2053  0.3067 
   00204    0.5400    -871.8315  0.3184 
   00205    0.5525    -856.6656  0.3396 
   00206    0.5625    -872.1213  0.3202 
   00207    0.5200    -881.2113  0.3012 
   00208    0.5425    -838.6177  0.3189 
   00209    0.5950    -795.9539  0.3368 
   00210    0.5650    -777.7344  0.3134 
   00211    0.6050    -820.7440  0.3363 
   00212    0.5575    -845.7708  0.3248 
   00213    0.5950    -795.4326  0.3206 
   00214    0.6000    -789.8100  0.3152 
   00215    0.5750    -770.7360  0.3352 
   00216    0.5775    -794.5822  0.3009 
   00217    0.5700    -816.1196  0.3035 
   00218    0.5850    -820.4587  0.3440 
   00219    0.5650    -830.1012  0.3259 
   00220    0.5525    -866.0569  0.3618 
   00221    0.6150    -810.2530  0.3834 
   00222    0.5800    -840.9152  0.3954 
   00223    0.5725    -855.5735  0.4132 
   00224    0.5325    -850.1430  0.4198 
   00225    0.5400    -882.0553  0.4211 
   00226    0.5500    -892.1132  0.3935 
   00227    0.5625    -895.2093  0.4168 
   00228    0.5525    -855.2711  0.3853 
   00229    0.5625    -829.4875  0.3544 
   00230    0.5225    -828.2203  0.3508 
   00231    0.5075    -811.0710  0.3425 
   00232    0.5500    -903.3339  0.3376 
   00233    0.5800    -935.3562  0.3680 
   00234    0.5175    -859.8199  0.3516 
   00235    0.5325    -848.4232  0.3666 
   00236    0.5300    -845.1980  0.3825 
   00237    0.5150    -824.5039  0.3929 
   00238    0.5700    -842.3745  0.3508 
   00239    0.5450    -866.5286  0.3719 
   00240    0.5000    -876.9946  0.3590 
   00241    0.5275    -878.1231  0.3749 
   00242    0.5200    -837.3492  0.3522 
   00243    0.5450    -844.9050  0.3373 
   00244    0.5725    -825.7732  0.3653 
   00245    0.5825    -780.8157  0.4019 
   00246    0.5475    -761.5770  0.3870 
   00247    0.5600    -793.9427  0.4015 
   00248    0.5575    -823.6122  0.4153 
   00249    0.5500    -819.0128  0.4528 
   00250    0.5950    -825.2457  0.4854 
   00251    0.5825    -850.8489  0.4793 
   00252    0.5375    -817.7602  0.4593 
   00253    0.5675    -827.2191  0.4445 
   00254    0.5200    -830.6472  0.4151 
   00255    0.5825    -811.6231  0.3913 
   00256    0.5750    -833.4577  0.3965 
   00257    0.5675    -797.5302  0.3870 
   00258    0.5825    -808.9565  0.4033 
   00259    0.5550    -798.1081  0.3830 
   00260    0.5650    -830.6658  0.4007 
   00261    0.5300    -840.1856  0.4106 
   00262    0.6025    -811.8237  0.4201 
   00263    0.5900    -803.8706  0.3469 
   00264    0.5600    -815.6437  0.3615 
   00265    0.5575    -832.4877  0.3480 
   00266    0.5075    -849.4444  0.3388 
   00267    0.5325    -827.6256  0.3271 
   00268    0.6000    -835.1516  0.3349 
   00269    0.5675    -822.5969  0.3883 
   00270    0.5600    -834.4125  0.3952 
   00271    0.5300    -851.5908  0.3843 
   00272    0.5750    -887.5727  0.3721 
   00273    0.5750    -881.8599  0.3978 
   00274    0.5525    -914.9287  0.3845 
   00275    0.5200    -911.2141  0.3577 
   00276    0.5375    -889.9634  0.3252 
   00277    0.5250    -855.7302  0.3160 
   00278    0.5350    -855.1277  0.3099 
   00279    0.5800    -850.4430  0.3049 
   00280    0.5675    -855.7031  0.3091 
   00281    0.5375    -830.8418  0.3021 
   00282    0.5425    -814.1064  0.2936 
   00283    0.5825    -821.8919  0.3015 
   00284    0.5350    -812.0696  0.2823 
   00285    0.5550    -805.0569  0.3204 
   00286    0.6025    -813.4283  0.3024 
   00287    0.5775    -785.0577  0.3258 
   00288    0.5825    -827.0603  0.3292 
   00289    0.5325    -824.6076  0.3224 
   00290    0.5700    -837.9003  0.3478 
   00291    0.5400    -838.2372  0.3798 
   00292    0.5575    -864.9601  0.3746 
   00293    0.5750    -860.9697  0.3411 
   00294    0.5100    -880.9168  0.3421 
   00295    0.5475    -837.8276  0.3636 
   00296    0.5800    -860.0007  0.3738 
   00297    0.5300    -900.0565  0.3719 
   00298    0.5500    -912.3991  0.3841 
   00299    0.5575    -914.2664  0.3719 
   00300    0.5550    -882.8369  0.3801 
   00301    0.5325    -873.7707  0.3758 
   00302    0.5675    -869.7339  0.3678 
   00303    0.5825    -802.2158  0.3386 
   00304    0.6100    -836.7820  0.3269 
   00305    0.5550    -862.7487  0.3571 
   00306    0.5925    -867.0815  0.3304 
   00307    0.4675    -889.7651  0.3528 
   00308    0.5400    -853.6618  0.3157 
   00309    0.5675    -820.6030  0.3011 
   00310    0.5950    -820.3146  0.2802 
   00311    0.5650    -838.8571  0.3219 
   00312    0.5550    -823.6827  0.3228 
   00313    0.5625    -800.5436  0.3131 
   00314    0.6050    -811.1825  0.3367 
   00315    0.5800    -788.5116  0.3368 
   00316    0.5975    -791.4464  0.3250 
   00317    0.5475    -770.0389  0.2987 
   00318    0.6375    -771.0514  0.3230 
   00319    0.5875    -753.3791  0.3517 
   00320    0.5825    -760.3420  0.3426 
   00321    0.5850    -744.1031  0.3109 
   00322    0.6025    -768.3013  0.3073 
   00323    0.5800    -739.4609  0.2958 
   00324    0.6050    -779.0671  0.2928 
   00325    0.5750    -808.1647  0.3053 
   00326    0.5650    -820.8134  0.3351 
   00327    0.5550    -807.6383  0.3448 
   00328    0.6050    -826.9960  0.3478 
   00329    0.5400    -778.9748  0.3083 
   00330    0.6000    -798.6435  0.2773 
   00331    0.5300    -816.6207  0.2904 
   00332    0.5675    -839.5083  0.2704 
   00333    0.5700    -853.5798  0.3021 
   00334    0.5800    -824.0070  0.2782 
   00335    0.5350    -820.2605  0.2699 
   00336    0.5525    -824.1153  0.3428 
   00337    0.5750    -834.0161  0.3978 
   00338    0.5650    -814.9109  0.3974 
   00339    0.5725    -842.7846  0.4108 
   00340    0.6125    -824.4997  0.3851 
   00341    0.5600    -807.4212  0.4076 
   00342    0.5900    -819.1805  0.3683 
   00343    0.5775    -808.3211  0.3478 
   00344    0.5650    -797.0656  0.3331 
   00345    0.6400    -766.5855  0.3767 
   00346    0.6050    -808.5251  0.3501 
   00347    0.5600    -841.1415  0.3372 
   00348    0.5250    -867.9991  0.3191 
   00349    0.5275    -861.1280  0.3272 
   00350    0.6250    -798.9671  0.2939 
   00351    0.5700    -835.5650  0.2799 
   00352    0.6275    -789.6338  0.2909 
   00353    0.5700    -777.2300  0.2826 
   00354    0.6250    -750.1170  0.3032 
   00355    0.6175    -753.0521  0.3391 
   00356    0.6025    -749.8396  0.3457 
   00357    0.5925    -745.4503  0.3517 
   00358    0.5600    -789.1908  0.3729 
   00359    0.5625    -805.4050  0.3906 
   00360    0.6075    -837.3301  0.4013 
   00361    0.5325    -818.3005  0.4106 
   00362    0.5775    -808.3259  0.3805 
   00363    0.5775    -841.4945  0.3286 
   00364    0.5400    -880.8369  0.3652 
   00365    0.5525    -885.3130  0.3707 
   00366    0.5225    -816.1662  0.3422 
   00367    0.5675    -819.5793  0.3788 
   00368    0.5600    -794.6784  0.3520 
   00369    0.5350    -802.3598  0.3911 
   00370    0.5800    -816.1945  0.3944 
   00371    0.5450    -858.9056  0.3712 
   00372    0.5775    -863.0228  0.3641 
   00373    0.5250    -856.7898  0.3643 
   00374    0.5675    -845.1209  0.4143 
   00375    0.5350    -899.3304  0.4529 
   00376    0.4925    -867.1815  0.4399 
   00377    0.5725    -862.5330  0.3945 
   00378    0.5000    -872.8178  0.4024 
   00379    0.5625    -868.7145  0.3806 
   00380    0.5475    -872.2268  0.3218 
   00381    0.5150    -865.2026  0.3148 
   00382    0.6025    -830.8883  0.3154 
   00383    0.5275    -813.8471  0.3032 
   00384    0.5600    -822.2832  0.2729 
   00385    0.5750    -835.6935  0.2783 
   00386    0.5225    -860.0151  0.2881 
   00387    0.5325    -833.9117  0.3099 
   00388    0.5075    -848.4384  0.3197 
   00389    0.5875    -829.3104  0.3183 
   00390    0.5700    -807.8882  0.3768 
   00391    0.5775    -822.1120  0.3744 
   00392    0.5475    -864.0484  0.3588 
   00393    0.5300    -870.3606  0.3473 
   00394    0.5275    -884.4863  0.3289 
   00395    0.6000    -863.7965  0.3610 
   00396    0.5475    -855.6917  0.3824 
   00397    0.5775    -856.2210  0.3721 
   00398    0.5600    -853.8376  0.3634 
   00399    0.5225    -857.8259  0.3938 
   00400    0.5250    -834.9981  0.3964 
   00401    0.5525    -855.3088  0.4061 
   00402    0.5225    -840.8085  0.4015 
   00403    0.5125    -844.7292  0.3922 
   00404    0.5075    -846.5809  0.4052 
   00405    0.6175    -830.2057  0.3987 
   00406    0.5200    -851.8758  0.3596 
   00407    0.5625    -824.0340  0.3724 
   00408    0.6025    -836.6835  0.3930 
   00409    0.5375    -837.1595  0.4038 
   00410    0.5250    -858.6792  0.3929 
   00411    0.5900    -849.4796  0.3933 
   00412    0.5025    -819.0515  0.3796 
   00413    0.5525    -841.3316  0.3868 
   00414    0.5700    -814.1829  0.3568 
   00415    0.5575    -832.2399  0.3926 
   00416    0.5150    -878.2647  0.3957 
   00417    0.5425    -864.5361  0.3792 
   00418    0.5575    -823.3832  0.3740 
   00419    0.5350    -792.8342  0.3633 
   00420    0.5950    -729.1444  0.3134 
   00421    0.6325    -776.5114  0.3234 
   00422    0.5750    -807.0952  0.3201 
   00423    0.5875    -797.7901  0.3110 
   00424    0.5675    -857.4182  0.3043 
   00425    0.5775    -857.6660  0.2909 
   00426    0.5925    -848.8833  0.2917 
   00427    0.5625    -858.1762  0.3141 
   00428    0.5050    -832.0213  0.2969 
   00429    0.5700    -852.3875  0.3160 
   00430    0.5675    -847.9315  0.2989 
   00431    0.5200    -861.2278  0.3170 
   00432    0.5700    -841.5026  0.3079 
   00433    0.5675    -829.2448  0.3346 
   00434    0.5825    -809.0004  0.3022 
   00435    0.5400    -823.4213  0.3397 
   00436    0.5725    -845.5170  0.3664 
   00437    0.5500    -813.4468  0.3710 
   00438    0.5500    -839.6550  0.3462 
   00439    0.5350    -879.7028  0.3695 
   00440    0.5275    -859.1464  0.3571 
   00441    0.5550    -859.2341  0.3632 
   00442    0.5475    -824.2858  0.3597 
   00443    0.5625    -787.8863  0.3888 
   00444    0.5700    -861.7248  0.4553 
   00445    0.5175    -828.3307  0.4256 
   00446    0.5550    -814.1357  0.4081 
   00447    0.5600    -810.4839  0.4186 
   00448    0.5325    -844.5550  0.4222 
   00449    0.5275    -860.9222  0.3924 
   00450    0.5425    -845.3709  0.3553 
   00451    0.4950    -914.0685  0.3572 
   00452    0.5100    -902.1051  0.3375 
   00453    0.5225    -852.5358  0.3064 
   00454    0.5525    -844.9624  0.3104 
   00455    0.5250    -812.6178  0.3330 
   00456    0.5750    -775.0138  0.3166 
   00457    0.6150    -757.9994  0.3180 
   00458    0.5950    -793.9255  0.3172 
   00459    0.5975    -813.4376  0.3294 
   00460    0.5300    -817.1432  0.3236 
   00461    0.5725    -836.0226  0.2821 
   00462    0.5250    -834.2165  0.2851 
   00463    0.5200    -839.5332  0.2704 
   00464    0.5650    -836.4211  0.2970 
   00465    0.5825    -878.8847  0.2807 
   00466    0.5375    -880.1243  0.2850 
   00467    0.5325    -854.1958  0.2810 
   00468    0.5400    -835.5219  0.3019 
   00469    0.5775    -803.1889  0.2784 
   00470    0.6200    -821.2359  0.2782 
   00471    0.5825    -851.4987  0.2915 
   00472    0.5650    -818.5367  0.3167 
   00473    0.5675    -832.4762  0.3434 
   00474    0.5550    -807.3914  0.3248 
   00475    0.5850    -757.9709  0.3697 
   00476    0.5100    -773.4370  0.3602 
   00477    0.5650    -811.9286  0.3795 
   00478    0.5775    -808.6275  0.3679 
   00479    0.5775    -816.8743  0.3335 
   00480    0.5275    -824.2318  0.3114 
   00481    0.5500    -842.0882  0.3288 
   00482    0.5650    -830.8641  0.3616 
   00483    0.5050    -822.7637  0.3838 
   00484    0.5375    -809.4867  0.4078 
   00485    0.5825    -802.2142  0.4356 
   00486    0.6100    -815.6422  0.4544 
   00487    0.5750    -828.8373  0.4491 
   00488    0.5675    -799.1009  0.4367 
   00489    0.5425    -802.1156  0.4126 
   00490    0.5825    -797.1163  0.4458 
   00491    0.5375    -812.7871  0.4209 
   00492    0.5725    -801.0942  0.4284 
   00493    0.5825    -796.5009  0.4197 
   00494    0.5850    -832.6787  0.4040 
   00495    0.5550    -837.0881  0.4061 
   00496    0.5625    -875.7741  0.4004 
   00497    0.5375    -863.4864  0.3773 
   00498    0.5450    -873.3301  0.3971 
   00499    0.5250    -820.5459  0.4129 
   00500    0.5650    -820.0721  0.3761 
   00501    0.5550    -831.0722  0.3916 
   00502    0.5525    -806.7920  0.4043 
   00503    0.6175    -841.7348  0.3799 
   00504    0.5800    -827.1876  0.3735 
   00505    0.5400    -814.6273  0.3720 
   00506    0.5575    -828.7500  0.3904 
   00507    0.5600    -825.0924  0.3569 
   00508    0.5725    -799.9284  0.3831 
   00509    0.6100    -823.2972  0.3751 
   00510    0.5500    -856.1261  0.3576 
   00511    0.5450    -876.4947  0.3934 
   00512    0.5000    -905.4894  0.3982 
   00513    0.5575    -887.6271  0.3791 
   00514    0.5725    -902.5757  0.3919 
   00515    0.5575    -876.3783  0.3929 
   00516    0.5475    -859.7859  0.3693 
   00517    0.5525    -884.2368  0.3747 
   00518    0.5450    -893.5324  0.3664 
   00519    0.5375    -868.5053  0.3720 
   00520    0.5075    -795.5367  0.3653 
   00521    0.5300    -821.7596  0.3347 
   00522    0.5500    -863.3309  0.3521 
   00523    0.5725    -851.5282  0.3303 
   00524    0.5475    -816.7619  0.2873 
   00525    0.5275    -757.6480  0.2826 
   00526    0.5450    -793.4487  0.3281 
   00527    0.6125    -754.9469  0.2990 
   00528    0.5875    -793.3192  0.2989 
   00529    0.5775    -777.1435  0.3244 
   00530    0.5425    -734.8164  0.2868 
   00531    0.5800    -722.3369  0.2942 
   00532    0.5800    -756.3117  0.3005 
   00533    0.5950    -777.3060  0.2939 
   00534    0.5900    -820.6458  0.3547 
   00535    0.5900    -773.5548  0.3685 
   00536    0.5675    -804.2342  0.3559 
   00537    0.5375    -792.7508  0.3592 
   00538    0.6400    -776.6538  0.3188 
   00539    0.6050    -785.8293  0.2855 
   00540    0.5750    -785.6832  0.3303 
   00541    0.5550    -790.1107  0.3744 
   00542    0.5950    -802.1986  0.4185 
   00543    0.5775    -772.7839  0.3938 
   00544    0.5500    -810.6639  0.4132 
   00545    0.5250    -808.0129  0.4181 
   00546    0.5400    -853.5631  0.4311 
   00547    0.5550    -861.0023  0.3921 
   00548    0.5850    -803.4958  0.3672 
   00549    0.5850    -818.0821  0.3733 
   00550    0.5825    -800.6691  0.3845 
   00551    0.5675    -806.5668  0.3627 
   00552    0.5600    -834.1939  0.3507 
   00553    0.5875    -802.5763  0.3592 
   00554    0.5925    -828.3320  0.3369 
   00555    0.5325    -803.7356  0.3530 
   00556    0.5850    -821.5515  0.3427 
   00557    0.5900    -853.5303  0.3235 
   00558    0.5000    -891.6716  0.3027 
   00559    0.5525    -868.1875  0.3085 
   00560    0.4900    -892.6022  0.3279 
   00561    0.5400    -864.1697  0.3321 
   00562    0.5400    -861.7597  0.3076 
   00563    0.5200    -833.5160  0.2995 
   00564    0.5800    -845.2985  0.3101 
   00565    0.5525    -824.7755  0.3098 
   00566    0.5650    -841.7598  0.2945 
   00567    0.5400    -858.8172  0.3249 
   00568    0.5300    -880.6007  0.3090 
   00569    0.5900    -868.3766  0.3011 
   00570    0.5125    -876.7994  0.3259 
   00571    0.5300    -845.0034  0.3363 
   00572    0.5650    -835.9291  0.3329 
   00573    0.5400    -839.2561  0.3164 
   00574    0.5700    -833.4439  0.3151 
   00575    0.5475    -827.7205  0.3479 
   00576    0.5650    -830.4462  0.3823 
   00577    0.5300    -849.4348  0.4056 
   00578    0.4900    -829.7310  0.4034 
   00579    0.5400    -848.3815  0.4024 
   00580    0.6025    -866.6948  0.3902 
   00581    0.5450    -834.1340  0.4163 
   00582    0.5400    -829.8470  0.4325 
   00583    0.6075    -826.2213  0.3903 
   00584    0.5575    -827.0773  0.3388 
   00585    0.5600    -781.4037  0.3406 
   00586    0.5325    -798.3128  0.3328 
   00587    0.5625    -813.3833  0.3138 
   00588    0.5475    -836.1106  0.3345 
   00589    0.5750    -833.5856  0.3414 
   00590    0.5400    -809.5100  0.3220 
   00591    0.6100    -841.8229  0.3316 
   00592    0.5225    -870.1023  0.3889 
   00593    0.5775    -847.2078  0.3905 
   00594    0.5550    -803.2079  0.3629 
   00595    0.5675    -825.4659  0.3656 
   00596    0.5775    -801.8417  0.3491 
   00597    0.6375    -749.2421  0.3026 
   00598    0.5750    -791.1393  0.3153 
   00599    0.5950    -792.9554  0.3037 
   00600    0.5325    -843.4872  0.3276 
   00601    0.5425    -807.2585  0.3071 
   00602    0.6100    -805.6095  0.3562 
   00603    0.6075    -789.4566  0.3498 
   00604    0.5425    -810.5878  0.3343 
   00605    0.5675    -813.2122  0.2879 
   00606    0.6200    -791.5897  0.2955 
   00607    0.5575    -811.2158  0.3163 
   00608    0.5325    -783.6306  0.3479 
   00609    0.5850    -787.6719  0.3601 
   00610    0.5750    -797.5361  0.3396 
   00611    0.5975    -766.8484  0.3993 
   00612    0.5650    -766.5651  0.4038 
   00613    0.5775    -760.8980  0.4129 
   00614    0.5525    -809.6401  0.3810 
   00615    0.5300    -780.7992  0.3523 
   00616    0.5825    -804.0645  0.3430 
   00617    0.5250    -847.5295  0.3365 
   00618    0.5225    -843.8192  0.2921 
   00619    0.6025    -841.1464  0.3001 
   00620    0.5450    -845.8253  0.3061 
   00621    0.5675    -844.6606  0.2807 
   00622    0.5450    -850.9418  0.3017 
   00623    0.5575    -812.6964  0.2786 
   00624    0.6125    -802.7019  0.3129 
   00625    0.5925    -841.4677  0.3114 
   00626    0.5475    -846.0942  0.3096 
   00627    0.5900    -827.9018  0.3297 
   00628    0.5550    -818.1820  0.2951 
   00629    0.5600    -814.1852  0.2919 
   00630    0.5700    -794.0615  0.3318 
   00631    0.5325    -847.3987  0.3465 
   00632    0.5325    -834.4931  0.3507 
   00633    0.5375    -848.2077  0.3384 
   00634    0.5125    -887.1140  0.3330 
   00635    0.5375    -883.1459  0.3188 
   00636    0.5300    -901.1057  0.3303 
   00637    0.5775    -925.5602  0.3066 
   00638    0.5225    -889.2699  0.2904 
   00639    0.4875    -862.0463  0.2986 
   00640    0.5400    -846.7341  0.3029 
   00641    0.5850    -857.5724  0.2686 
   00642    0.5775    -797.6869  0.3079 
   00643    0.5350    -837.1751  0.3039 
   00644    0.4950    -842.5614  0.3027 
   00645    0.5900    -826.7735  0.2833 
   00646    0.5425    -827.9334  0.2975 
   00647    0.5875    -866.7618  0.3042 
   00648    0.5525    -905.6199  0.3352 
   00649    0.5350    -917.6386  0.3167 
   00650    0.4800    -914.6791  0.3145 
   00651    0.5650    -895.8894  0.3071 
   00652    0.5375    -846.9900  0.3525 
   00653    0.5375    -848.7302  0.3671 
   00654    0.5650    -809.3549  0.3720 
   00655    0.5275    -843.3792  0.3895 
   00656    0.5750    -870.7637  0.3617 
   00657    0.5375    -908.1928  0.3646 
   00658    0.5175    -894.7026  0.3820 
   00659    0.5475    -898.9562  0.3768 
   00660    0.5275    -823.5160  0.3759 
   00661    0.5475    -843.1758  0.3278 
   00662    0.5725    -846.5389  0.3300 
   00663    0.5625    -787.6145  0.3258 
   00664    0.5825    -804.1913  0.3345 
   00665    0.5825    -796.7490  0.3702 
   00666    0.5250    -799.8713  0.3612 
   00667    0.5825    -793.6987  0.3565 
   00668    0.6075    -819.0810  0.3588 
   00669    0.5575    -840.7685  0.4097 
   00670    0.5375    -839.7550  0.4100 
   00671    0.5825    -816.7855  0.3839 
   00672    0.5775    -839.5670  0.3852 
   00673    0.5575    -837.7493  0.3988 
   00674    0.5350    -801.1409  0.3768 
   00675    0.5525    -782.4965  0.3679 
   00676    0.5850    -766.7696  0.3866 
   00677    0.6200    -804.9792  0.3956 
   00678    0.5775    -773.1820  0.3696 
   00679    0.6200    -796.5850  0.3858 
   00680    0.5900    -798.9099  0.4016 
   00681    0.5850    -789.6650  0.3670 
   00682    0.4975    -791.3831  0.3694 
   00683    0.5525    -785.7034  0.3548 
   00684    0.5600    -770.0601  0.3247 
   00685    0.5825    -839.0266  0.3246 
   00686    0.5500    -772.7230  0.3138 
   00687    0.5800    -817.2578  0.3128 
   00688    0.5425    -828.4989  0.3042 
   00689    0.5625    -874.2629  0.2933 
   00690    0.4900    -875.3444  0.3457 
   00691    0.5425    -880.2505  0.3217 
   00692    0.4975    -878.8231  0.3211 
   00693    0.5675    -855.0133  0.2729 
   00694    0.5850    -852.3922  0.2561 
   00695    0.5525    -827.3925  0.2669 
   00696    0.5925    -868.2094  0.3130 
   00697    0.5725    -903.1198  0.3442 
   00698    0.5275    -896.1935  0.3282 
   00699    0.6150    -856.3812  0.3218 
   00700    0.5200    -851.5403  0.3118 
   00701    0.5225    -836.5215  0.3232 
   00702    0.5450    -843.9949  0.3550 
   00703    0.6100    -806.5602  0.3608 
   00704    0.5775    -816.6336  0.3624 
   00705    0.5750    -835.4760  0.3452 
   00706    0.5750    -874.9848  0.3347 
   00707    0.5375    -884.9703  0.3482 
   00708    0.5800    -855.0743  0.3534 
   00709    0.5400    -909.6061  0.3262 
   00710    0.5200    -854.9150  0.3112 
   00711    0.5400    -806.1030  0.3124 
   00712    0.5600    -803.2841  0.3208 
   00713    0.5900    -783.9566  0.2838 
   00714    0.5575    -825.2173  0.3025 
   00715    0.6050    -825.2433  0.2958 
   00716    0.5625    -846.1979  0.3168 
   00717    0.5525    -877.9801  0.3252 
   00718    0.5250    -887.7308  0.2888 
   00719    0.5650    -828.9694  0.2821 
   00720    0.5700    -779.9319  0.2764 
   00721    0.5675    -781.4854  0.2908 
   00722    0.6050    -781.6739  0.2997 
   00723    0.5300    -826.9019  0.3062 
   00724    0.5500    -866.4422  0.3100 
   00725    0.6025    -837.2868  0.3086 
   00726    0.5900    -843.1983  0.3343 
   00727    0.5475    -844.1948  0.3089 
   00728    0.5600    -848.3501  0.3154 
   00729    0.5800    -876.1148  0.3234 
   00730    0.5600    -841.9408  0.3316 
   00731    0.6200    -783.6263  0.3175 
   00732    0.5650    -805.5884  0.3348 
   00733    0.5950    -852.2477  0.2924 
   00734    0.5225    -837.7501  0.2930 
   00735    0.5600    -842.8673  0.2680 
   00736    0.5350    -818.7584  0.2806 
   00737    0.5550    -805.4810  0.2670 
   00738    0.5675    -828.0389  0.2558 
   00739    0.5325    -821.3690  0.2902 
   00740    0.5850    -821.3618  0.2809 
   00741    0.5675    -836.5250  0.2791 
   00742    0.5075    -849.4778  0.2976 
   00743    0.5800    -824.4196  0.2786 
   00744    0.5925    -805.9231  0.2584 
   00745    0.5525    -824.2475  0.2658 
   00746    0.5900    -830.8475  0.2726 
   00747    0.5700    -809.1659  0.2912 
   00748    0.4975    -807.6862  0.3342 
   00749    0.5600    -791.8552  0.3397 
   00750    0.5875    -826.5677  0.3552 
   00751    0.5925    -818.6740  0.3582 
   00752    0.5475    -812.3739  0.3350 
   00753    0.5075    -819.3084  0.3295 
   00754    0.5400    -795.0244  0.3379 
   00755    0.5850    -802.0346  0.3511 
   00756    0.6000    -814.6121  0.3206 
   00757    0.5575    -759.2805  0.2909 
   00758    0.5900    -797.8489  0.3146 
   00759    0.5675    -787.5461  0.3441 
   00760    0.5475    -783.2321  0.3309 
   00761    0.5300    -780.3533  0.3165 
   00762    0.6175    -787.2359  0.3351 
   00763    0.5900    -775.3100  0.3481 
   00764    0.6000    -757.6390  0.3513 
   00765    0.6150    -762.3793  0.3770 
   00766    0.5925    -790.6615  0.3637 
   00767    0.5725    -821.6016  0.3808 
   00768    0.5175    -824.0117  0.3677 
   00769    0.5775    -771.0051  0.3644 
   00770    0.5975    -808.1656  0.3530 
   00771    0.5525    -807.3921  0.3838 
   00772    0.5750    -820.2205  0.4182 
   00773    0.5150    -862.5002  0.4314 
   00774    0.5350    -835.0651  0.4315 
   00775    0.5750    -829.6198  0.4616 
   00776    0.5525    -834.9124  0.4478 
   00777    0.5350    -808.0662  0.4242 
   00778    0.5550    -842.8529  0.4797 
   00779    0.5600    -870.2222  0.5086 
   00780    0.5300    -859.3750  0.5180 
   00781    0.5600    -866.9522  0.4857 
   00782    0.5600    -824.8977  0.4476 
   00783    0.5700    -848.0137  0.4502 
   00784    0.5200    -872.0089  0.4109 
   00785    0.5450    -848.8903  0.3976 
   00786    0.6400    -880.8214  0.3959 
   00787    0.5550    -823.9041  0.3862 
   00788    0.5225    -893.2323  0.4079 
   00789    0.4850    -886.6693  0.3854 
   00790    0.5500    -868.7565  0.3941 
   00791    0.5900    -849.4007  0.3892 
   00792    0.5150    -837.8215  0.3852 
   00793    0.5675    -886.9856  0.4237 
   00794    0.5250    -888.7470  0.4035 
   00795    0.5350    -900.7374  0.4162 
   00796    0.4725    -894.2405  0.4644 
   00797    0.5225    -842.8512  0.4654 
   00798    0.5350    -849.7247  0.4784 
   00799    0.5775    -813.3858  0.4530 
   00800    0.5725    -854.2943  0.4621 
   00801    0.5300    -872.5615  0.4727 
   00802    0.5750    -860.9355  0.4540 
   00803    0.5100    -878.5958  0.4254 
   00804    0.5400    -907.2915  0.4311 
   00805    0.5050    -920.4369  0.4609 
   00806    0.5200    -873.9543  0.4292 
   00807    0.5300    -881.9143  0.4246 
   00808    0.5475    -827.4474  0.4017 
   00809    0.5350    -848.8175  0.3728 
   00810    0.5275    -844.0906  0.3591 
   00811    0.5275    -881.9498  0.3661 
   00812    0.5650    -954.1767  0.3966 
   00813    0.5025    -939.0382  0.3778 
   00814    0.5050    -902.4012  0.4054 
   00815    0.4550    -907.4859  0.4136 
   00816    0.5475    -874.1095  0.4048 
   00817    0.5150    -842.4190  0.4489 
   00818    0.5500    -823.1627  0.4597 
   00819    0.5675    -876.6938  0.5168 
   00820    0.5775    -850.7631  0.4706 
   00821    0.4950    -866.0692  0.4759 
   00822    0.5500    -853.9511  0.4767 
   00823    0.5875    -826.9183  0.4408 
   00824    0.5975    -833.3963  0.4276 
   00825    0.5350    -885.2314  0.3858 
   00826    0.5350    -855.5341  0.3489 
   00827    0.5100    -894.9446  0.3714 
   00828    0.5300    -899.0335  0.3821 
   00829    0.5200    -900.7105  0.3917 
   00830    0.5800    -875.4512  0.3726 
   00831    0.5350    -880.2055  0.3703 
   00832    0.5350    -856.7173  0.3992 
   00833    0.5625    -853.7663  0.4027 
   00834    0.5725    -784.5786  0.3749 
   00835    0.5900    -788.6131  0.3686 
   00836    0.5625    -819.4675  0.3887 
   00837    0.5575    -821.6923  0.3707 
   00838    0.5300    -838.2500  0.3481 
   00839    0.5725    -819.1057  0.3291 
   00840    0.5950    -800.1329  0.3290 
   00841    0.5800    -801.5051  0.3097 
   00842    0.5950    -822.6311  0.3386 
   00843    0.5425    -829.2258  0.3461 
   00844    0.5850    -849.0145  0.3842 
   00845    0.5800    -834.9704  0.3605 
   00846    0.5825    -839.6051  0.3391 
   00847    0.5450    -856.0112  0.2909 
   00848    0.5425    -881.3688  0.2614 
   00849    0.5050    -828.4518  0.2554 
   00850    0.6125    -825.3306  0.2796 
   00851    0.5275    -834.6171  0.2900 
   00852    0.5750    -809.1699  0.3060 
   00853    0.5575    -795.0093  0.3260 
   00854    0.5600    -814.6215  0.3211 
   00855    0.5725    -822.1767  0.3923 
   00856    0.5675    -809.2564  0.3828 
   00857    0.5750    -850.6517  0.3999 
   00858    0.5350    -860.6442  0.4207 
   00859    0.5525    -854.3733  0.4446 
   00860    0.5775    -848.6354  0.4138 
   00861    0.5325    -897.9362  0.4684 
   00862    0.5125    -885.6071  0.4958 
   00863    0.5300    -917.5922  0.4990 
   00864    0.5300    -886.0091  0.5016 
   00865    0.5350    -866.5967  0.4976 
   00866    0.5275    -874.2888  0.4993 
   00867    0.5900    -838.5255  0.4980 
   00868    0.5650    -873.0777  0.4864 
   00869    0.5450    -867.7973  0.4532 
   00870    0.5275    -829.2047  0.4242 
   00871    0.5500    -826.8091  0.3903 
   00872    0.5975    -818.5382  0.4265 
   00873    0.5325    -847.7541  0.4548 
   00874    0.5475    -854.9766  0.4154 
   00875    0.5850    -835.1012  0.4203 
   00876    0.5375    -858.6718  0.4449 
   00877    0.5875    -850.6013  0.4185 
   00878    0.5575    -824.0162  0.3972 
   00879    0.5525    -805.4938  0.3756 
   00880    0.5675    -805.2814  0.3520 
   00881    0.5950    -822.9227  0.3440 
   00882    0.5575    -782.9005  0.3548 
   00883    0.6450    -755.6176  0.3415 
   00884    0.5675    -743.0579  0.3460 
   00885    0.5725    -773.5025  0.3977 
   00886    0.5500    -812.9905  0.4089 
   00887    0.5575    -841.9754  0.4118 
   00888    0.5575    -841.3793  0.4281 
   00889    0.5675    -897.6522  0.4792 
   00890    0.5225    -867.5527  0.4660 
   00891    0.5175    -845.4198  0.4185 
   00892    0.5725    -835.2923  0.4068 
   00893    0.5850    -862.9485  0.4178 
   00894    0.5575    -888.7790  0.3933 
   00895    0.5650    -873.2472  0.3661 
   00896    0.5400    -869.9957  0.3572 
   00897    0.5050    -882.9503  0.3604 
   00898    0.5725    -888.4133  0.3290 
   00899    0.5150    -902.0040  0.3553 
   00900    0.5275    -860.2927  0.3478 
   00901    0.5525    -829.1675  0.3495 
   00902    0.5625    -811.3725  0.3639 
   00903    0.5950    -811.2238  0.3572 
   00904    0.5925    -789.9495  0.3585 
   00905    0.5625    -798.5248  0.3641 
   00906    0.5875    -846.5773  0.3984 
   00907    0.5625    -866.1370  0.3948 
   00908    0.5300    -886.3790  0.4086 
   00909    0.5725    -870.5942  0.4174 
   00910    0.5725    -863.3578  0.4233 
   00911    0.5550    -878.2543  0.4450 
   00912    0.5825    -858.9625  0.4602 
   00913    0.5750    -910.0666  0.4792 
   00914    0.5675    -900.1120  0.4437 
   00915    0.4925    -853.3226  0.4457 
   00916    0.5250    -861.7300  0.4150 
   00917    0.5775    -818.7336  0.4177 
   00918    0.5325    -832.6052  0.4036 
   00919    0.5450    -820.1960  0.4109 
   00920    0.5125    -801.0675  0.4224 
   00921    0.5050    -837.2242  0.4330 
   00922    0.5500    -848.9099  0.4217 
   00923    0.5425    -861.4156  0.4071 
   00924    0.5325    -843.6109  0.3791 
   00925    0.5375    -839.9742  0.4286 
   00926    0.5800    -827.2465  0.4114 
   00927    0.5150    -853.1019  0.3829 
   00928    0.5775    -836.8022  0.3419 
   00929    0.5475    -855.0445  0.3342 
   00930    0.5725    -803.1214  0.3365 
   00931    0.5325    -846.3492  0.3288 
   00932    0.5400    -786.4761  0.3345 
   00933    0.5625    -809.0188  0.3710 
   00934    0.5400    -842.7882  0.3558 
   00935    0.4975    -814.3912  0.2888 
   00936    0.5450    -839.5222  0.3069 
   00937    0.5650    -819.1432  0.2863 
   00938    0.5550    -812.5843  0.2818 
   00939    0.5900    -807.8678  0.2806 
   00940    0.5500    -784.1732  0.3013 
   00941    0.5675    -843.6906  0.3221 
   00942    0.5425    -823.8078  0.3643 
   00943    0.5550    -815.9883  0.3838 
   00944    0.5750    -812.2588  0.3867 
   00945    0.5400    -820.0917  0.4126 
   00946    0.5525    -819.5148  0.4122 
   00947    0.6225    -815.3652  0.4017 
   00948    0.5800    -808.3633  0.3872 
   00949    0.5700    -830.4217  0.4224 
   00950    0.6075    -823.3081  0.4212 
   00951    0.6000    -779.3804  0.3933 
   00952    0.5775    -781.1998  0.3634 
   00953    0.5700    -809.3031  0.3627 
   00954    0.5875    -768.5220  0.3434 
   00955    0.6075    -790.5503  0.3107 
   00956    0.5875    -780.4578  0.3124 
   00957    0.5900    -798.5236  0.3107 
   00958    0.5900    -826.5090  0.3537 
   00959    0.5250    -884.6439  0.3986 
   00960    0.5600    -891.0442  0.4016 
   00961    0.4875    -833.0075  0.3855 
   00962    0.5525    -837.2751  0.3846 
   00963    0.6000    -846.2263  0.3752 
   00964    0.5500    -875.1510  0.3815 
   00965    0.6125    -841.2028  0.4128 
   00966    0.5925    -826.1719  0.3885 
   00967    0.5875    -805.2235  0.3434 
   00968    0.5550    -838.7566  0.3145 
   00969    0.5675    -803.8665  0.3004 
   00970    0.5800    -791.4448  0.2946 
   00971    0.5725    -788.4270  0.3256 
   00972    0.5625    -775.3685  0.3165 
   00973    0.5975    -791.9106  0.2963 
   00974    0.5850    -771.2475  0.2922 
   00975    0.6050    -787.4880  0.3064 
   00976    0.6050    -770.3901  0.3106 
   00977    0.5900    -832.9958  0.2889 
   00978    0.5575    -840.6476  0.3350 
   00979    0.5625    -848.7033  0.3472 
   00980    0.5650    -867.6081  0.3570 
   00981    0.5775    -868.4427  0.3506 
   00982    0.5350    -860.8622  0.3452 
   00983    0.5425    -855.8271  0.3630 
   00984    0.5325    -866.1601  0.3916 
   00985    0.5650    -858.3752  0.3806 
   00986    0.5325    -878.3284  0.3714 
   00987    0.5900    -836.8608  0.3871 
   00988    0.5400    -791.2762  0.3222 
   00989    0.5750    -763.3984  0.3167 
   00990    0.5875    -814.1069  0.3405 
   00991    0.5450    -816.8998  0.2930 
   00992    0.5575    -807.3225  0.2705 
   00993    0.5925    -818.1108  0.2645 
   00994    0.6050    -758.3559  0.2784 
   00995    0.5700    -743.7429  0.2980 
   00996    0.6050    -741.3275  0.3028 
   00997    0.5800    -768.0801  0.2864 
   00998    0.6125    -809.6144  0.3176 
   00999    0.6400    -838.4381  0.2926 
   01000    0.5625    -868.6796  0.3027 
