#=====================================================
# File created:        Mon-06-Nov-2023-at-02-40-18PM
# Size of lattice:     60x60
# Number of MC steps:  1000
# Reduced temperature: 1.000
# Run time (s):        67.456448
#=====================================================
# MC step:  Ratio:     Energy:   Order:
#=====================================================
   00000    0.5000   -3696.0867  0.2594 
   00001    0.6836   -5515.7303  0.2640 
   00002    0.6281   -6348.6910  0.2553 
   00003    0.5844   -6914.9340  0.2579 
   00004    0.5581   -7202.0493  0.2716 
   00005    0.5542   -7419.8515  0.2604 
   00006    0.5425   -7675.3454  0.2570 
   00007    0.5333   -7830.1130  0.2595 
   00008    0.5489   -7841.1802  0.2586 
   00009    0.5225   -7910.7079  0.2627 
   00010    0.5208   -7997.4995  0.2662 
   00011    0.5133   -8109.5422  0.2681 
   00012    0.5208   -8054.2497  0.2807 
   00013    0.5114   -8139.0810  0.2839 
   00014    0.5094   -8230.6783  0.2926 
   00015    0.5061   -8159.7731  0.2756 
   00016    0.5189   -8178.5195  0.2781 
   00017    0.5186   -8163.4466  0.2706 
   00018    0.5231   -8243.8535  0.2715 
   00019    0.5103   -8208.9166  0.2728 
   00020    0.5061   -8241.3409  0.2753 
   00021    0.5139   -8280.7728  0.2779 
   00022    0.5053   -8314.5938  0.2815 
   00023    0.4936   -8348.6195  0.2783 
   00024    0.4944   -8366.7595  0.2812 
   00025    0.5064   -8366.3035  0.2785 
   00026    0.5008   -8408.7765  0.2782 
   00027    0.5053   -8474.8041  0.2712 
   00028    0.4869   -8518.4153  0.2767 
   00029    0.4836   -8552.5536  0.2857 
   00030    0.4903   -8573.5675  0.2789 
   00031    0.4961   -8537.7473  0.2841 
   00032    0.4800   -8585.2083  0.2925 
   00033    0.4883   -8563.2611  0.2990 
   00034    0.4694   -8542.9961  0.2956 
   00035    0.4881   -8560.9847  0.2900 
   00036    0.4869   -8578.1594  0.2956 
   00037    0.4819   -8486.9844  0.2858 
   00038    0.4842   -8478.4422  0.2822 
   00039    0.4925   -8479.8147  0.2826 
   00040    0.4978   -8476.4819  0.2774 
   00041    0.4969   -8333.2449  0.2801 
   00042    0.4961   -8390.7668  0.2835 
   00043    0.4983   -8461.0844  0.2778 
   00044    0.4978   -8503.2737  0.2785 
   00045    0.4939   -8488.8368  0.2849 
   00046    0.4983   -8556.8686  0.2659 
   00047    0.4903   -8562.2344  0.2802 
   00048    0.4858   -8500.8380  0.2720 
   00049    0.4967   -8558.3039  0.2683 
   00050    0.4908   -8429.0127  0.2725 
   00051    0.5053   -8434.0926  0.2745 
   00052    0.5061   -8551.7903  0.2740 
   00053    0.4997   -8433.8212  0.2838 
   00054    0.4936   -8440.8647  0.2713 
   00055    0.4878   -8384.5157  0.2644 
   00056    0.5028   -8367.0792  0.2596 
   00057    0.4858   -8382.2004  0.2628 
   00058    0.4806   -8299.9899  0.2610 
   00059    0.4964   -8348.4445  0.2724 
   00060    0.5036   -8335.1205  0.2813 
   00061    0.5072   -8444.9885  0.2964 
   00062    0.5006   -8386.2297  0.2898 
   00063    0.4956   -8471.8155  0.2926 
   00064    0.4956   -8446.8440  0.2960 
   00065    0.4931   -8492.5782  0.3024 
   00066    0.4939   -8418.4529  0.2961 
   00067    0.4892   -8396.0378  0.2850 
   00068    0.5094   -8503.1123  0.2783 
   00069    0.5011   -8506.1163  0.2790 
   00070    0.4869   -8613.7375  0.2804 
   00071    0.4856   -8590.1141  0.2746 
   00072    0.4864   -8603.8599  0.2804 
   00073    0.4947   -8616.1126  0.2852 
   00074    0.4781   -8712.2588  0.2790 
   00075    0.4778   -8548.4409  0.2765 
   00076    0.4853   -8537.0116  0.2764 
   00077    0.5039   -8546.0029  0.2838 
   00078    0.4850   -8551.2923  0.2882 
   00079    0.4906   -8620.0689  0.3065 
   00080    0.4831   -8664.5643  0.3033 
   00081    0.4792   -8598.8827  0.3076 
   00082    0.4722   -8573.0881  0.3047 
   00083    0.4950   -8520.7616  0.2981 
   00084    0.4875   -8421.0519  0.3048 
   00085    0.4903   -8572.2113  0.3139 
   00086    0.4808   -8587.9171  0.3233 
   00087    0.4939   -8543.1001  0.3123 
   00088    0.4922   -8484.2100  0.3026 
   00089    0.4889   -8423.4575  0.2918 
   00090    0.4925   -8312.2057  0.2805 
   00091    0.4989   -8379.9589  0.2897 
   00092    0.4886   -8378.9281  0.2921 
   00093    0.5086   -8433.7710  0.2902 
   00094    0.5053   -8513.6005  0.2865 
   00095    0.4933   -8506.0507  0.3074 
   00096    0.4831   -8478.2284  0.3081 
   00097    0.4964   -8533.3395  0.2986 
   00098    0.5092   -8443.2684  0.2991 
   00099    0.4892   -8499.9248  0.3045 
   00100    0.4956   -8479.3508  0.3115 
   00101    0.4922   -8427.5555  0.3163 
   00102    0.4911   -8469.4288  0.3080 
   00103    0.4886   -8405.6422  0.3241 
   00104    0.5078   -8343.7701  0.3185 
   00105    0.4889   -8332.3041  0.3085 
   00106    0.4961   -8366.4309  0.3121 
   00107    0.5022   -8350.4114  0.3154 
   00108    0.4994   -8336.7758  0.3195 
   00109    0.5058   -8280.6430  0.3203 
   00110    0.4928   -8254.0974  0.3127 
   00111    0.5092   -8250.2437  0.3113 
   00112    0.5033   -8362.7629  0.3032 
   00113    0.5006   -8224.7419  0.2973 
   00114    0.5083   -8216.8512  0.2888 
   00115    0.5175   -8229.2163  0.2899 
   00116    0.5292   -8262.1102  0.2855 
   00117    0.4889   -8274.4154  0.2844 
   00118    0.5053   -8345.1718  0.2836 
   00119    0.5075   -8280.4654  0.2776 
   00120    0.4994   -8286.9522  0.2860 
   00121    0.5044   -8263.6872  0.2743 
   00122    0.4950   -8325.9106  0.2851 
   00123    0.5061   -8349.1104  0.2860 
   00124    0.4997   -8350.4419  0.2856 
   00125    0.4839   -8395.5175  0.2856 
   00126    0.5167   -8402.0550  0.2895 
   00127    0.4956   -8420.0221  0.2806 
   00128    0.4936   -8450.2648  0.2817 
   00129    0.4936   -8491.0666  0.2783 
   00130    0.5033   -8393.4515  0.2654 
   00131    0.5053   -8451.2340  0.2572 
   00132    0.4819   -8466.8861  0.2629 
   00133    0.5011   -8441.5828  0.2731 
   00134    0.5017   -8507.3182  0.2702 
   00135    0.5139   -8438.8840  0.2697 
   00136    0.5003   -8627.7019  0.2601 
   00137    0.4836   -8531.5481  0.2712 
   00138    0.4936   -8563.3099  0.2751 
   00139    0.4942   -8597.0076  0.2796 
   00140    0.5019   -8604.1707  0.2833 
   00141    0.4864   -8611.7695  0.2752 
   00142    0.4942   -8598.3758  0.2758 
   00143    0.4808   -8684.1307  0.2855 
   00144    0.4864   -8707.2638  0.2701 
   00145    0.4936   -8510.9874  0.2618 
   00146    0.4867   -8457.4390  0.2672 
   00147    0.4981   -8458.1142  0.2674 
   00148    0.4928   -8552.8040  0.2667 
   00149    0.4778   -8430.4215  0.2684 
   00150    0.4881   -8432.3203  0.2800 
   00151    0.4803   -8521.7637  0.2728 
   00152    0.5081   -8559.0617  0.2756 
   00153    0.4800   -8688.4853  0.2675 
   00154    0.4917   -8638.2249  0.2651 
   00155    0.4750   -8618.1244  0.2749 
   00156    0.4875   -8760.8009  0.2839 
   00157    0.4811   -8699.5305  0.2841 
   00158    0.4694   -8673.2735  0.2835 
   00159    0.4775   -8617.1345  0.2836 
   00160    0.4917   -8580.1473  0.2805 
   00161    0.4856   -8640.3883  0.2819 
   00162    0.4869   -8777.2202  0.2846 
   00163    0.4700   -8678.9345  0.2699 
   00164    0.4906   -8624.8669  0.2675 
   00165    0.4881   -8664.6313  0.2699 
   00166    0.4825   -8595.6425  0.2743 
   00167    0.4947   -8600.2286  0.2900 
   00168    0.4756   -8553.0102  0.2916 
   00169    0.4986   -8516.0481  0.2993 
   00170    0.5111   -8507.8711  0.2952 
   00171    0.4861   -8484.5351  0.2891 
   00172    0.4908   -8488.3215  0.2965 
   00173    0.4964   -8477.6184  0.3065 
   00174    0.5083   -8515.8636  0.3155 
   00175    0.5047   -8568.0989  0.3082 
   00176    0.4789   -8556.1966  0.3071 
   00177    0.4961   -8596.4151  0.2987 
   00178    0.4783   -8519.5605  0.3024 
   00179    0.4800   -8569.5794  0.2903 
   00180    0.4864   -8737.0639  0.2909 
   00181    0.4794   -8677.0970  0.2879 
   00182    0.4758   -8713.7932  0.2850 
   00183    0.4881   -8772.8926  0.2835 
   00184    0.4817   -8880.8704  0.2848 
   00185    0.4833   -8846.1971  0.2802 
   00186    0.4806   -8832.3948  0.2796 
   00187    0.4728   -8839.1306  0.2858 
   00188    0.4797   -8740.0858  0.2798 
   00189    0.4758   -8715.8393  0.2813 
   00190    0.4844   -8583.7285  0.2798 
   00191    0.4922   -8512.3063  0.2794 
   00192    0.4861   -8506.2832  0.2685 
   00193    0.4925   -8569.6677  0.2709 
   00194    0.4975   -8513.8096  0.2646 
   00195    0.4872   -8549.8631  0.2666 
   00196    0.4908   -8547.2584  0.2611 
   00197    0.4775   -8504.8206  0.2652 
   00198    0.4944   -8601.2010  0.2672 
   00199    0.4803   -8550.9003  0.2709 
   00200    0.5097   -8571.3193  0.2793 
   00201    0.4961   -8590.8788  0.2718 
   00202    0.4936   -8605.7823  0.2686 
   00203    0.4744   -8660.4505  0.2592 
   00204    0.4731   -8635.6408  0.2715 
   00205    0.4828   -8545.7230  0.2730 
   00206    0.4814   -8527.1722  0.2726 
   00207    0.5056   -8560.6435  0.2772 
   00208    0.5006   -8478.9141  0.2758 
   00209    0.4839   -8502.2521  0.2728 
   00210    0.4856   -8573.1885  0.2694 
   00211    0.4944   -8605.3256  0.2771 
   00212    0.4978   -8650.1617  0.2862 
   00213    0.4981   -8694.5255  0.2838 
   00214    0.4850   -8571.7460  0.2855 
   00215    0.4931   -8518.8034  0.2947 
   00216    0.5086   -8438.7854  0.2908 
   00217    0.5094   -8533.6644  0.2889 
   00218    0.4933   -8519.2436  0.2922 
   00219    0.4994   -8494.0050  0.2939 
   00220    0.4800   -8499.3554  0.2889 
   00221    0.5022   -8425.3403  0.2880 
   00222    0.4967   -8386.2831  0.2918 
   00223    0.5033   -8432.5037  0.2889 
   00224    0.4856   -8427.3725  0.2867 
   00225    0.5069   -8478.5193  0.2925 
   00226    0.4844   -8521.3851  0.2929 
   00227    0.4928   -8563.6337  0.2859 
   00228    0.4778   -8575.1734  0.2806 
   00229    0.4933   -8490.2860  0.2812 
   00230    0.4839   -8567.2741  0.2772 
   00231    0.4831   -8513.0981  0.2807 
   00232    0.4969   -8424.2653  0.2829 
   00233    0.5219   -8316.9539  0.2804 
   00234    0.5072   -8315.1112  0.2864 
   00235    0.5150   -8326.7128  0.2923 
   00236    0.5047   -8359.7024  0.3020 
   00237    0.5008   -8408.5673  0.3045 
   00238    0.4872   -8293.8011  0.3030 
   00239    0.4919   -8433.9576  0.2932 
   00240    0.5022   -8372.8634  0.2966 
   00241    0.5050   -8460.6073  0.2943 
   00242    0.4969   -8451.6488  0.2931 
   00243    0.4875   -8505.3396  0.2786 
   00244    0.5067   -8533.6534  0.2802 
   00245    0.4842   -8551.6687  0.2834 
   00246    0.5008   -8504.6075  0.2856 
   00247    0.4983   -8448.5261  0.2909 
   00248    0.4953   -8419.7727  0.2848 
   00249    0.4786   -8511.3948  0.2882 
   00250    0.5014   -8496.4943  0.2925 
   00251    0.4842   -8446.7971  0.3001 
   00252    0.4911   -8454.0754  0.2988 
   00253    0.4986   -8549.1747  0.3007 
   00254    0.4892   -8521.8318  0.2983 
   00255    0.4939   -8422.6730  0.2992 
   00256    0.5003   -8437.4051  0.2922 
   00257    0.4981   -8557.8140  0.3008 
   00258    0.4936   -8514.0233  0.3102 
   00259    0.4822   -8485.7684  0.3087 
   00260    0.4864   -8386.5224  0.3046 
   00261    0.4906   -8487.5094  0.3118 
   00262    0.4997   -8495.0231  0.3184 
   00263    0.4894   -8417.8081  0.3189 
   00264    0.5050   -8430.4684  0.3250 
   00265    0.4994   -8440.8306  0.3334 
   00266    0.4875   -8475.0962  0.3322 
   00267    0.4931   -8395.7002  0.3310 
   00268    0.5067   -8340.2348  0.3239 
   00269    0.4956   -8480.9312  0.3288 
   00270    0.4922   -8592.7766  0.3319 
   00271    0.4919   -8611.6543  0.3241 
   00272    0.4908   -8591.3961  0.3268 
   00273    0.4864   -8525.0388  0.3155 
   00274    0.4867   -8588.8663  0.3159 
   00275    0.4906   -8577.5344  0.3039 
   00276    0.4803   -8560.4132  0.2939 
   00277    0.4961   -8478.4244  0.2804 
   00278    0.4983   -8540.6326  0.2908 
   00279    0.5031   -8513.4988  0.2889 
   00280    0.4994   -8426.0387  0.2939 
   00281    0.4817   -8525.3079  0.2969 
   00282    0.4850   -8648.7317  0.2938 
   00283    0.4886   -8494.6991  0.2941 
   00284    0.4939   -8576.6814  0.2876 
   00285    0.5042   -8624.1861  0.2896 
   00286    0.4878   -8674.4912  0.2884 
   00287    0.4658   -8650.3044  0.2845 
   00288    0.5039   -8625.0824  0.2840 
   00289    0.4939   -8586.1524  0.2757 
   00290    0.4883   -8550.6963  0.2737 
   00291    0.4922   -8637.0224  0.2765 
   00292    0.4867   -8735.3586  0.2783 
   00293    0.4814   -8708.2069  0.2751 
   00294    0.4847   -8619.2084  0.2861 
   00295    0.5028   -8646.1774  0.2924 
   00296    0.4897   -8620.8998  0.3027 
   00297    0.4706   -8530.7431  0.2993 
   00298    0.4986   -8371.3824  0.3068 
   00299    0.5083   -8390.1069  0.3078 
   00300    0.4886   -8485.2760  0.3092 
   00301    0.4967   -8496.9415  0.3157 
   00302    0.4781   -8570.5141  0.3076 
   00303    0.4753   -8674.8776  0.3093 
   00304    0.4808   -8579.4407  0.3118 
   00305    0.5044   -8424.3849  0.3094 
   00306    0.5186   -8411.4714  0.3082 
   00307    0.4928   -8500.5459  0.3153 
   00308    0.4922   -8508.8671  0.3004 
   00309    0.4992   -8498.4239  0.2933 
   00310    0.4833   -8475.9596  0.2977 
   00311    0.5008   -8363.5131  0.3046 
   00312    0.5078   -8433.2961  0.3139 
   00313    0.5136   -8459.6869  0.3142 
   00314    0.5003   -8419.7654  0.3179 
   00315    0.4947   -8414.4176  0.3144 
   00316    0.4939   -8436.3447  0.3074 
   00317    0.4786   -8544.7876  0.3039 
   00318    0.4961   -8439.2462  0.2970 
   00319    0.5092   -8478.4970  0.2945 
   00320    0.4806   -8494.7069  0.3060 
   00321    0.4781   -8506.3293  0.3080 
   00322    0.4842   -8462.6971  0.3101 
   00323    0.4847   -8571.4131  0.3066 
   00324    0.4958   -8579.1115  0.3087 
   00325    0.4922   -8486.8678  0.3126 
   00326    0.4986   -8467.0088  0.3170 
   00327    0.4889   -8483.4380  0.3291 
   00328    0.4942   -8343.3277  0.3246 
   00329    0.5056   -8240.5971  0.3261 
   00330    0.5056   -8288.9193  0.3296 
   00331    0.5014   -8371.4225  0.3273 
   00332    0.5131   -8292.1780  0.3331 
   00333    0.5019   -8398.2409  0.3340 
   00334    0.5172   -8339.4918  0.3329 
   00335    0.4881   -8360.6894  0.3280 
   00336    0.5225   -8324.5139  0.3177 
   00337    0.4889   -8391.6491  0.3228 
   00338    0.4872   -8514.0472  0.3186 
   00339    0.4864   -8525.1443  0.3200 
   00340    0.4967   -8498.9305  0.3159 
   00341    0.4917   -8497.4531  0.3263 
   00342    0.4994   -8539.1689  0.3326 
   00343    0.4836   -8699.2334  0.3305 
   00344    0.4792   -8604.8691  0.3322 
   00345    0.5006   -8605.3519  0.3317 
   00346    0.4867   -8546.6431  0.3277 
   00347    0.4781   -8548.0157  0.3337 
   00348    0.4775   -8555.7284  0.3313 
   00349    0.4908   -8578.6401  0.3283 
   00350    0.4947   -8609.9236  0.3268 
   00351    0.4703   -8641.9389  0.3224 
   00352    0.4772   -8500.3698  0.3189 
   00353    0.4908   -8566.8835  0.3095 
   00354    0.4917   -8565.2075  0.3163 
   00355    0.4825   -8581.9487  0.3182 
   00356    0.4931   -8547.8993  0.3215 
   00357    0.4883   -8512.3559  0.3236 
   00358    0.5036   -8515.4566  0.3193 
   00359    0.4881   -8454.3816  0.3206 
   00360    0.5000   -8450.1995  0.3131 
   00361    0.5067   -8374.2841  0.3137 
   00362    0.4831   -8363.3792  0.3090 
   00363    0.4939   -8306.4100  0.3037 
   00364    0.4844   -8428.3445  0.3142 
   00365    0.5072   -8290.3561  0.3276 
   00366    0.4908   -8305.3652  0.3112 
   00367    0.5031   -8262.3243  0.3008 
   00368    0.4956   -8393.4743  0.3056 
   00369    0.4892   -8430.3085  0.3075 
   00370    0.4850   -8539.5399  0.3050 
   00371    0.4925   -8587.3285  0.3026 
   00372    0.4978   -8675.2938  0.3165 
   00373    0.4869   -8740.4994  0.3183 
   00374    0.4806   -8743.6335  0.3136 
   00375    0.4833   -8710.2236  0.3216 
   00376    0.4908   -8615.4582  0.3261 
   00377    0.4972   -8533.3259  0.3298 
   00378    0.4778   -8639.7979  0.3344 
   00379    0.4853   -8582.7063  0.3456 
   00380    0.4811   -8535.0195  0.3498 
   00381    0.4931   -8363.2967  0.3373 
   00382    0.5153   -8513.2139  0.3374 
   00383    0.4939   -8549.8727  0.3307 
   00384    0.5011   -8528.0583  0.3395 
   00385    0.4858   -8549.5462  0.3488 
   00386    0.4808   -8691.4279  0.3392 
   00387    0.4764   -8652.0660  0.3437 
   00388    0.4850   -8528.7603  0.3498 
   00389    0.5047   -8376.9709  0.3522 
   00390    0.4994   -8347.5072  0.3402 
   00391    0.4911   -8468.1094  0.3544 
   00392    0.4806   -8624.9507  0.3619 
   00393    0.4956   -8449.6705  0.3574 
   00394    0.4906   -8371.9425  0.3559 
   00395    0.5097   -8480.5728  0.3641 
   00396    0.4975   -8464.5705  0.3559 
   00397    0.4881   -8428.4775  0.3537 
   00398    0.4917   -8460.1235  0.3483 
   00399    0.5044   -8458.4082  0.3473 
   00400    0.4700   -8477.0660  0.3534 
   00401    0.4875   -8480.9488  0.3464 
   00402    0.4942   -8417.6761  0.3487 
   00403    0.4989   -8345.3204  0.3542 
   00404    0.4967   -8354.0089  0.3462 
   00405    0.5131   -8406.0648  0.3472 
   00406    0.4947   -8470.6002  0.3426 
   00407    0.4872   -8510.1730  0.3560 
   00408    0.5111   -8466.4129  0.3609 
   00409    0.4819   -8470.1152  0.3634 
   00410    0.4703   -8574.2678  0.3666 
   00411    0.4969   -8497.9047  0.3664 
   00412    0.4853   -8508.6852  0.3580 
   00413    0.4933   -8469.4571  0.3477 
   00414    0.4956   -8421.1629  0.3443 
   00415    0.4956   -8505.6667  0.3331 
   00416    0.4933   -8526.6473  0.3484 
   00417    0.4958   -8466.4823  0.3426 
   00418    0.4986   -8593.2851  0.3481 
   00419    0.5003   -8672.6309  0.3483 
   00420    0.4958   -8652.8416  0.3434 
   00421    0.4953   -8554.0277  0.3469 
   00422    0.4944   -8469.0330  0.3495 
   00423    0.4953   -8404.0366  0.3581 
   00424    0.4933   -8436.9727  0.3570 
   00425    0.4828   -8430.7691  0.3570 
   00426    0.4811   -8488.6351  0.3516 
   00427    0.4939   -8508.6904  0.3428 
   00428    0.4772   -8472.3626  0.3494 
   00429    0.4894   -8566.2389  0.3430 
   00430    0.4864   -8567.3564  0.3301 
   00431    0.4964   -8551.1459  0.3345 
   00432    0.5017   -8326.1952  0.3378 
   00433    0.5036   -8384.9550  0.3429 
   00434    0.4908   -8422.3630  0.3241 
   00435    0.4875   -8451.7223  0.3196 
   00436    0.4975   -8421.1723  0.3148 
   00437    0.5131   -8383.8748  0.3143 
   00438    0.4994   -8415.6968  0.3120 
   00439    0.4928   -8447.9004  0.3149 
   00440    0.4983   -8361.5380  0.3142 
   00441    0.4958   -8389.0676  0.3164 
   00442    0.5067   -8314.2016  0.3160 
   00443    0.4969   -8241.5529  0.3214 
   00444    0.4897   -8217.3734  0.3087 
   00445    0.5050   -8231.4618  0.3164 
   00446    0.5128   -8231.4927  0.3120 
   00447    0.4889   -8384.2083  0.3079 
   00448    0.5022   -8455.2539  0.3088 
   00449    0.5069   -8362.4229  0.3073 
   00450    0.4794   -8217.1718  0.3067 
   00451    0.4953   -8253.4722  0.3115 
   00452    0.5069   -8185.8666  0.3047 
   00453    0.5028   -8270.2828  0.3090 
   00454    0.4992   -8267.4525  0.3055 
   00455    0.5147   -8412.4557  0.2985 
   00456    0.4936   -8432.3183  0.2886 
   00457    0.4875   -8185.1529  0.2936 
   00458    0.5139   -8224.1111  0.2938 
   00459    0.5058   -8239.9359  0.2979 
   00460    0.4975   -8413.0882  0.2997 
   00461    0.5092   -8327.7241  0.2945 
   00462    0.4881   -8355.1801  0.2900 
   00463    0.5103   -8432.1417  0.2980 
   00464    0.5253   -8478.9905  0.3084 
   00465    0.5081   -8468.5343  0.3142 
   00466    0.4944   -8448.3844  0.3081 
   00467    0.5011   -8538.4997  0.2995 
   00468    0.5044   -8393.5642  0.3070 
   00469    0.5097   -8410.6343  0.3116 
   00470    0.4931   -8350.6326  0.3095 
   00471    0.4886   -8388.8235  0.2980 
   00472    0.5081   -8467.7030  0.2943 
   00473    0.5089   -8406.3887  0.2909 
   00474    0.5108   -8446.8897  0.3008 
   00475    0.5061   -8505.8062  0.3004 
   00476    0.4942   -8570.8167  0.2958 
   00477    0.4831   -8517.5044  0.3081 
   00478    0.4967   -8541.2306  0.3037 
   00479    0.4897   -8540.5244  0.3044 
   00480    0.4903   -8587.7025  0.3048 
   00481    0.4889   -8606.4522  0.3032 
   00482    0.4794   -8609.3056  0.3031 
   00483    0.4900   -8691.1593  0.2920 
   00484    0.4839   -8541.6456  0.2917 
   00485    0.4964   -8361.4058  0.2857 
   00486    0.4950   -8403.8380  0.2982 
   00487    0.4869   -8500.0971  0.2989 
   00488    0.4919   -8491.6955  0.3005 
   00489    0.5000   -8435.9924  0.3012 
   00490    0.4850   -8490.5815  0.3016 
   00491    0.4939   -8445.0491  0.2942 
   00492    0.4875   -8442.1338  0.3013 
   00493    0.4925   -8536.5182  0.3065 
   00494    0.4958   -8628.0989  0.3092 
   00495    0.4744   -8624.4621  0.3198 
   00496    0.4872   -8621.1085  0.3290 
   00497    0.4808   -8560.1908  0.3361 
   00498    0.4942   -8614.9221  0.3339 
   00499    0.4950   -8720.6267  0.3410 
   00500    0.4800   -8750.6349  0.3406 
   00501    0.4875   -8821.7864  0.3459 
   00502    0.4897   -8742.9820  0.3414 
   00503    0.4844   -8612.6962  0.3362 
   00504    0.5019   -8618.8792  0.3410 
   00505    0.4889   -8597.3619  0.3396 
   00506    0.5006   -8612.7374  0.3342 
   00507    0.4903   -8628.7318  0.3361 
   00508    0.4942   -8620.8975  0.3415 
   00509    0.4828   -8598.0790  0.3286 
   00510    0.4833   -8652.2889  0.3225 
   00511    0.4886   -8593.9320  0.3226 
   00512    0.4842   -8640.1009  0.3187 
   00513    0.4958   -8695.1763  0.3200 
   00514    0.5078   -8549.8902  0.3177 
   00515    0.4883   -8504.9901  0.3140 
   00516    0.4908   -8483.8089  0.3257 
   00517    0.4961   -8602.0044  0.3186 
   00518    0.4867   -8641.5629  0.3138 
   00519    0.4844   -8626.4943  0.3104 
   00520    0.4894   -8675.9130  0.3142 
   00521    0.4947   -8554.2244  0.3049 
   00522    0.4894   -8602.4298  0.2981 
   00523    0.4894   -8544.2332  0.3069 
   00524    0.4936   -8581.8578  0.3080 
   00525    0.4956   -8373.6935  0.3084 
   00526    0.4997   -8348.3598  0.3012 
   00527    0.4992   -8385.6975  0.3080 
   00528    0.5019   -8495.6209  0.3139 
   00529    0.4828   -8449.6994  0.3175 
   00530    0.5019   -8377.3684  0.3160 
   00531    0.4919   -8312.4425  0.3232 
   00532    0.5092   -8326.4086  0.3305 
   00533    0.5022   -8368.4053  0.3181 
   00534    0.5003   -8499.7799  0.3148 
   00535    0.4908   -8549.0740  0.3188 
   00536    0.4875   -8517.0325  0.3047 
   00537    0.4989   -8478.3047  0.2984 
   00538    0.4864   -8479.6572  0.3044 
   00539    0.4883   -8423.5417  0.3101 
   00540    0.4872   -8347.4272  0.3087 
   00541    0.5139   -8470.2061  0.3094 
   00542    0.5058   -8434.9691  0.3092 
   00543    0.4969   -8415.6631  0.3204 
   00544    0.4886   -8596.7282  0.3164 
   00545    0.4839   -8514.2381  0.3250 
   00546    0.4978   -8636.5521  0.3175 
   00547    0.4856   -8578.6686  0.3104 
   00548    0.4892   -8495.9105  0.3016 
   00549    0.4819   -8576.7363  0.3089 
   00550    0.5039   -8532.0658  0.3041 
   00551    0.4967   -8514.1038  0.3047 
   00552    0.5031   -8326.6828  0.2983 
   00553    0.5042   -8297.4154  0.3026 
   00554    0.5075   -8348.8738  0.3055 
   00555    0.4950   -8374.5091  0.3078 
   00556    0.4889   -8395.5567  0.3123 
   00557    0.4931   -8393.0833  0.3198 
   00558    0.4886   -8492.3944  0.3183 
   00559    0.4847   -8468.9834  0.3274 
   00560    0.4958   -8504.8243  0.3262 
   00561    0.4922   -8631.9246  0.3245 
   00562    0.5108   -8498.4771  0.3325 
   00563    0.5019   -8531.6594  0.3322 
   00564    0.4864   -8541.7272  0.3349 
   00565    0.4831   -8423.3456  0.3291 
   00566    0.4978   -8379.6431  0.3219 
   00567    0.5075   -8327.6501  0.3270 
   00568    0.5050   -8295.6587  0.3314 
   00569    0.5011   -8359.9219  0.3298 
   00570    0.4881   -8401.4462  0.3313 
   00571    0.4958   -8374.3113  0.3372 
   00572    0.4919   -8335.3275  0.3307 
   00573    0.5136   -8338.9459  0.3158 
   00574    0.5072   -8381.5026  0.3185 
   00575    0.4969   -8361.8715  0.3177 
   00576    0.4900   -8454.6349  0.3079 
   00577    0.5019   -8518.0740  0.3166 
   00578    0.4914   -8542.2070  0.3118 
   00579    0.4819   -8587.9709  0.3088 
   00580    0.5131   -8408.3621  0.3108 
   00581    0.5139   -8428.0239  0.3049 
   00582    0.4908   -8725.9289  0.3155 
   00583    0.4883   -8618.0640  0.3260 
   00584    0.4861   -8619.7845  0.3209 
   00585    0.4947   -8684.8109  0.3322 
   00586    0.4822   -8682.6224  0.3297 
   00587    0.5075   -8659.7109  0.3329 
   00588    0.4944   -8600.8701  0.3328 
   00589    0.4906   -8584.6257  0.3187 
   00590    0.4967   -8566.7225  0.3141 
   00591    0.4919   -8564.0828  0.3093 
   00592    0.4794   -8612.7030  0.3103 
   00593    0.4931   -8537.9428  0.3138 
   00594    0.5006   -8492.9357  0.3166 
   00595    0.5036   -8507.7170  0.3073 
   00596    0.5008   -8534.5808  0.3138 
   00597    0.4975   -8444.1196  0.3169 
   00598    0.5042   -8620.8757  0.3117 
   00599    0.4867   -8523.0653  0.3078 
   00600    0.4919   -8460.3024  0.3058 
   00601    0.4936   -8525.4885  0.2909 
   00602    0.4986   -8432.1604  0.3010 
   00603    0.4928   -8422.5623  0.2977 
   00604    0.4936   -8500.4062  0.3100 
   00605    0.4908   -8576.5232  0.3186 
   00606    0.4875   -8488.4576  0.3177 
   00607    0.4936   -8504.8759  0.3034 
   00608    0.4944   -8427.7241  0.2989 
   00609    0.5039   -8333.8913  0.2989 
   00610    0.4975   -8327.6882  0.3090 
   00611    0.5083   -8352.6098  0.3122 
   00612    0.4969   -8412.7905  0.3116 
   00613    0.5056   -8458.7706  0.3111 
   00614    0.4922   -8431.6815  0.3125 
   00615    0.4967   -8454.0456  0.3097 
   00616    0.4839   -8491.5622  0.3197 
   00617    0.4858   -8544.0361  0.3123 
   00618    0.4847   -8642.0343  0.3152 
   00619    0.4947   -8522.2818  0.3172 
   00620    0.4919   -8511.7747  0.3224 
   00621    0.4914   -8456.9829  0.3212 
   00622    0.4925   -8320.9421  0.3236 
   00623    0.5047   -8268.1170  0.3179 
   00624    0.5033   -8384.0645  0.3314 
   00625    0.4917   -8402.5871  0.3333 
   00626    0.5044   -8361.6466  0.3264 
   00627    0.4900   -8397.2664  0.3236 
   00628    0.4911   -8289.9474  0.3142 
   00629    0.4969   -8369.0905  0.3234 
   00630    0.4800   -8489.2023  0.3280 
   00631    0.4914   -8464.7980  0.3295 
   00632    0.4897   -8409.0061  0.3196 
   00633    0.4858   -8496.1474  0.3268 
   00634    0.4917   -8640.0469  0.3210 
   00635    0.5028   -8558.6363  0.3234 
   00636    0.4925   -8570.5943  0.3167 
   00637    0.4947   -8563.2872  0.3115 
   00638    0.5000   -8611.3632  0.3190 
   00639    0.4953   -8515.5890  0.3219 
   00640    0.4917   -8458.3629  0.3252 
   00641    0.4925   -8467.8446  0.3188 
   00642    0.4889   -8400.3512  0.3141 
   00643    0.4981   -8440.6057  0.3098 
   00644    0.5025   -8485.7712  0.3170 
   00645    0.5011   -8551.6537  0.3065 
   00646    0.4981   -8656.3426  0.3039 
   00647    0.4928   -8589.1392  0.3029 
   00648    0.5061   -8566.2929  0.2980 
   00649    0.4675   -8504.7176  0.3031 
   00650    0.4881   -8396.0034  0.3125 
   00651    0.5042   -8388.3692  0.3014 
   00652    0.4975   -8446.5630  0.2952 
   00653    0.4975   -8480.4008  0.2936 
   00654    0.5019   -8365.5536  0.2882 
   00655    0.4969   -8467.2963  0.2891 
   00656    0.4792   -8535.8063  0.2846 
   00657    0.4914   -8492.9882  0.2955 
   00658    0.5103   -8530.6757  0.2918 
   00659    0.4964   -8724.7072  0.2958 
   00660    0.4769   -8599.8610  0.2989 
   00661    0.4892   -8715.3372  0.3059 
   00662    0.4861   -8745.2746  0.3186 
   00663    0.4864   -8622.3720  0.3190 
   00664    0.4883   -8590.1826  0.3192 
   00665    0.4811   -8520.1028  0.3124 
   00666    0.4931   -8551.7250  0.3071 
   00667    0.4783   -8541.0735  0.3042 
   00668    0.4950   -8529.7624  0.3117 
   00669    0.4842   -8506.8982  0.3147 
   00670    0.5036   -8351.6488  0.3162 
   00671    0.4886   -8436.7740  0.3238 
   00672    0.4947   -8462.4013  0.3301 
   00673    0.4842   -8541.2370  0.3283 
   00674    0.5011   -8505.3268  0.3369 
   00675    0.4914   -8564.6679  0.3383 
   00676    0.4808   -8590.1458  0.3334 
   00677    0.4703   -8554.6212  0.3317 
   00678    0.4964   -8643.5687  0.3280 
   00679    0.4950   -8621.8848  0.3267 
   00680    0.4786   -8530.9157  0.3221 
   00681    0.5022   -8459.3872  0.3237 
   00682    0.4936   -8442.4715  0.3343 
   00683    0.4939   -8436.5791  0.3339 
   00684    0.4953   -8367.8214  0.3290 
   00685    0.4981   -8402.0804  0.3323 
   00686    0.4958   -8552.4910  0.3349 
   00687    0.4814   -8718.3416  0.3296 
   00688    0.4850   -8680.1735  0.3226 
   00689    0.4836   -8620.3200  0.3236 
   00690    0.4864   -8593.9265  0.3255 
   00691    0.4711   -8630.0750  0.3246 
   00692    0.4828   -8655.2633  0.3268 
   00693    0.4928   -8654.7843  0.3194 
   00694    0.4992   -8578.7672  0.3237 
   00695    0.4933   -8593.5435  0.3343 
   00696    0.4953   -8512.4367  0.3210 
   00697    0.4925   -8564.6743  0.3112 
   00698    0.4889   -8592.7642  0.3172 
   00699    0.4819   -8604.1825  0.3174 
   00700    0.4775   -8579.8376  0.3186 
   00701    0.4856   -8604.1055  0.3217 
   00702    0.4911   -8589.4720  0.3248 
   00703    0.4919   -8613.5254  0.3239 
   00704    0.4967   -8431.2858  0.3222 
   00705    0.4894   -8427.3121  0.3208 
   00706    0.4942   -8368.4025  0.3137 
   00707    0.5225   -8260.3018  0.3251 
   00708    0.5164   -8313.3790  0.3247 
   00709    0.4981   -8293.0860  0.3288 
   00710    0.5019   -8308.9236  0.3144 
   00711    0.5097   -8343.2253  0.3069 
   00712    0.4969   -8386.6494  0.3039 
   00713    0.4911   -8350.2554  0.2957 
   00714    0.5114   -8451.4515  0.2940 
   00715    0.4956   -8372.3534  0.2947 
   00716    0.5000   -8451.9580  0.2897 
   00717    0.4850   -8486.5215  0.2945 
   00718    0.4886   -8535.2923  0.2978 
   00719    0.5019   -8605.3476  0.2984 
   00720    0.4872   -8594.9814  0.2934 
   00721    0.4908   -8485.8098  0.2893 
   00722    0.4869   -8352.5397  0.2748 
   00723    0.4814   -8465.5828  0.2769 
   00724    0.4964   -8430.6483  0.2813 
   00725    0.5039   -8320.4392  0.2698 
   00726    0.4975   -8389.3955  0.2682 
   00727    0.4853   -8422.5939  0.2804 
   00728    0.4928   -8270.8240  0.2862 
   00729    0.5083   -8280.9331  0.2855 
   00730    0.4878   -8347.6246  0.2812 
   00731    0.5000   -8329.0346  0.2751 
   00732    0.5014   -8396.6513  0.2826 
   00733    0.5006   -8369.7157  0.2844 
   00734    0.4928   -8386.0797  0.2741 
   00735    0.5019   -8455.4830  0.2757 
   00736    0.4933   -8491.3444  0.2750 
   00737    0.4975   -8634.1257  0.2623 
   00738    0.4881   -8609.7544  0.2606 
   00739    0.4839   -8657.0449  0.2705 
   00740    0.4742   -8663.9836  0.2733 
   00741    0.4939   -8667.5524  0.2689 
   00742    0.4758   -8622.1694  0.2702 
   00743    0.4736   -8540.3169  0.2729 
   00744    0.4836   -8528.6105  0.2612 
   00745    0.4867   -8527.6143  0.2588 
   00746    0.4928   -8517.0269  0.2642 
   00747    0.4858   -8653.1728  0.2567 
   00748    0.4867   -8580.1601  0.2551 
   00749    0.4864   -8662.1969  0.2554 
   00750    0.4794   -8617.2515  0.2564 
   00751    0.4978   -8553.4961  0.2616 
   00752    0.4914   -8454.2701  0.2586 
   00753    0.4986   -8414.0838  0.2732 
   00754    0.4939   -8492.5570  0.2791 
   00755    0.4981   -8615.8003  0.2690 
   00756    0.4803   -8637.7973  0.2681 
   00757    0.4653   -8703.8181  0.2718 
   00758    0.4869   -8716.4013  0.2765 
   00759    0.4908   -8665.9222  0.2723 
   00760    0.4872   -8583.9521  0.2762 
   00761    0.4867   -8516.3761  0.2769 
   00762    0.4931   -8656.2833  0.2792 
   00763    0.4856   -8521.4037  0.2775 
   00764    0.4919   -8474.5440  0.2749 
   00765    0.4967   -8634.5325  0.2756 
   00766    0.4839   -8536.3863  0.2731 
   00767    0.4714   -8648.1925  0.2814 
   00768    0.4783   -8587.5380  0.2843 
   00769    0.4769   -8520.3099  0.2803 
   00770    0.4750   -8597.6855  0.2744 
   00771    0.4617   -8642.5091  0.2557 
   00772    0.4878   -8611.9357  0.2618 
   00773    0.4964   -8667.3525  0.2555 
   00774    0.4819   -8611.3477  0.2633 
   00775    0.4767   -8505.8987  0.2667 
   00776    0.5058   -8595.2000  0.2706 
   00777    0.4817   -8494.7264  0.2721 
   00778    0.4958   -8581.7098  0.2749 
   00779    0.4747   -8523.0661  0.2782 
   00780    0.4803   -8515.2454  0.2843 
   00781    0.4975   -8467.3955  0.2825 
   00782    0.5014   -8393.9582  0.2877 
   00783    0.5089   -8353.5275  0.2804 
   00784    0.4883   -8440.7883  0.2867 
   00785    0.4942   -8443.9129  0.2930 
   00786    0.5000   -8340.9847  0.2832 
   00787    0.4958   -8440.0056  0.2946 
   00788    0.4958   -8421.3384  0.2939 
   00789    0.4983   -8413.0343  0.2933 
   00790    0.4925   -8483.2686  0.3067 
   00791    0.4925   -8528.4836  0.3058 
   00792    0.4897   -8577.5161  0.3000 
   00793    0.4883   -8533.4493  0.2947 
   00794    0.4819   -8490.8497  0.2915 
   00795    0.4911   -8494.0491  0.2978 
   00796    0.4764   -8628.4429  0.3104 
   00797    0.4806   -8647.1048  0.3053 
   00798    0.4853   -8794.8108  0.3106 
   00799    0.4850   -8729.0831  0.3120 
   00800    0.4864   -8764.6714  0.3113 
   00801    0.4800   -8739.4856  0.3118 
   00802    0.4772   -8810.3522  0.3046 
   00803    0.4861   -8688.8107  0.3106 
   00804    0.4858   -8727.0986  0.3091 
   00805    0.4839   -8666.9341  0.3025 
   00806    0.4961   -8747.7858  0.3049 
   00807    0.4789   -8558.9258  0.2975 
   00808    0.4856   -8470.3759  0.2957 
   00809    0.5000   -8371.4764  0.2849 
   00810    0.4967   -8344.1957  0.2834 
   00811    0.4964   -8438.9324  0.2851 
   00812    0.4906   -8362.7451  0.2905 
   00813    0.5053   -8397.6383  0.2726 
   00814    0.4994   -8374.4537  0.2998 
   00815    0.4919   -8382.5035  0.2945 
   00816    0.4953   -8465.2916  0.3085 
   00817    0.4944   -8575.1132  0.3178 
   00818    0.4836   -8605.4663  0.3190 
   00819    0.4978   -8639.1104  0.3194 
   00820    0.4828   -8646.1730  0.3200 
   00821    0.4758   -8584.6517  0.3327 
   00822    0.5069   -8494.1134  0.3391 
   00823    0.4997   -8484.4523  0.3375 
   00824    0.4997   -8484.2457  0.3444 
   00825    0.4775   -8479.3970  0.3469 
   00826    0.4903   -8476.5363  0.3567 
   00827    0.4911   -8542.6713  0.3528 
   00828    0.4886   -8526.6435  0.3406 
   00829    0.4936   -8396.6598  0.3299 
   00830    0.4972   -8414.5042  0.3300 
   00831    0.4917   -8444.1273  0.3228 
   00832    0.4883   -8382.7615  0.3117 
   00833    0.5014   -8466.7020  0.3147 
   00834    0.4906   -8583.0463  0.3145 
   00835    0.4936   -8552.2416  0.3132 
   00836    0.4814   -8536.1442  0.3141 
   00837    0.4925   -8480.1528  0.3134 
   00838    0.5044   -8580.0877  0.3145 
   00839    0.4842   -8519.5508  0.3288 
   00840    0.4850   -8512.2470  0.3229 
   00841    0.4894   -8543.8727  0.3191 
   00842    0.4836   -8626.9469  0.3207 
   00843    0.4847   -8601.5016  0.3203 
   00844    0.4931   -8546.6925  0.3256 
   00845    0.4839   -8637.5966  0.3159 
   00846    0.4856   -8642.1630  0.3146 
   00847    0.4844   -8688.7372  0.3235 
   00848    0.4939   -8546.4830  0.3149 
   00849    0.4950   -8512.5125  0.3107 
   00850    0.4853   -8473.3325  0.3188 
   00851    0.4967   -8456.1955  0.3269 
   00852    0.5125   -8493.8663  0.3295 
   00853    0.5014   -8376.7085  0.3264 
   00854    0.4911   -8451.6199  0.3125 
   00855    0.4756   -8339.4493  0.3105 
   00856    0.4928   -8495.2652  0.3025 
   00857    0.4803   -8600.3844  0.2940 
   00858    0.4933   -8443.0720  0.3000 
   00859    0.4928   -8354.6536  0.3021 
   00860    0.4875   -8415.2039  0.2973 
   00861    0.4936   -8414.8377  0.2936 
   00862    0.5069   -8503.4510  0.2959 
   00863    0.4933   -8532.0251  0.2805 
   00864    0.4878   -8500.8717  0.2834 
   00865    0.4958   -8411.0799  0.2775 
   00866    0.5028   -8394.3541  0.2825 
   00867    0.4867   -8341.2275  0.2768 
   00868    0.4903   -8303.4036  0.2709 
   00869    0.5014   -8435.6482  0.2773 
   00870    0.4911   -8478.3888  0.2806 
   00871    0.4942   -8454.1516  0.2806 
   00872    0.4819   -8488.9392  0.2831 
   00873    0.4858   -8515.5305  0.2902 
   00874    0.4894   -8563.4749  0.2936 
   00875    0.4936   -8630.3156  0.2888 
   00876    0.4894   -8669.9050  0.2927 
   00877    0.4881   -8553.0534  0.2967 
   00878    0.4753   -8588.5168  0.2913 
   00879    0.4969   -8735.9338  0.2876 
   00880    0.4872   -8712.6632  0.2885 
   00881    0.4767   -8465.4020  0.2878 
   00882    0.4794   -8519.4892  0.2987 
   00883    0.4894   -8495.1123  0.2857 
   00884    0.4867   -8485.4471  0.2836 
   00885    0.4992   -8428.2409  0.2825 
   00886    0.4928   -8323.8449  0.2847 
   00887    0.4981   -8405.8852  0.2865 
   00888    0.4900   -8461.5930  0.2826 
   00889    0.5039   -8456.7425  0.2818 
   00890    0.5017   -8434.5093  0.2807 
   00891    0.4928   -8417.6291  0.2746 
   00892    0.5031   -8419.4601  0.2818 
   00893    0.5061   -8514.4218  0.2836 
   00894    0.4917   -8445.8631  0.2871 
   00895    0.4903   -8473.8447  0.2792 
   00896    0.4981   -8421.7017  0.2780 
   00897    0.4969   -8400.3876  0.2715 
   00898    0.5114   -8367.5909  0.2650 
   00899    0.5081   -8324.8412  0.2765 
   00900    0.5044   -8338.4107  0.2734 
   00901    0.5086   -8320.7163  0.2739 
   00902    0.4903   -8313.8132  0.2718 
   00903    0.4939   -8393.4462  0.2785 
   00904    0.4931   -8315.2731  0.2736 
   00905    0.4956   -8400.9015  0.2723 
   00906    0.4986   -8490.7588  0.2752 
   00907    0.5022   -8382.4624  0.2747 
   00908    0.5075   -8370.4519  0.2810 
   00909    0.4936   -8365.9481  0.2744 
   00910    0.4931   -8346.7161  0.2831 
   00911    0.4831   -8287.2104  0.2825 
   00912    0.4897   -8316.8098  0.2755 
   00913    0.5147   -8289.5657  0.2692 
   00914    0.4989   -8237.0885  0.2683 
   00915    0.4992   -8147.2276  0.2751 
   00916    0.5067   -8227.0367  0.2704 
   00917    0.5183   -8258.0490  0.2686 
   00918    0.4956   -8327.4786  0.2734 
   00919    0.5094   -8438.1810  0.2784 
   00920    0.5053   -8467.6386  0.2683 
   00921    0.4883   -8529.1371  0.2644 
   00922    0.4972   -8601.3397  0.2804 
   00923    0.4783   -8565.6211  0.2794 
   00924    0.4883   -8553.5607  0.2678 
   00925    0.4878   -8574.0303  0.2587 
   00926    0.5036   -8578.2230  0.2604 
   00927    0.4947   -8533.5262  0.2538 
   00928    0.4861   -8466.1040  0.2580 
   00929    0.4975   -8452.4495  0.2628 
   00930    0.5025   -8474.0782  0.2697 
   00931    0.4744   -8646.6119  0.2747 
   00932    0.4769   -8722.7408  0.2867 
   00933    0.4922   -8704.4575  0.2796 
   00934    0.4739   -8712.7722  0.2820 
   00935    0.4717   -8744.8191  0.2836 
   00936    0.4858   -8690.8204  0.2886 
   00937    0.4686   -8574.0836  0.2929 
   00938    0.4944   -8550.3108  0.2973 
   00939    0.4961   -8463.5286  0.3073 
   00940    0.4997   -8423.8525  0.3089 
   00941    0.5022   -8220.5594  0.2961 
   00942    0.5025   -8185.3744  0.2867 
   00943    0.5125   -8209.6814  0.2746 
   00944    0.5136   -8128.3092  0.2729 
   00945    0.4969   -8289.9499  0.2748 
   00946    0.5069   -8260.5694  0.2762 
   00947    0.5053   -8297.8169  0.2794 
   00948    0.5111   -8228.0454  0.2786 
   00949    0.4925   -8359.2665  0.2837 
   00950    0.5128   -8351.6372  0.2828 
   00951    0.4953   -8388.8856  0.2810 
   00952    0.4997   -8374.8970  0.2789 
   00953    0.5086   -8327.1974  0.2721 
   00954    0.4961   -8410.6377  0.2683 
   00955    0.4819   -8548.1705  0.2771 
   00956    0.4872   -8463.6555  0.2750 
   00957    0.5003   -8447.6503  0.2830 
   00958    0.4964   -8530.0045  0.2982 
   00959    0.4925   -8398.8343  0.2978 
   00960    0.4961   -8502.8016  0.3057 
   00961    0.4947   -8503.2515  0.3138 
   00962    0.5022   -8299.7945  0.3054 
   00963    0.5008   -8392.2569  0.3015 
   00964    0.5044   -8323.9343  0.3007 
   00965    0.4944   -8308.4020  0.3064 
   00966    0.4978   -8405.4780  0.3024 
   00967    0.4947   -8315.8583  0.3083 
   00968    0.5067   -8412.2639  0.2955 
   00969    0.5000   -8473.3603  0.2892 
   00970    0.4986   -8479.3207  0.3014 
   00971    0.4944   -8380.1780  0.2919 
   00972    0.4847   -8563.7070  0.2774 
   00973    0.4875   -8673.8175  0.2725 
   00974    0.4792   -8615.1632  0.2784 
   00975    0.4850   -8500.6642  0.2833 
   00976    0.5050   -8544.1897  0.2789 
   00977    0.4942   -8645.3981  0.2920 
   00978    0.4908   -8728.1055  0.3055 
   00979    0.4828   -8575.0827  0.3117 
   00980    0.4836   -8477.1766  0.3098 
   00981    0.5053   -8390.1846  0.3159 
   00982    0.4892   -8335.8233  0.3238 
   00983    0.4972   -8345.5231  0.3152 
   00984    0.4961   -8476.6371  0.3127 
   00985    0.5006   -8422.8429  0.3278 
   00986    0.4978   -8395.4064  0.3373 
   00987    0.5092   -8358.3434  0.3297 
   00988    0.4906   -8576.8698  0.3471 
   00989    0.5006   -8516.4921  0.3489 
   00990    0.4933   -8582.4209  0.3543 
   00991    0.5028   -8501.3790  0.3557 
   00992    0.5006   -8407.1770  0.3419 
   00993    0.5081   -8488.6904  0.3441 
   00994    0.4983   -8437.2886  0.3326 
   00995    0.4817   -8497.2527  0.3274 
   00996    0.5014   -8641.0218  0.3112 
   00997    0.4858   -8555.3870  0.3226 
   00998    0.5017   -8530.8875  0.3186 
   00999    0.4856   -8522.8913  0.3124 
   01000    0.5058   -8447.5976  0.3103 
