#=====================================================
# File created:        Mon-06-Nov-2023-at-12-34-55PM
# Size of lattice:     60x60
# Number of MC steps:  1000
# Reduced temperature: 0.800
# Run time (s):        15.640190
#=====================================================
# MC step:  Ratio:     Energy:   Order:
#=====================================================
   00000    0.5000   -3643.8861  0.2612 
   00001    0.6861   -5614.7007  0.2588 
   00002    0.6022   -6520.8794  0.2702 
   00003    0.5781   -7169.1361  0.2767 
   00004    0.5514   -7669.5374  0.2934 
   00005    0.5153   -8009.4375  0.3053 
   00006    0.5183   -8241.0421  0.3045 
   00007    0.4875   -8414.5967  0.2990 
   00008    0.5006   -8545.2836  0.3051 
   00009    0.4939   -8716.9843  0.3119 
   00010    0.4817   -8884.1731  0.3071 
   00011    0.4725   -9032.4330  0.3020 
   00012    0.4806   -9046.7287  0.2992 
   00013    0.4742   -9075.9769  0.2989 
   00014    0.4758   -9173.7577  0.2916 
   00015    0.4542   -9300.2490  0.2773 
   00016    0.4625   -9392.0636  0.2653 
   00017    0.4631   -9367.4353  0.2703 
   00018    0.4664   -9424.6928  0.2690 
   00019    0.4617   -9425.3207  0.2654 
   00020    0.4461   -9492.3659  0.2640 
   00021    0.4556   -9509.9280  0.2729 
   00022    0.4611   -9496.6368  0.2795 
   00023    0.4542   -9419.6993  0.2920 
   00024    0.4517   -9521.3707  0.2857 
   00025    0.4433   -9563.0484  0.2971 
   00026    0.4461   -9636.9970  0.3026 
   00027    0.4411   -9596.6887  0.3074 
   00028    0.4433   -9603.2466  0.3124 
   00029    0.4417   -9566.8887  0.3088 
   00030    0.4425   -9713.8580  0.3022 
   00031    0.4489   -9742.9577  0.2978 
   00032    0.4464   -9778.3982  0.2937 
   00033    0.4433   -9722.2776  0.2954 
   00034    0.4367   -9693.5952  0.2909 
   00035    0.4489   -9704.3415  0.2899 
   00036    0.4392   -9800.5364  0.2835 
   00037    0.4411   -9845.2459  0.2809 
   00038    0.4394   -9861.8537  0.2859 
   00039    0.4533   -9903.3448  0.2883 
   00040    0.4328   -9947.8939  0.2881 
   00041    0.4178   -9940.3366  0.2756 
   00042    0.4217   -9873.8143  0.2737 
   00043    0.4381   -9858.1503  0.2727 
   00044    0.4528   -9872.8924  0.2754 
   00045    0.4419   -9817.1422  0.2728 
   00046    0.4342   -9813.4913  0.2669 
   00047    0.4442   -9723.9129  0.2686 
   00048    0.4511   -9743.0750  0.2574 
   00049    0.4225   -9762.0550  0.2641 
   00050    0.4417   -9796.6907  0.2680 
   00051    0.4450   -9837.1583  0.2668 
   00052    0.4303   -9892.1806  0.2644 
   00053    0.4425   -9946.7184  0.2647 
   00054    0.4389   -9927.8214  0.2612 
   00055    0.4350   -9899.9575  0.2574 
   00056    0.4397   -9910.9838  0.2611 
   00057    0.4431   -9930.5433  0.2673 
   00058    0.4308   -9904.5467  0.2713 
   00059    0.4311   -9899.7409  0.2803 
   00060    0.4244   -9882.0635  0.2779 
   00061    0.4458   -9833.9340  0.2818 
   00062    0.4208   -9810.6218  0.2769 
   00063    0.4431   -9858.1304  0.2791 
   00064    0.4478   -9789.6737  0.2896 
   00065    0.4422   -9783.9081  0.2874 
   00066    0.4461   -9794.2293  0.2885 
   00067    0.4419   -9766.3839  0.2848 
   00068    0.4364   -9760.1281  0.2826 
   00069    0.4358   -9853.5977  0.2801 
   00070    0.4400   -9794.7352  0.2870 
   00071    0.4319   -9814.2330  0.2977 
   00072    0.4286   -9823.2191  0.2979 
   00073    0.4550   -9777.3879  0.3001 
   00074    0.4531   -9776.4592  0.2940 
   00075    0.4358   -9733.2814  0.2966 
   00076    0.4364   -9794.3330  0.2968 
   00077    0.4478   -9820.6318  0.2980 
   00078    0.4283   -9871.6212  0.2968 
   00079    0.4467   -9956.7533  0.2975 
   00080    0.4431   -9913.0813  0.2984 
   00081    0.4300   -9958.0284  0.2981 
   00082    0.4194   -9937.5264  0.2918 
   00083    0.4314   -9849.0882  0.2912 
   00084    0.4378   -9857.6406  0.2887 
   00085    0.4475   -9862.2226  0.2929 
   00086    0.4278   -9942.7208  0.2959 
   00087    0.4458   -9845.2183  0.2947 
   00088    0.4356   -9857.1443  0.2981 
   00089    0.4561   -9830.1974  0.3004 
   00090    0.4450   -9743.8566  0.3008 
   00091    0.4447   -9749.3905  0.3091 
   00092    0.4447   -9852.3864  0.3066 
   00093    0.4333   -9934.5827  0.3099 
   00094    0.4325   -9838.2740  0.2963 
   00095    0.4439   -9848.4972  0.2995 
   00096    0.4403   -9920.1405  0.3009 
   00097    0.4322   -9896.0134  0.3007 
   00098    0.4331   -9905.8019  0.3060 
   00099    0.4458   -9957.0607  0.2987 
   00100    0.4356   -9951.6202  0.3010 
   00101    0.4411   -9917.7116  0.3073 
   00102    0.4400   -9928.5031  0.3104 
   00103    0.4269   -9961.6832  0.3019 
   00104    0.4261   -9961.6584  0.2977 
   00105    0.4361   -9991.8981  0.3010 
   00106    0.4394  -10019.4927  0.3075 
   00107    0.4333  -10183.5438  0.3138 
   00108    0.4333  -10132.4086  0.3184 
   00109    0.4242  -10199.7170  0.3136 
   00110    0.4381  -10118.2156  0.3111 
   00111    0.4364  -10050.0133  0.3173 
   00112    0.4322  -10122.0768  0.3286 
   00113    0.4306  -10060.9413  0.3339 
   00114    0.4339  -10012.7383  0.3270 
   00115    0.4456   -9938.1538  0.3272 
   00116    0.4303   -9939.8801  0.3310 
   00117    0.4367   -9936.6426  0.3306 
   00118    0.4353  -10042.2118  0.3350 
   00119    0.4319  -10032.5704  0.3410 
   00120    0.4217  -10146.4187  0.3395 
   00121    0.4239  -10083.4120  0.3433 
   00122    0.4331  -10123.8150  0.3373 
   00123    0.4247  -10109.9507  0.3349 
   00124    0.4342  -10145.7451  0.3307 
   00125    0.4306  -10199.8392  0.3301 
   00126    0.4275  -10206.1444  0.3375 
   00127    0.4294  -10116.4081  0.3367 
   00128    0.4358  -10083.8418  0.3413 
   00129    0.4397   -9936.6600  0.3466 
   00130    0.4381   -9992.5778  0.3551 
   00131    0.4269   -9984.3447  0.3515 
   00132    0.4358  -10088.2627  0.3528 
   00133    0.4253  -10157.8060  0.3530 
   00134    0.4331  -10042.0991  0.3446 
   00135    0.4289   -9996.4943  0.3415 
   00136    0.4308  -10053.2914  0.3480 
   00137    0.4325  -10018.4245  0.3436 
   00138    0.4172  -10002.7738  0.3412 
   00139    0.4244  -10015.7535  0.3359 
   00140    0.4239  -10019.5655  0.3431 
   00141    0.4383  -10068.8695  0.3405 
   00142    0.4322  -10067.4645  0.3438 
   00143    0.4303  -10046.4454  0.3418 
   00144    0.4283  -10118.1456  0.3409 
   00145    0.4261  -10153.2994  0.3480 
   00146    0.4381  -10149.3032  0.3496 
   00147    0.4364  -10123.9915  0.3518 
   00148    0.4181  -10192.8520  0.3575 
   00149    0.4086  -10237.8101  0.3526 
   00150    0.4289  -10211.1219  0.3518 
   00151    0.4128  -10131.9353  0.3524 
   00152    0.4300  -10128.7586  0.3614 
   00153    0.4328  -10082.7289  0.3586 
   00154    0.4333  -10069.4519  0.3620 
   00155    0.4261  -10114.9956  0.3624 
   00156    0.4267  -10154.4129  0.3610 
   00157    0.4164  -10105.4189  0.3597 
   00158    0.4236  -10092.8281  0.3508 
   00159    0.4303  -10111.5756  0.3494 
   00160    0.4314  -10180.3569  0.3402 
   00161    0.4450  -10093.4640  0.3382 
   00162    0.4256  -10055.3746  0.3417 
   00163    0.4267   -9994.4830  0.3389 
   00164    0.4311   -9985.7906  0.3486 
   00165    0.4289  -10038.4406  0.3468 
   00166    0.4300  -10098.9514  0.3601 
   00167    0.4128  -10107.1935  0.3553 
   00168    0.4356  -10058.2420  0.3559 
   00169    0.4292  -10147.0863  0.3563 
   00170    0.4342  -10143.3455  0.3555 
   00171    0.4406  -10011.4507  0.3592 
   00172    0.4158  -10106.2781  0.3658 
   00173    0.4328  -10142.6096  0.3676 
   00174    0.4214  -10063.8973  0.3606 
   00175    0.4333   -9964.1106  0.3677 
   00176    0.4247   -9942.3444  0.3661 
   00177    0.4297   -9911.0495  0.3616 
   00178    0.4317   -9995.9236  0.3701 
   00179    0.4419   -9946.6294  0.3598 
   00180    0.4222  -10019.3813  0.3611 
   00181    0.4364   -9995.7885  0.3680 
   00182    0.4106  -10050.7224  0.3757 
   00183    0.4244  -10127.6775  0.3805 
   00184    0.4294  -10097.4623  0.3822 
   00185    0.4203  -10037.9127  0.3880 
   00186    0.4411  -10065.7865  0.3935 
   00187    0.4261  -10083.2222  0.3911 
   00188    0.4311  -10087.2856  0.3971 
   00189    0.4269  -10073.4931  0.3959 
   00190    0.4311  -10072.9041  0.3969 
   00191    0.4356  -10188.5054  0.3984 
   00192    0.4353  -10114.0471  0.4037 
   00193    0.4333  -10021.3610  0.3969 
   00194    0.4217  -10076.2359  0.3971 
   00195    0.4294  -10140.9770  0.3923 
   00196    0.4322  -10184.0209  0.3934 
   00197    0.4233  -10154.2173  0.3984 
   00198    0.4231  -10246.3338  0.3958 
   00199    0.4344  -10247.5994  0.3924 
   00200    0.4325  -10193.5834  0.3899 
   00201    0.4208  -10089.6608  0.3826 
   00202    0.4156  -10132.2392  0.3875 
   00203    0.4256  -10131.2860  0.3866 
   00204    0.4314  -10033.2028  0.3889 
   00205    0.4283  -10081.2184  0.3919 
   00206    0.4283  -10093.7974  0.3822 
   00207    0.4278  -10177.1029  0.3820 
   00208    0.4150  -10181.0547  0.3856 
   00209    0.4250  -10057.8386  0.3845 
   00210    0.4289  -10044.1253  0.3807 
   00211    0.4303  -10003.5383  0.3787 
   00212    0.4328  -10059.9473  0.3831 
   00213    0.4319  -10003.9499  0.3812 
   00214    0.4197   -9998.9255  0.3767 
   00215    0.4303   -9948.8610  0.3716 
   00216    0.4414   -9908.1136  0.3676 
   00217    0.4239   -9999.6031  0.3717 
   00218    0.4261   -9906.5789  0.3647 
   00219    0.4436   -9980.1345  0.3598 
   00220    0.4447  -10027.1292  0.3529 
   00221    0.4308  -10039.9220  0.3616 
   00222    0.4308   -9978.6202  0.3648 
   00223    0.4369  -10050.3417  0.3677 
   00224    0.4364  -10115.7507  0.3702 
   00225    0.4317  -10136.9318  0.3677 
   00226    0.4236  -10095.7455  0.3650 
   00227    0.4244  -10091.8671  0.3545 
   00228    0.4347  -10121.4042  0.3548 
   00229    0.4261  -10110.5957  0.3501 
   00230    0.4167  -10119.7456  0.3542 
   00231    0.4167  -10104.4368  0.3568 
   00232    0.4161  -10143.8489  0.3535 
   00233    0.4136  -10191.6910  0.3474 
   00234    0.4111  -10117.0881  0.3462 
   00235    0.4236  -10166.5472  0.3511 
   00236    0.4250  -10194.8171  0.3523 
   00237    0.4258  -10139.1141  0.3498 
   00238    0.4128  -10030.1828  0.3482 
   00239    0.4189  -10107.4774  0.3446 
   00240    0.4142  -10086.2628  0.3406 
   00241    0.4322  -10133.2220  0.3461 
   00242    0.4183  -10081.1441  0.3403 
   00243    0.4306  -10131.0248  0.3435 
   00244    0.4278  -10105.7282  0.3491 
   00245    0.4247  -10111.5266  0.3504 
   00246    0.4297  -10111.5954  0.3535 
   00247    0.4381   -9982.9161  0.3484 
   00248    0.4183   -9921.5426  0.3516 
   00249    0.4283  -10014.3233  0.3537 
   00250    0.4325   -9957.9317  0.3505 
   00251    0.4250  -10009.1904  0.3494 
   00252    0.4403  -10041.8295  0.3477 
   00253    0.4231  -10034.7395  0.3497 
   00254    0.4250   -9991.5472  0.3453 
   00255    0.4406  -10052.1599  0.3493 
   00256    0.4367  -10099.5385  0.3504 
   00257    0.4292  -10128.5373  0.3619 
   00258    0.4303  -10056.1542  0.3641 
   00259    0.4231  -10031.4102  0.3632 
   00260    0.4311  -10034.6617  0.3579 
   00261    0.4122  -10018.7544  0.3492 
   00262    0.4300  -10004.4361  0.3550 
   00263    0.4364  -10044.8666  0.3541 
   00264    0.4244  -10073.0232  0.3571 
   00265    0.4372   -9997.6612  0.3540 
   00266    0.4350   -9937.7498  0.3475 
   00267    0.4286   -9969.7496  0.3461 
   00268    0.4383   -9930.3457  0.3509 
   00269    0.4281   -9971.8057  0.3451 
   00270    0.4308   -9981.2679  0.3420 
   00271    0.4231   -9997.0800  0.3483 
   00272    0.4328  -10065.1704  0.3515 
   00273    0.4183  -10075.4459  0.3447 
   00274    0.4303  -10058.6538  0.3395 
   00275    0.4306  -10092.1621  0.3412 
   00276    0.4211  -10055.9249  0.3454 
   00277    0.4167  -10081.0413  0.3539 
   00278    0.4331  -10148.8872  0.3532 
   00279    0.4347  -10126.8982  0.3496 
   00280    0.4239  -10116.2327  0.3472 
   00281    0.4250  -10133.8409  0.3451 
   00282    0.4125  -10118.7643  0.3456 
   00283    0.4206  -10085.5695  0.3422 
   00284    0.4325  -10148.4434  0.3327 
   00285    0.4253  -10206.7860  0.3304 
   00286    0.4089  -10207.2146  0.3316 
   00287    0.4253  -10251.4692  0.3354 
   00288    0.4439  -10190.9349  0.3360 
   00289    0.4322  -10177.2419  0.3380 
   00290    0.4297  -10132.4254  0.3371 
   00291    0.4469  -10191.3587  0.3339 
   00292    0.4222  -10184.8876  0.3407 
   00293    0.4225  -10182.5586  0.3395 
   00294    0.4317  -10135.8095  0.3448 
   00295    0.4122  -10181.3443  0.3421 
   00296    0.4342  -10213.4092  0.3372 
   00297    0.4242  -10177.0003  0.3283 
   00298    0.4306  -10171.1953  0.3244 
   00299    0.4319  -10204.3050  0.3273 
   00300    0.4222  -10243.1688  0.3235 
   00301    0.4142  -10215.0352  0.3252 
   00302    0.4197  -10261.1566  0.3195 
   00303    0.4117  -10251.1888  0.3162 
   00304    0.4244  -10253.2069  0.3174 
   00305    0.4064  -10337.8044  0.3212 
   00306    0.4142  -10288.5424  0.3160 
   00307    0.4314  -10256.2923  0.3219 
   00308    0.4247  -10163.2273  0.3153 
   00309    0.4189  -10248.7723  0.3175 
   00310    0.4225  -10178.6536  0.3116 
   00311    0.4197  -10185.2530  0.3199 
   00312    0.4194  -10196.9282  0.3202 
   00313    0.4239  -10290.4261  0.3216 
   00314    0.4375  -10295.0490  0.3305 
   00315    0.4125  -10410.9962  0.3306 
   00316    0.4192  -10303.4728  0.3261 
   00317    0.4092  -10298.7026  0.3224 
   00318    0.4233  -10221.2492  0.3338 
   00319    0.4214  -10208.0560  0.3299 
   00320    0.4208  -10220.4231  0.3337 
   00321    0.4200  -10216.8904  0.3307 
   00322    0.4214  -10238.5298  0.3362 
   00323    0.4131  -10194.6692  0.3257 
   00324    0.4289  -10149.4163  0.3286 
   00325    0.4150  -10189.7164  0.3260 
   00326    0.4283  -10349.2316  0.3213 
   00327    0.4169  -10320.0524  0.3257 
   00328    0.4392  -10230.4602  0.3245 
   00329    0.4300  -10262.8519  0.3168 
   00330    0.4272  -10179.7418  0.3159 
   00331    0.4222  -10154.9475  0.3210 
   00332    0.4306  -10128.6425  0.3189 
   00333    0.4094  -10126.7746  0.3216 
   00334    0.4322  -10063.9784  0.3222 
   00335    0.4236  -10115.0600  0.3321 
   00336    0.4203  -10186.3703  0.3318 
   00337    0.4261  -10210.0609  0.3406 
   00338    0.4169  -10142.4846  0.3368 
   00339    0.4172  -10117.6532  0.3258 
   00340    0.4214  -10131.7513  0.3213 
   00341    0.4214  -10094.7040  0.3203 
   00342    0.4269  -10084.7582  0.3188 
   00343    0.4236  -10133.8889  0.3209 
   00344    0.4414  -10211.9428  0.3184 
   00345    0.4217  -10182.7356  0.3187 
   00346    0.4403  -10162.3179  0.3149 
   00347    0.4192  -10220.5583  0.3209 
   00348    0.4206  -10200.8438  0.3152 
   00349    0.4186  -10152.4331  0.3174 
   00350    0.4228  -10111.5461  0.3162 
   00351    0.4281  -10102.9838  0.3180 
   00352    0.4278  -10161.9670  0.3270 
   00353    0.4364  -10106.7255  0.3287 
   00354    0.4292  -10180.3279  0.3356 
   00355    0.4306  -10139.7278  0.3241 
   00356    0.4203  -10163.5395  0.3197 
   00357    0.4203  -10142.8771  0.3178 
   00358    0.4369  -10132.5485  0.3206 
   00359    0.4203  -10115.3812  0.3289 
   00360    0.4272  -10188.9305  0.3278 
   00361    0.4172  -10171.0287  0.3190 
   00362    0.4325  -10094.5064  0.3203 
   00363    0.4117  -10233.0970  0.3306 
   00364    0.4292  -10134.8471  0.3181 
   00365    0.4408  -10142.6736  0.3101 
   00366    0.4236  -10078.0934  0.3055 
   00367    0.4283  -10140.3357  0.3118 
   00368    0.4094  -10128.2021  0.3197 
   00369    0.4275  -10091.9949  0.3274 
   00370    0.4311  -10175.3845  0.3216 
   00371    0.4217  -10151.2790  0.3268 
   00372    0.4236  -10162.1341  0.3253 
   00373    0.4253  -10139.0860  0.3257 
   00374    0.4308  -10117.8327  0.3323 
   00375    0.4356  -10156.3483  0.3338 
   00376    0.4353  -10138.5256  0.3285 
   00377    0.4236  -10060.2679  0.3271 
   00378    0.4269  -10170.5976  0.3241 
   00379    0.4194  -10189.1443  0.3191 
   00380    0.4308  -10234.9131  0.3231 
   00381    0.4253  -10263.4000  0.3328 
   00382    0.4192  -10226.0644  0.3305 
   00383    0.4289  -10232.0685  0.3331 
   00384    0.4122  -10114.3309  0.3329 
   00385    0.4306  -10155.7091  0.3258 
   00386    0.4244  -10148.5827  0.3191 
   00387    0.4169  -10157.2400  0.3211 
   00388    0.4358  -10137.8047  0.3173 
   00389    0.4261  -10031.4223  0.3093 
   00390    0.4189  -10102.3640  0.3099 
   00391    0.4464  -10003.1098  0.3132 
   00392    0.4442  -10076.0661  0.3029 
   00393    0.4358  -10129.8562  0.3035 
   00394    0.4247  -10175.5275  0.3064 
   00395    0.4269  -10172.8769  0.3024 
   00396    0.4242  -10118.2887  0.2999 
   00397    0.4294  -10115.7001  0.2952 
   00398    0.4292  -10050.6181  0.2961 
   00399    0.4197  -10108.1281  0.3011 
   00400    0.4339  -10034.1064  0.2967 
   00401    0.4292  -10039.0847  0.2980 
   00402    0.4397   -9981.0188  0.2952 
   00403    0.4381   -9949.4806  0.2918 
   00404    0.4308  -10016.5263  0.2971 
   00405    0.4458   -9987.6113  0.2991 
   00406    0.4503   -9879.3030  0.2912 
   00407    0.4264   -9892.9190  0.2934 
   00408    0.4353   -9716.2355  0.2933 
   00409    0.4328   -9725.0026  0.2995 
   00410    0.4392   -9948.1608  0.3084 
   00411    0.4400   -9965.8362  0.3118 
   00412    0.4350   -9935.3440  0.3115 
   00413    0.4369   -9958.3289  0.3148 
   00414    0.4186   -9920.9951  0.3046 
   00415    0.4386  -10008.6882  0.3007 
   00416    0.4306  -10017.1467  0.3018 
   00417    0.4281  -10071.4371  0.3065 
   00418    0.4308  -10137.7009  0.3124 
   00419    0.4344  -10047.2684  0.3117 
   00420    0.4339   -9977.0201  0.3112 
   00421    0.4347   -9981.0415  0.3072 
   00422    0.4347   -9895.6378  0.3111 
   00423    0.4308  -10023.8922  0.3058 
   00424    0.4258  -10122.9058  0.3107 
   00425    0.4464  -10178.8456  0.3065 
   00426    0.4281  -10164.0022  0.3132 
   00427    0.4114  -10121.6371  0.3076 
   00428    0.4269  -10191.7545  0.3112 
   00429    0.4372  -10225.9962  0.3145 
   00430    0.4375  -10168.9768  0.3112 
   00431    0.4275  -10191.9968  0.3127 
   00432    0.4206  -10102.6991  0.3177 
   00433    0.4311  -10135.6363  0.3248 
   00434    0.4136  -10152.5580  0.3227 
   00435    0.4364  -10183.8491  0.3247 
   00436    0.4283  -10222.0379  0.3239 
   00437    0.4319  -10150.2579  0.3183 
   00438    0.4194  -10117.9151  0.3213 
   00439    0.4117  -10175.5921  0.3233 
   00440    0.4272  -10173.3005  0.3223 
   00441    0.4369  -10088.8186  0.3222 
   00442    0.4225  -10091.3272  0.3209 
   00443    0.4222  -10074.5570  0.3350 
   00444    0.4289  -10123.0176  0.3321 
   00445    0.4278  -10115.8478  0.3327 
   00446    0.4417  -10223.3871  0.3373 
   00447    0.4311  -10084.1792  0.3406 
   00448    0.4353  -10100.4182  0.3434 
   00449    0.4358  -10126.4419  0.3445 
   00450    0.4217  -10102.0667  0.3491 
   00451    0.4211  -10133.0725  0.3377 
   00452    0.4456  -10225.6427  0.3400 
   00453    0.4392  -10260.2676  0.3402 
   00454    0.4228  -10228.2878  0.3388 
   00455    0.4369  -10260.3324  0.3356 
   00456    0.4269  -10225.8463  0.3358 
   00457    0.4231  -10206.4798  0.3422 
   00458    0.4178  -10226.8601  0.3402 
   00459    0.4308  -10148.2491  0.3406 
   00460    0.4261  -10190.6430  0.3349 
   00461    0.4175  -10202.0272  0.3351 
   00462    0.4208  -10157.0495  0.3354 
   00463    0.4233  -10065.3242  0.3288 
   00464    0.4294  -10129.6037  0.3215 
   00465    0.4078  -10181.8118  0.3264 
   00466    0.4125  -10165.6130  0.3321 
   00467    0.4347  -10065.5994  0.3309 
   00468    0.4333  -10014.8031  0.3334 
   00469    0.4219  -10074.2801  0.3370 
   00470    0.4267  -10090.7418  0.3301 
   00471    0.4267  -10006.4353  0.3394 
   00472    0.4439   -9989.8222  0.3383 
   00473    0.4389  -10024.7574  0.3297 
   00474    0.4311   -9990.8415  0.3273 
   00475    0.4428   -9839.9249  0.3348 
   00476    0.4353   -9874.8232  0.3386 
   00477    0.4314   -9855.9041  0.3460 
   00478    0.4344   -9863.9612  0.3595 
   00479    0.4256   -9918.4985  0.3597 
   00480    0.4239   -9960.0242  0.3575 
   00481    0.4222   -9982.6105  0.3573 
   00482    0.4406   -9992.4411  0.3588 
   00483    0.4306  -10144.7051  0.3631 
   00484    0.4225  -10127.8725  0.3585 
   00485    0.4242  -10173.4570  0.3547 
   00486    0.4200  -10186.9009  0.3546 
   00487    0.3992  -10221.5154  0.3507 
   00488    0.4264  -10213.5575  0.3524 
   00489    0.4439  -10221.5820  0.3500 
   00490    0.4294  -10165.9717  0.3503 
   00491    0.4403  -10079.7458  0.3538 
   00492    0.4358  -10055.3726  0.3459 
   00493    0.4147  -10080.6636  0.3524 
   00494    0.4497  -10130.6207  0.3486 
   00495    0.4322  -10051.0904  0.3425 
   00496    0.4344   -9938.0752  0.3443 
   00497    0.4319  -10047.7319  0.3453 
   00498    0.4172  -10120.2361  0.3519 
   00499    0.4239  -10198.8398  0.3578 
   00500    0.4342  -10202.8309  0.3546 
   00501    0.4169  -10168.4469  0.3578 
   00502    0.4222  -10191.4313  0.3641 
   00503    0.4119  -10158.7280  0.3657 
   00504    0.4208  -10223.1261  0.3630 
   00505    0.4053  -10130.1582  0.3663 
   00506    0.4283  -10166.6948  0.3690 
   00507    0.4283  -10248.7200  0.3723 
   00508    0.4081  -10280.1168  0.3717 
   00509    0.4253  -10191.8330  0.3735 
   00510    0.4194  -10160.0584  0.3649 
   00511    0.4322  -10176.7076  0.3731 
   00512    0.4292  -10218.2042  0.3730 
   00513    0.4319  -10198.1890  0.3769 
   00514    0.4247  -10256.5505  0.3754 
   00515    0.4178  -10289.6940  0.3829 
   00516    0.4136  -10309.7566  0.3868 
   00517    0.4292  -10311.3658  0.3888 
   00518    0.4161  -10221.9953  0.3950 
   00519    0.4178  -10289.6184  0.3985 
   00520    0.4247  -10316.3461  0.4016 
   00521    0.4147  -10325.8236  0.4009 
   00522    0.4192  -10287.9921  0.4004 
   00523    0.4272  -10241.4294  0.3941 
   00524    0.4300  -10259.9211  0.3894 
   00525    0.4347  -10274.0264  0.3915 
   00526    0.4244  -10274.8580  0.3922 
   00527    0.4136  -10232.8528  0.3907 
   00528    0.4347  -10238.5092  0.3885 
   00529    0.4250  -10255.8854  0.3867 
   00530    0.4283  -10208.0807  0.3881 
   00531    0.4281  -10264.1004  0.3775 
   00532    0.4169  -10269.9218  0.3811 
   00533    0.4167  -10256.3066  0.3894 
   00534    0.4156  -10178.8798  0.3885 
   00535    0.4297  -10235.3885  0.3901 
   00536    0.4256  -10278.8432  0.3826 
   00537    0.4292  -10248.9884  0.3833 
   00538    0.4175  -10332.1608  0.3783 
   00539    0.4197  -10366.9542  0.3846 
   00540    0.4189  -10332.6179  0.3824 
   00541    0.4056  -10384.4035  0.3827 
   00542    0.4347  -10451.9630  0.3874 
   00543    0.4192  -10422.8289  0.3928 
   00544    0.4092  -10395.6206  0.3881 
   00545    0.4106  -10418.9201  0.3850 
   00546    0.4108  -10345.9077  0.3777 
   00547    0.4261  -10255.8447  0.3759 
   00548    0.4147  -10287.5948  0.3693 
   00549    0.4039  -10238.5461  0.3693 
   00550    0.4300  -10224.9076  0.3566 
   00551    0.4164  -10222.1810  0.3522 
   00552    0.4286  -10192.2887  0.3566 
   00553    0.4083  -10214.3843  0.3634 
   00554    0.4339  -10205.7620  0.3689 
   00555    0.4303  -10248.6083  0.3677 
   00556    0.4183  -10172.0184  0.3643 
   00557    0.4222  -10178.8554  0.3597 
   00558    0.4244  -10035.1561  0.3625 
   00559    0.4347  -10061.2677  0.3669 
   00560    0.4375  -10046.5512  0.3602 
   00561    0.4189  -10171.5551  0.3627 
   00562    0.4172  -10169.9936  0.3612 
   00563    0.4200  -10213.5298  0.3543 
   00564    0.4292  -10201.0438  0.3584 
   00565    0.4297  -10211.4601  0.3506 
   00566    0.4314  -10222.4588  0.3541 
   00567    0.4125  -10216.4644  0.3593 
   00568    0.4114  -10183.0517  0.3635 
   00569    0.4206  -10330.6465  0.3724 
   00570    0.4339  -10284.0112  0.3692 
   00571    0.4072  -10308.6064  0.3725 
   00572    0.4156  -10275.0249  0.3723 
   00573    0.4239  -10182.9215  0.3733 
   00574    0.4236  -10149.9707  0.3682 
   00575    0.4314  -10139.3545  0.3642 
   00576    0.4256  -10142.3245  0.3566 
   00577    0.4403  -10168.8820  0.3623 
   00578    0.4158  -10174.0423  0.3629 
   00579    0.4175  -10169.5934  0.3699 
   00580    0.4167  -10162.1936  0.3716 
   00581    0.4214  -10229.5381  0.3690 
   00582    0.4294  -10263.5167  0.3657 
   00583    0.4308  -10217.1550  0.3572 
   00584    0.4311  -10255.3054  0.3576 
   00585    0.4147  -10173.2809  0.3578 
   00586    0.4167  -10259.3554  0.3561 
   00587    0.4314  -10165.4073  0.3578 
   00588    0.4322  -10240.0406  0.3624 
   00589    0.4086  -10233.0194  0.3652 
   00590    0.4389  -10246.4101  0.3604 
   00591    0.4158  -10251.6663  0.3598 
   00592    0.4217  -10355.6118  0.3601 
   00593    0.4286  -10327.8431  0.3602 
   00594    0.4289  -10336.8554  0.3596 
   00595    0.4067  -10350.6043  0.3602 
   00596    0.4203  -10284.9650  0.3711 
   00597    0.4225  -10123.0522  0.3742 
   00598    0.4344  -10175.2744  0.3736 
   00599    0.4356  -10123.0593  0.3762 
   00600    0.4367  -10140.9176  0.3740 
   00601    0.4117  -10120.1206  0.3621 
   00602    0.4158  -10212.0578  0.3716 
   00603    0.4144  -10217.4682  0.3684 
   00604    0.4303  -10123.3263  0.3758 
   00605    0.4253  -10153.5330  0.3766 
   00606    0.4244  -10218.5388  0.3807 
   00607    0.4317  -10311.5833  0.3854 
   00608    0.4228  -10280.6007  0.3772 
   00609    0.4181  -10233.1360  0.3712 
   00610    0.4222  -10215.0817  0.3635 
   00611    0.4061  -10217.7322  0.3591 
   00612    0.4203  -10237.7275  0.3580 
   00613    0.4128  -10280.9917  0.3596 
   00614    0.4197  -10343.4303  0.3664 
   00615    0.4225  -10280.5543  0.3559 
   00616    0.4292  -10294.9887  0.3563 
   00617    0.4203  -10333.0867  0.3629 
   00618    0.4331  -10245.7792  0.3657 
   00619    0.4269  -10218.2786  0.3640 
   00620    0.4161  -10164.0670  0.3646 
   00621    0.4350  -10142.5920  0.3639 
   00622    0.4206  -10151.2972  0.3573 
   00623    0.4100  -10179.1556  0.3566 
   00624    0.4144  -10199.5928  0.3627 
   00625    0.4253  -10209.1423  0.3584 
   00626    0.4239  -10194.7982  0.3554 
   00627    0.4422  -10239.3617  0.3554 
   00628    0.4197  -10214.1205  0.3561 
   00629    0.4050  -10272.5795  0.3589 
   00630    0.4258  -10255.5253  0.3619 
   00631    0.4117  -10235.2964  0.3607 
   00632    0.4122  -10292.7199  0.3562 
   00633    0.4153  -10321.3953  0.3598 
   00634    0.4136  -10218.7471  0.3566 
   00635    0.4331  -10330.0076  0.3561 
   00636    0.4328  -10314.1235  0.3568 
   00637    0.4308  -10346.7974  0.3573 
   00638    0.4197  -10314.3919  0.3519 
   00639    0.4158  -10247.1240  0.3480 
   00640    0.4214  -10320.0614  0.3430 
   00641    0.4206  -10224.2942  0.3439 
   00642    0.4375  -10303.0287  0.3498 
   00643    0.4183  -10389.7079  0.3538 
   00644    0.4144  -10371.4468  0.3521 
   00645    0.4125  -10290.4726  0.3500 
   00646    0.4367  -10324.4370  0.3519 
   00647    0.4092  -10299.7237  0.3492 
   00648    0.4161  -10338.8027  0.3435 
   00649    0.4344  -10247.8443  0.3424 
   00650    0.4144  -10301.9087  0.3442 
   00651    0.4247  -10242.2426  0.3493 
   00652    0.4089  -10254.4837  0.3424 
   00653    0.4131  -10322.8118  0.3423 
   00654    0.4211  -10370.8042  0.3422 
   00655    0.3994  -10281.2146  0.3502 
   00656    0.4194  -10304.5836  0.3443 
   00657    0.4186  -10306.6598  0.3377 
   00658    0.4264  -10232.3223  0.3355 
   00659    0.4281  -10288.0137  0.3380 
   00660    0.4381  -10297.6126  0.3362 
   00661    0.4092  -10359.9022  0.3365 
   00662    0.4292  -10424.4818  0.3427 
   00663    0.4133  -10449.7672  0.3362 
   00664    0.4242  -10292.5817  0.3348 
   00665    0.4142  -10341.2444  0.3413 
   00666    0.4233  -10354.5999  0.3467 
   00667    0.4225  -10245.0397  0.3450 
   00668    0.4200  -10181.6276  0.3486 
   00669    0.4197  -10320.8319  0.3469 
   00670    0.4283  -10353.7845  0.3486 
   00671    0.4175  -10399.4211  0.3491 
   00672    0.4200  -10356.8330  0.3457 
   00673    0.4114  -10440.7931  0.3447 
   00674    0.4028  -10449.7591  0.3441 
   00675    0.4222  -10424.3485  0.3421 
   00676    0.4050  -10398.1666  0.3403 
   00677    0.4147  -10350.6879  0.3460 
   00678    0.4139  -10394.3362  0.3435 
   00679    0.4292  -10222.8816  0.3517 
   00680    0.4247  -10228.5254  0.3567 
   00681    0.4139  -10196.8692  0.3512 
   00682    0.4181  -10121.5526  0.3523 
   00683    0.4242  -10083.3994  0.3523 
   00684    0.4219  -10196.6452  0.3591 
   00685    0.4175  -10213.6185  0.3644 
   00686    0.4150  -10151.1471  0.3624 
   00687    0.4231  -10175.7093  0.3648 
   00688    0.4261  -10203.8710  0.3584 
   00689    0.4172  -10173.6716  0.3581 
   00690    0.4275  -10284.8321  0.3570 
   00691    0.4300  -10281.6592  0.3589 
   00692    0.4281  -10284.3884  0.3596 
   00693    0.4247  -10357.0142  0.3616 
   00694    0.4083  -10267.4699  0.3645 
   00695    0.4225  -10280.2483  0.3690 
   00696    0.4139  -10223.4630  0.3715 
   00697    0.4211  -10211.4193  0.3667 
   00698    0.4056  -10253.5545  0.3784 
   00699    0.4156  -10228.5153  0.3818 
   00700    0.4053  -10214.0032  0.3833 
   00701    0.4336  -10261.4766  0.3779 
   00702    0.4231  -10112.1751  0.3795 
   00703    0.4453  -10136.5674  0.3898 
   00704    0.4281  -10063.2997  0.3935 
   00705    0.4436  -10119.7992  0.4016 
   00706    0.4192  -10169.9767  0.4048 
   00707    0.4181  -10147.9381  0.4086 
   00708    0.4208  -10060.2990  0.4138 
   00709    0.4267  -10097.1972  0.4113 
   00710    0.4342  -10137.4301  0.4088 
   00711    0.4219  -10218.2513  0.4185 
   00712    0.4281  -10158.5969  0.4135 
   00713    0.4172  -10271.0441  0.4165 
   00714    0.4283  -10172.3585  0.4212 
   00715    0.4217  -10145.4874  0.4239 
   00716    0.4244  -10072.8417  0.4170 
   00717    0.4194  -10139.1199  0.4228 
   00718    0.4356  -10135.7321  0.4296 
   00719    0.4261  -10070.6821  0.4236 
   00720    0.4389  -10079.6568  0.4318 
   00721    0.4397  -10164.1339  0.4390 
   00722    0.4336  -10162.2000  0.4453 
   00723    0.4289  -10127.8168  0.4481 
   00724    0.4178  -10222.6015  0.4525 
   00725    0.4236  -10252.3243  0.4503 
   00726    0.4194  -10302.6699  0.4490 
   00727    0.4217  -10179.2367  0.4489 
   00728    0.4258  -10231.6323  0.4411 
   00729    0.4208  -10196.1106  0.4360 
   00730    0.4275  -10138.0252  0.4318 
   00731    0.4336  -10248.1238  0.4350 
   00732    0.4181  -10263.4432  0.4386 
   00733    0.4231  -10240.0327  0.4342 
   00734    0.4269  -10263.8539  0.4362 
   00735    0.4211  -10279.1524  0.4359 
   00736    0.4228  -10231.3206  0.4305 
   00737    0.4297  -10293.0983  0.4189 
   00738    0.4278  -10324.6253  0.4239 
   00739    0.4311  -10287.4990  0.4131 
   00740    0.4236  -10269.2486  0.4071 
   00741    0.4317  -10302.3186  0.4089 
   00742    0.4383  -10223.7924  0.4098 
   00743    0.4289  -10092.7442  0.4076 
   00744    0.4222  -10159.9796  0.3984 
   00745    0.4181  -10116.6141  0.3941 
   00746    0.4464  -10141.4349  0.3982 
   00747    0.4161  -10287.5287  0.3937 
   00748    0.4183  -10314.0262  0.3942 
   00749    0.4214  -10316.1595  0.4010 
   00750    0.4219  -10345.0597  0.4079 
   00751    0.4183  -10462.5703  0.4093 
   00752    0.4075  -10326.3552  0.4092 
   00753    0.4219  -10391.1096  0.4040 
   00754    0.4119  -10337.2941  0.4009 
   00755    0.4181  -10411.5785  0.4011 
   00756    0.4311  -10350.9132  0.3962 
   00757    0.4239  -10322.7255  0.4020 
   00758    0.4142  -10261.2671  0.4069 
   00759    0.4244  -10332.7140  0.4102 
   00760    0.4111  -10224.9823  0.4125 
   00761    0.4142  -10241.3003  0.4104 
   00762    0.4231  -10282.4195  0.4144 
   00763    0.4172  -10319.6498  0.4209 
   00764    0.4169  -10275.2421  0.4215 
   00765    0.4158  -10243.4754  0.4090 
   00766    0.4303  -10213.6751  0.4014 
   00767    0.4317  -10188.8277  0.4018 
   00768    0.4258  -10168.7461  0.4032 
   00769    0.4400  -10295.3370  0.4102 
   00770    0.4208  -10209.8587  0.4124 
   00771    0.4272  -10261.4424  0.4153 
   00772    0.4325  -10206.3781  0.4139 
   00773    0.4217  -10272.3930  0.4103 
   00774    0.4194  -10275.7445  0.4107 
   00775    0.4217  -10275.4204  0.4103 
   00776    0.4233  -10224.1969  0.4029 
   00777    0.4269  -10218.4151  0.4007 
   00778    0.4103  -10163.5149  0.3974 
   00779    0.4086  -10214.6640  0.3922 
   00780    0.4308  -10117.6094  0.3937 
   00781    0.4439  -10134.5810  0.4057 
   00782    0.4169  -10151.1286  0.4004 
   00783    0.4200  -10272.3722  0.4059 
   00784    0.4261  -10276.6194  0.4137 
   00785    0.4142  -10286.9011  0.4079 
   00786    0.4122  -10285.5232  0.4080 
   00787    0.4250  -10155.9591  0.3992 
   00788    0.4131  -10183.8666  0.4073 
   00789    0.4119  -10184.2688  0.4102 
   00790    0.4233  -10175.1392  0.4088 
   00791    0.4194  -10215.0489  0.4137 
   00792    0.4311  -10191.8885  0.4204 
   00793    0.4258  -10239.9994  0.4143 
   00794    0.4303  -10121.0717  0.4222 
   00795    0.4100  -10235.7216  0.4272 
   00796    0.4194  -10221.0768  0.4276 
   00797    0.4453  -10162.5059  0.4227 
   00798    0.4314  -10232.7565  0.4138 
   00799    0.4261  -10209.7889  0.4149 
   00800    0.4283  -10164.9552  0.4111 
   00801    0.4128  -10139.1420  0.4105 
   00802    0.4139  -10142.9528  0.4074 
   00803    0.4147  -10125.8063  0.4081 
   00804    0.4397  -10137.7672  0.4114 
   00805    0.4289  -10192.6523  0.4108 
   00806    0.4306  -10266.4376  0.4129 
   00807    0.4314  -10152.9401  0.4153 
   00808    0.4311  -10133.5090  0.4105 
   00809    0.4322  -10172.2721  0.4179 
   00810    0.4319  -10118.9668  0.4142 
   00811    0.4314  -10012.3120  0.4167 
   00812    0.4258   -9990.3595  0.4204 
   00813    0.4308  -10098.9823  0.4256 
   00814    0.4311  -10121.5444  0.4316 
   00815    0.4264  -10078.1709  0.4228 
   00816    0.4403  -10036.4525  0.4194 
   00817    0.4258   -9975.1016  0.4227 
   00818    0.4381  -10074.7107  0.4261 
   00819    0.4231  -10194.7859  0.4274 
   00820    0.4264  -10175.8152  0.4255 
   00821    0.4164  -10121.4749  0.4267 
   00822    0.4336  -10035.3105  0.4246 
   00823    0.4242  -10102.0650  0.4274 
   00824    0.4478  -10067.8431  0.4277 
   00825    0.4342  -10125.7342  0.4310 
   00826    0.4075  -10128.7737  0.4354 
   00827    0.4375  -10200.6192  0.4396 
   00828    0.4200  -10158.2185  0.4460 
   00829    0.4292  -10140.6427  0.4386 
   00830    0.4211  -10185.6817  0.4470 
   00831    0.3964  -10231.5885  0.4380 
   00832    0.4297  -10175.3233  0.4361 
   00833    0.4250  -10205.5525  0.4372 
   00834    0.4225  -10177.1956  0.4267 
   00835    0.4275  -10149.0842  0.4284 
   00836    0.4178  -10223.0537  0.4332 
   00837    0.4261  -10158.6463  0.4341 
   00838    0.4231  -10171.7473  0.4339 
   00839    0.4236  -10187.9535  0.4334 
   00840    0.4278  -10262.2797  0.4347 
   00841    0.4231  -10209.5355  0.4328 
   00842    0.4239  -10228.0535  0.4446 
   00843    0.4033  -10156.1605  0.4526 
   00844    0.4233  -10184.1340  0.4515 
   00845    0.4189  -10127.3303  0.4507 
   00846    0.4322  -10107.2914  0.4578 
   00847    0.4436  -10026.4183  0.4558 
   00848    0.4278  -10100.6842  0.4635 
   00849    0.4381  -10158.1782  0.4666 
   00850    0.4314  -10214.1325  0.4682 
   00851    0.4322  -10273.4506  0.4614 
   00852    0.4219  -10209.7691  0.4673 
   00853    0.4292  -10227.3724  0.4647 
   00854    0.4267  -10229.5410  0.4619 
   00855    0.4231  -10234.3303  0.4580 
   00856    0.4261  -10297.5848  0.4571 
   00857    0.4125  -10304.2566  0.4551 
   00858    0.4047  -10191.0425  0.4492 
   00859    0.4392  -10125.5828  0.4494 
   00860    0.4197  -10189.9506  0.4436 
   00861    0.4136  -10231.9252  0.4457 
   00862    0.4242  -10223.5461  0.4516 
   00863    0.4278  -10212.7205  0.4551 
   00864    0.4172  -10182.0954  0.4568 
   00865    0.4253  -10239.2582  0.4519 
   00866    0.4261  -10306.5278  0.4487 
   00867    0.4231  -10282.8696  0.4481 
   00868    0.4208  -10366.1165  0.4447 
   00869    0.4219  -10342.5677  0.4434 
   00870    0.4169  -10293.6344  0.4394 
   00871    0.4278  -10299.7030  0.4362 
   00872    0.4117  -10288.4015  0.4298 
   00873    0.4219  -10345.9847  0.4320 
   00874    0.4206  -10350.2401  0.4251 
   00875    0.4272  -10281.6758  0.4256 
   00876    0.4139  -10286.9967  0.4308 
   00877    0.4414  -10207.5301  0.4256 
   00878    0.4331  -10243.1040  0.4286 
   00879    0.4147  -10213.8825  0.4226 
   00880    0.4158  -10200.4964  0.4271 
   00881    0.4069  -10218.8788  0.4319 
   00882    0.4308  -10206.6932  0.4331 
   00883    0.4239  -10116.8588  0.4255 
   00884    0.4197  -10112.1543  0.4303 
   00885    0.4244  -10172.7750  0.4336 
   00886    0.4289  -10134.8874  0.4332 
   00887    0.4283  -10079.0559  0.4295 
   00888    0.4361  -10123.9652  0.4301 
   00889    0.4186  -10180.8298  0.4331 
   00890    0.4175  -10244.5018  0.4348 
   00891    0.4250  -10193.5895  0.4311 
   00892    0.4297  -10166.3386  0.4283 
   00893    0.4342  -10114.1129  0.4346 
   00894    0.4206  -10169.8751  0.4355 
   00895    0.4217  -10216.1310  0.4401 
   00896    0.4208  -10234.6416  0.4480 
   00897    0.4247  -10162.2465  0.4507 
   00898    0.4319  -10223.3084  0.4583 
   00899    0.4303  -10194.2119  0.4502 
   00900    0.4261  -10118.4745  0.4501 
   00901    0.4247  -10194.5178  0.4502 
   00902    0.4344  -10151.9295  0.4515 
   00903    0.4303  -10211.1159  0.4502 
   00904    0.4267  -10210.4644  0.4483 
   00905    0.4147  -10213.6720  0.4430 
   00906    0.4175  -10207.6512  0.4394 
   00907    0.4275  -10222.7759  0.4344 
   00908    0.4172  -10203.3682  0.4372 
   00909    0.4297  -10224.8425  0.4373 
   00910    0.4197  -10288.2424  0.4418 
   00911    0.4156  -10345.3790  0.4349 
   00912    0.4222  -10319.3246  0.4377 
   00913    0.4256  -10236.9958  0.4267 
   00914    0.4117  -10193.5557  0.4270 
   00915    0.4261  -10210.9215  0.4271 
   00916    0.4136  -10202.8160  0.4231 
   00917    0.4144  -10211.9657  0.4242 
   00918    0.4219  -10266.6693  0.4135 
   00919    0.4386  -10188.6905  0.4164 
   00920    0.4078  -10140.4545  0.4222 
   00921    0.4414  -10087.6958  0.4202 
   00922    0.4233  -10148.5343  0.4274 
   00923    0.4322  -10216.1624  0.4288 
   00924    0.4161  -10227.1741  0.4353 
   00925    0.4308  -10326.2624  0.4314 
   00926    0.4297  -10316.4934  0.4329 
   00927    0.4139  -10418.5380  0.4362 
   00928    0.4133  -10341.8888  0.4337 
   00929    0.4189  -10342.4530  0.4422 
   00930    0.4261  -10311.6116  0.4410 
   00931    0.4114  -10299.0187  0.4373 
   00932    0.4192  -10205.6406  0.4369 
   00933    0.4253  -10279.3540  0.4381 
   00934    0.4303  -10240.4113  0.4345 
   00935    0.4303  -10263.7262  0.4352 
   00936    0.4417  -10126.4846  0.4253 
   00937    0.4297  -10142.5247  0.4354 
   00938    0.4236  -10124.0296  0.4285 
   00939    0.4244  -10098.7017  0.4388 
   00940    0.4317  -10166.7748  0.4430 
   00941    0.4250  -10082.2668  0.4451 
   00942    0.4097  -10152.0710  0.4573 
   00943    0.4200  -10171.9987  0.4589 
   00944    0.4219  -10185.5019  0.4608 
   00945    0.4289  -10255.8133  0.4611 
   00946    0.4192  -10318.4253  0.4534 
   00947    0.4133  -10385.1878  0.4626 
   00948    0.4139  -10326.6724  0.4644 
   00949    0.4208  -10228.0843  0.4636 
   00950    0.4203  -10205.4644  0.4666 
   00951    0.4186  -10244.0696  0.4701 
   00952    0.4103  -10239.2714  0.4740 
   00953    0.4219  -10203.2512  0.4692 
   00954    0.4306  -10204.4746  0.4674 
   00955    0.4428  -10234.2903  0.4754 
   00956    0.4289  -10329.7603  0.4844 
   00957    0.4314  -10267.6736  0.4822 
   00958    0.4164  -10308.0727  0.4910 
   00959    0.4222  -10294.3548  0.4981 
   00960    0.4211  -10238.3089  0.4925 
   00961    0.4167  -10349.4693  0.4945 
   00962    0.4364  -10182.1093  0.4898 
   00963    0.4214  -10323.1540  0.4976 
   00964    0.4236  -10295.9317  0.4990 
   00965    0.4292  -10365.8333  0.5034 
   00966    0.4219  -10319.7076  0.4996 
   00967    0.4217  -10287.9554  0.5020 
   00968    0.4250  -10318.0874  0.5006 
   00969    0.4328  -10361.3372  0.5021 
   00970    0.4111  -10294.1503  0.5006 
   00971    0.4097  -10339.8599  0.5046 
   00972    0.4164  -10367.1946  0.4936 
   00973    0.4189  -10344.9825  0.4891 
   00974    0.4100  -10365.1962  0.4856 
   00975    0.4236  -10428.0342  0.4818 
   00976    0.4153  -10353.7653  0.4804 
   00977    0.4164  -10289.6699  0.4728 
   00978    0.4189  -10447.7888  0.4728 
   00979    0.4078  -10412.2864  0.4777 
   00980    0.4169  -10447.3955  0.4717 
   00981    0.4197  -10468.6827  0.4793 
   00982    0.4222  -10432.9857  0.4741 
   00983    0.4100  -10320.7185  0.4734 
   00984    0.4308  -10284.1510  0.4750 
   00985    0.4200  -10246.2021  0.4731 
   00986    0.4300  -10196.2903  0.4832 
   00987    0.4156  -10202.7864  0.4877 
   00988    0.4203  -10193.0893  0.4934 
   00989    0.4192  -10187.5204  0.4963 
   00990    0.4311  -10240.7029  0.4980 
   00991    0.4281  -10258.2634  0.5003 
   00992    0.4286  -10242.0083  0.5017 
   00993    0.4183  -10196.5347  0.5057 
   00994    0.4250  -10120.8160  0.5044 
   00995    0.4222  -10203.7660  0.5096 
   00996    0.4275  -10226.6479  0.5107 
   00997    0.4314  -10251.5952  0.5166 
   00998    0.4214  -10313.8423  0.5159 
   00999    0.4136  -10314.8740  0.5128 
   01000    0.4164  -10337.1592  0.5170 
