#=====================================================
# File created:        Mon-06-Nov-2023-at-03-13-03PM
# Size of lattice:     20x20
# Number of MC steps:  1000
# Reduced temperature: 1.400
# Run time (s):        1.750329
#=====================================================
# MC step:  Ratio:     Energy:   Order:
#=====================================================
   00000    0.5000    -399.1786  0.2553 
   00001    0.7600    -580.3314  0.2721 
   00002    0.6950    -621.8260  0.3317 
   00003    0.6625    -672.0585  0.3275 
   00004    0.6500    -751.7360  0.2641 
   00005    0.6275    -803.6374  0.2844 
   00006    0.5850    -795.9844  0.2704 
   00007    0.6175    -765.6825  0.2962 
   00008    0.6125    -756.2633  0.2992 
   00009    0.6275    -684.1745  0.2801 
   00010    0.7025    -770.4391  0.2906 
   00011    0.6375    -762.3898  0.2782 
   00012    0.5975    -789.7562  0.3179 
   00013    0.6350    -750.0107  0.2916 
   00014    0.6600    -735.5948  0.2675 
   00015    0.6350    -769.4954  0.2868 
   00016    0.6050    -722.1311  0.2724 
   00017    0.6375    -771.0723  0.2868 
   00018    0.6075    -772.0393  0.2969 
   00019    0.5925    -815.0833  0.2765 
   00020    0.5950    -771.4909  0.2742 
   00021    0.6150    -753.7542  0.2800 
   00022    0.6250    -705.9066  0.2932 
   00023    0.6175    -748.3773  0.3177 
   00024    0.6025    -733.7140  0.3408 
   00025    0.6075    -751.5898  0.3391 
   00026    0.5925    -727.7471  0.3485 
   00027    0.6525    -699.7286  0.3516 
   00028    0.6075    -745.1045  0.3887 
   00029    0.6275    -756.8875  0.3672 
   00030    0.6375    -759.1816  0.3739 
   00031    0.6300    -760.0638  0.3031 
   00032    0.6325    -774.5901  0.3093 
   00033    0.6375    -763.6484  0.3143 
   00034    0.6100    -790.0291  0.3702 
   00035    0.5400    -803.7406  0.3725 
   00036    0.5975    -782.1148  0.3813 
   00037    0.5775    -776.5320  0.3783 
   00038    0.5825    -804.3742  0.3603 
   00039    0.5600    -785.8183  0.3373 
   00040    0.6050    -807.0385  0.3605 
   00041    0.5975    -745.4610  0.3447 
   00042    0.6025    -745.3692  0.2856 
   00043    0.5900    -767.8530  0.2749 
   00044    0.6450    -782.9443  0.3225 
   00045    0.6325    -739.7521  0.3276 
   00046    0.6450    -738.0766  0.2884 
   00047    0.5725    -747.1868  0.3191 
   00048    0.6025    -727.1629  0.2778 
   00049    0.6425    -742.0473  0.3055 
   00050    0.6250    -757.0938  0.3313 
   00051    0.5550    -785.9235  0.3663 
   00052    0.6050    -813.7396  0.3178 
   00053    0.5825    -787.8013  0.3290 
   00054    0.5875    -738.0025  0.3594 
   00055    0.5750    -746.5245  0.3353 
   00056    0.6250    -712.4595  0.2977 
   00057    0.6325    -736.3934  0.3138 
   00058    0.6100    -754.8110  0.3321 
   00059    0.6225    -723.2769  0.3132 
   00060    0.6300    -792.1513  0.3115 
   00061    0.5975    -773.0238  0.3296 
   00062    0.6050    -805.0919  0.3307 
   00063    0.6225    -813.5538  0.3344 
   00064    0.5900    -806.7553  0.3575 
   00065    0.6075    -790.3392  0.3743 
   00066    0.5700    -767.4693  0.3926 
   00067    0.5725    -820.8514  0.3896 
   00068    0.6250    -776.6106  0.3881 
   00069    0.6050    -811.4754  0.3720 
   00070    0.5950    -787.2911  0.3950 
   00071    0.5900    -766.3097  0.3711 
   00072    0.6350    -760.2538  0.3488 
   00073    0.6750    -726.8460  0.3696 
   00074    0.6550    -757.8556  0.3759 
   00075    0.5975    -766.4557  0.3436 
   00076    0.6050    -796.1214  0.3446 
   00077    0.5950    -793.0899  0.3401 
   00078    0.5950    -757.2673  0.3662 
   00079    0.5850    -800.8798  0.3907 
   00080    0.6100    -778.3163  0.3338 
   00081    0.6475    -776.1119  0.3156 
   00082    0.6250    -743.3295  0.3148 
   00083    0.6150    -718.6829  0.2982 
   00084    0.6025    -705.5148  0.3360 
   00085    0.6525    -724.5159  0.3364 
   00086    0.6125    -789.5428  0.3331 
   00087    0.6400    -737.7943  0.3216 
   00088    0.5950    -751.8463  0.3043 
   00089    0.6200    -770.6025  0.3353 
   00090    0.6150    -757.7002  0.3741 
   00091    0.5975    -739.0954  0.3682 
   00092    0.6300    -749.4665  0.3291 
   00093    0.6175    -740.7698  0.3093 
   00094    0.6100    -750.8764  0.2844 
   00095    0.6250    -745.7322  0.2814 
   00096    0.6050    -742.8907  0.3116 
   00097    0.6350    -739.5851  0.3152 
   00098    0.6600    -757.6844  0.3048 
   00099    0.5450    -796.9770  0.3212 
   00100    0.5925    -799.6300  0.3216 
   00101    0.6625    -764.1521  0.3057 
   00102    0.5900    -783.7533  0.2968 
   00103    0.5525    -785.7521  0.2967 
   00104    0.5800    -765.2045  0.3218 
   00105    0.6125    -758.8390  0.2881 
   00106    0.5925    -796.7016  0.3491 
   00107    0.6250    -768.0160  0.3684 
   00108    0.5750    -794.5736  0.3503 
   00109    0.6000    -786.0458  0.3287 
   00110    0.5800    -771.9663  0.3117 
   00111    0.5900    -757.2413  0.2936 
   00112    0.6175    -752.4579  0.2782 
   00113    0.6275    -755.6107  0.2626 
   00114    0.5525    -784.5265  0.2780 
   00115    0.5700    -797.4148  0.2646 
   00116    0.5600    -808.6081  0.2566 
   00117    0.5700    -769.2318  0.2601 
   00118    0.6275    -779.3403  0.2634 
   00119    0.6225    -774.0859  0.3356 
   00120    0.5650    -793.7786  0.3399 
   00121    0.6150    -777.3880  0.3549 
   00122    0.6275    -773.9664  0.3429 
   00123    0.6050    -806.0878  0.3381 
   00124    0.6325    -736.3744  0.3707 
   00125    0.6550    -742.9541  0.3705 
   00126    0.5725    -767.0664  0.3577 
   00127    0.5825    -788.9369  0.3500 
   00128    0.6100    -792.2128  0.3486 
   00129    0.6225    -805.7458  0.3935 
   00130    0.6000    -819.4032  0.4093 
   00131    0.5950    -827.0740  0.3746 
   00132    0.5550    -856.1550  0.3150 
   00133    0.6000    -862.0049  0.3460 
   00134    0.5625    -790.8147  0.3227 
   00135    0.6125    -733.0725  0.3077 
   00136    0.6225    -743.7013  0.3155 
   00137    0.6175    -736.9274  0.3256 
   00138    0.6075    -748.9078  0.3221 
   00139    0.6275    -722.5935  0.3401 
   00140    0.6075    -711.7159  0.3398 
   00141    0.6500    -715.6102  0.3526 
   00142    0.6300    -746.2583  0.3440 
   00143    0.5950    -785.0699  0.3247 
   00144    0.5775    -769.2950  0.3146 
   00145    0.6275    -752.9376  0.2570 
   00146    0.6025    -722.4679  0.2593 
   00147    0.6250    -714.5257  0.2865 
   00148    0.6275    -735.7305  0.2864 
   00149    0.6575    -742.3336  0.2828 
   00150    0.6225    -731.1239  0.2858 
   00151    0.6575    -727.0276  0.2996 
   00152    0.6400    -748.7373  0.2959 
   00153    0.5975    -689.3091  0.2801 
   00154    0.6000    -747.5752  0.2853 
   00155    0.6650    -720.4757  0.2692 
   00156    0.6175    -732.1488  0.2929 
   00157    0.6000    -763.0866  0.3178 
   00158    0.5775    -785.4807  0.3560 
   00159    0.6350    -720.2001  0.3578 
   00160    0.5775    -761.6564  0.3274 
   00161    0.6150    -743.7385  0.3047 
   00162    0.6125    -699.6692  0.3145 
   00163    0.6250    -716.4749  0.3181 
   00164    0.6300    -744.0959  0.2900 
   00165    0.6175    -763.3905  0.3290 
   00166    0.6000    -786.4514  0.3471 
   00167    0.6500    -745.7554  0.2758 
   00168    0.5700    -690.2885  0.2657 
   00169    0.6175    -744.5229  0.3193 
   00170    0.5900    -745.5621  0.3419 
   00171    0.6300    -731.4611  0.3556 
   00172    0.6325    -740.2128  0.3498 
   00173    0.6025    -724.7348  0.3211 
   00174    0.6025    -764.8354  0.3420 
   00175    0.6050    -777.7194  0.3519 
   00176    0.5425    -810.4467  0.3451 
   00177    0.6050    -772.8858  0.3282 
   00178    0.6125    -765.5809  0.3081 
   00179    0.6600    -731.9660  0.2631 
   00180    0.6325    -750.4240  0.3079 
   00181    0.6200    -767.7485  0.2875 
   00182    0.5650    -764.5528  0.2770 
   00183    0.6025    -814.9417  0.3023 
   00184    0.5700    -806.1199  0.2729 
   00185    0.5825    -779.3439  0.2827 
   00186    0.6325    -756.8117  0.2783 
   00187    0.6350    -795.3059  0.3098 
   00188    0.5725    -786.6619  0.3535 
   00189    0.6075    -744.0649  0.3309 
   00190    0.5900    -768.0815  0.3237 
   00191    0.6200    -739.3517  0.2891 
   00192    0.6100    -749.9350  0.2914 
   00193    0.6550    -723.2049  0.2921 
   00194    0.5925    -746.0874  0.2843 
   00195    0.6025    -752.0788  0.2732 
   00196    0.6450    -779.1060  0.3425 
   00197    0.6200    -688.3734  0.3176 
   00198    0.6750    -731.1262  0.2788 
   00199    0.6125    -737.3961  0.2673 
   00200    0.5925    -705.3625  0.2581 
   00201    0.6825    -715.1932  0.2610 
   00202    0.6125    -709.3039  0.2864 
   00203    0.6350    -701.9199  0.2974 
   00204    0.6175    -727.6814  0.2913 
   00205    0.5600    -784.2116  0.3159 
   00206    0.5375    -817.9312  0.2824 
   00207    0.6175    -753.0985  0.2958 
   00208    0.6175    -741.5665  0.2669 
   00209    0.6100    -748.4849  0.2962 
   00210    0.6250    -792.7815  0.3001 
   00211    0.6025    -816.5317  0.3161 
   00212    0.5325    -790.6150  0.3221 
   00213    0.6125    -764.8315  0.2969 
   00214    0.5875    -745.9426  0.2929 
   00215    0.5800    -740.5056  0.3038 
   00216    0.6025    -743.3322  0.3302 
   00217    0.5875    -766.6233  0.3177 
   00218    0.6275    -755.4682  0.3120 
   00219    0.6275    -740.0322  0.3324 
   00220    0.5725    -745.4654  0.2961 
   00221    0.5650    -778.7363  0.2687 
   00222    0.5900    -817.2494  0.2939 
   00223    0.6075    -771.5360  0.2851 
   00224    0.5725    -732.1954  0.3089 
   00225    0.6525    -740.3123  0.3049 
   00226    0.5825    -744.9255  0.3192 
   00227    0.6275    -774.1267  0.3296 
   00228    0.6250    -772.8724  0.3323 
   00229    0.5775    -756.3212  0.3336 
   00230    0.6600    -671.1572  0.2921 
   00231    0.6475    -720.8724  0.3460 
   00232    0.6600    -726.6848  0.3178 
   00233    0.6450    -746.6315  0.2868 
   00234    0.6150    -747.1817  0.2861 
   00235    0.6375    -786.1588  0.2720 
   00236    0.6325    -728.8195  0.2662 
   00237    0.6550    -781.6864  0.2911 
   00238    0.6200    -754.4740  0.2826 
   00239    0.6350    -794.0687  0.2705 
   00240    0.5900    -729.3171  0.2959 
   00241    0.6125    -719.8017  0.3130 
   00242    0.6100    -714.1826  0.3024 
   00243    0.6225    -729.9295  0.2965 
   00244    0.5825    -734.1387  0.3180 
   00245    0.6000    -793.6088  0.2998 
   00246    0.6350    -735.7600  0.2690 
   00247    0.6150    -706.0443  0.2867 
   00248    0.6275    -717.7487  0.2817 
   00249    0.6350    -720.7512  0.2741 
   00250    0.6425    -714.3554  0.2873 
   00251    0.6575    -724.0087  0.3096 
   00252    0.6025    -754.6507  0.2998 
   00253    0.6300    -791.3017  0.3049 
   00254    0.6125    -728.2626  0.3125 
   00255    0.6375    -680.9660  0.2822 
   00256    0.5925    -755.2939  0.2685 
   00257    0.6075    -741.4501  0.2657 
   00258    0.6125    -720.6971  0.2634 
   00259    0.6100    -743.5835  0.2664 
   00260    0.6225    -723.2189  0.2911 
   00261    0.6500    -725.0215  0.2976 
   00262    0.6100    -784.7086  0.3388 
   00263    0.6075    -745.0961  0.3160 
   00264    0.6250    -769.4107  0.2852 
   00265    0.5875    -756.0485  0.3030 
   00266    0.5650    -789.0737  0.3002 
   00267    0.6225    -723.1281  0.3014 
   00268    0.5675    -763.6272  0.2906 
   00269    0.5925    -795.1397  0.3261 
   00270    0.6100    -799.3615  0.2875 
   00271    0.6350    -823.6070  0.2552 
   00272    0.6075    -758.7817  0.3293 
   00273    0.5850    -769.5008  0.3329 
   00274    0.6000    -778.4727  0.3299 
   00275    0.6325    -797.9055  0.3378 
   00276    0.5900    -777.8711  0.3107 
   00277    0.6225    -775.1215  0.3241 
   00278    0.6075    -765.5694  0.2768 
   00279    0.5950    -741.4386  0.2861 
   00280    0.6050    -734.4519  0.3112 
   00281    0.6850    -680.9749  0.3411 
   00282    0.6075    -722.4129  0.3450 
   00283    0.6700    -707.9973  0.3147 
   00284    0.6625    -694.1692  0.3213 
   00285    0.6400    -674.1858  0.3301 
   00286    0.6450    -685.2519  0.3493 
   00287    0.6950    -718.2286  0.3227 
   00288    0.6000    -727.4260  0.2851 
   00289    0.6475    -757.4704  0.3073 
   00290    0.6300    -751.0827  0.3102 
   00291    0.5900    -777.7038  0.3196 
   00292    0.5975    -725.6612  0.3280 
   00293    0.6575    -707.2379  0.3343 
   00294    0.6375    -739.6962  0.3457 
   00295    0.6400    -721.3634  0.3229 
   00296    0.5950    -708.7700  0.3194 
   00297    0.5875    -732.1571  0.3384 
   00298    0.5950    -777.5474  0.3798 
   00299    0.5700    -771.2089  0.3478 
   00300    0.6500    -732.6525  0.3802 
   00301    0.5875    -747.9888  0.3658 
   00302    0.6200    -782.3802  0.3338 
   00303    0.5750    -767.2173  0.3400 
   00304    0.6400    -762.6936  0.2771 
   00305    0.6450    -722.4800  0.2963 
   00306    0.6650    -743.4955  0.3148 
   00307    0.6150    -764.1456  0.3101 
   00308    0.6175    -749.4561  0.2851 
   00309    0.6100    -797.1690  0.2626 
   00310    0.6650    -775.3021  0.2787 
   00311    0.6175    -689.6433  0.3065 
   00312    0.6600    -736.8285  0.3096 
   00313    0.5825    -721.6650  0.3095 
   00314    0.6900    -696.0118  0.3119 
   00315    0.6200    -702.0250  0.2626 
   00316    0.6400    -711.9007  0.2754 
   00317    0.6350    -731.1919  0.2919 
   00318    0.5900    -788.8557  0.2906 
   00319    0.6175    -773.0715  0.3191 
   00320    0.5875    -745.4570  0.2834 
   00321    0.6475    -741.9591  0.3059 
   00322    0.6275    -731.1338  0.2958 
   00323    0.6275    -749.0537  0.3241 
   00324    0.6075    -763.5362  0.3490 
   00325    0.5950    -735.2870  0.3481 
   00326    0.6625    -765.8673  0.3660 
   00327    0.6475    -769.2677  0.3437 
   00328    0.5900    -818.8715  0.3574 
   00329    0.5925    -786.7175  0.3566 
   00330    0.6300    -766.0958  0.3676 
   00331    0.5975    -752.0455  0.3954 
   00332    0.6200    -744.0051  0.4148 
   00333    0.5950    -751.4165  0.3932 
   00334    0.6250    -755.8280  0.3760 
   00335    0.6225    -769.4638  0.3850 
   00336    0.6450    -798.4888  0.3799 
   00337    0.5750    -795.5135  0.3990 
   00338    0.5700    -774.4964  0.3997 
   00339    0.6300    -784.4399  0.3767 
   00340    0.5700    -813.7384  0.3916 
   00341    0.5425    -822.8778  0.3942 
   00342    0.6325    -784.0146  0.3598 
   00343    0.5925    -806.5467  0.3342 
   00344    0.5500    -800.6524  0.3253 
   00345    0.6025    -760.1694  0.3326 
   00346    0.6075    -728.7517  0.3073 
   00347    0.6475    -735.3368  0.3266 
   00348    0.6325    -722.5295  0.3160 
   00349    0.6350    -706.6964  0.3466 
   00350    0.6600    -695.1652  0.3399 
   00351    0.6575    -719.6474  0.3687 
   00352    0.6025    -740.3289  0.3485 
   00353    0.6525    -756.8494  0.3704 
   00354    0.6150    -783.4115  0.3555 
   00355    0.6325    -752.3372  0.3174 
   00356    0.6600    -701.7149  0.3226 
   00357    0.6425    -721.9005  0.3327 
   00358    0.6375    -706.6887  0.3257 
   00359    0.6350    -745.3167  0.3337 
   00360    0.6600    -744.1812  0.3313 
   00361    0.6400    -742.7328  0.3301 
   00362    0.6325    -776.8675  0.3301 
   00363    0.5900    -775.4992  0.3570 
   00364    0.5975    -775.6719  0.3149 
   00365    0.5650    -810.2867  0.3010 
   00366    0.6050    -782.5204  0.2789 
   00367    0.6800    -788.6867  0.3060 
   00368    0.6000    -737.9711  0.2958 
   00369    0.6625    -752.4513  0.3244 
   00370    0.5775    -784.8710  0.3300 
   00371    0.5900    -805.7411  0.3013 
   00372    0.5925    -798.3900  0.3065 
   00373    0.5725    -799.6764  0.3278 
   00374    0.6225    -789.0368  0.3543 
   00375    0.5850    -761.8649  0.2943 
   00376    0.6200    -714.4652  0.2963 
   00377    0.6150    -704.9971  0.2999 
   00378    0.6300    -740.9847  0.3492 
   00379    0.6300    -740.7592  0.3059 
   00380    0.6075    -694.3953  0.3080 
   00381    0.6425    -723.3288  0.3418 
   00382    0.6175    -738.5707  0.3227 
   00383    0.5850    -755.0009  0.3040 
   00384    0.5875    -737.9394  0.2770 
   00385    0.6100    -754.9282  0.3053 
   00386    0.6600    -709.5648  0.2554 
   00387    0.5975    -765.4005  0.2657 
   00388    0.6175    -776.7867  0.2901 
   00389    0.5875    -765.3539  0.2875 
   00390    0.6425    -712.5699  0.2869 
   00391    0.6300    -740.4547  0.2823 
   00392    0.5900    -746.0818  0.2949 
   00393    0.5650    -725.8410  0.3218 
   00394    0.6375    -727.4710  0.3316 
   00395    0.5900    -768.0470  0.3371 
   00396    0.5975    -731.7379  0.3508 
   00397    0.5875    -762.5748  0.3382 
   00398    0.6225    -729.3552  0.3227 
   00399    0.6100    -772.5049  0.3158 
   00400    0.5925    -754.0965  0.3035 
   00401    0.6175    -757.6474  0.3504 
   00402    0.6225    -716.9641  0.3831 
   00403    0.6150    -714.5193  0.3482 
   00404    0.6250    -764.0367  0.3944 
   00405    0.5725    -747.3081  0.3906 
   00406    0.5975    -730.8545  0.3576 
   00407    0.6500    -680.1282  0.3560 
   00408    0.6575    -720.9365  0.3473 
   00409    0.6200    -745.3877  0.3218 
   00410    0.6100    -774.9380  0.3282 
   00411    0.5925    -732.9984  0.3096 
   00412    0.6350    -719.7568  0.3302 
   00413    0.6725    -673.8501  0.2959 
   00414    0.6300    -742.4620  0.2954 
   00415    0.6400    -727.2113  0.2570 
   00416    0.6200    -747.6441  0.3121 
   00417    0.6600    -817.1449  0.2842 
   00418    0.5800    -816.9419  0.3174 
   00419    0.6375    -801.7069  0.3026 
   00420    0.5900    -758.2581  0.2713 
   00421    0.5850    -789.2600  0.2606 
   00422    0.5950    -740.8029  0.2806 
   00423    0.5700    -760.3283  0.2958 
   00424    0.6275    -807.1592  0.3018 
   00425    0.5900    -830.2035  0.3504 
   00426    0.5650    -757.1475  0.3275 
   00427    0.6450    -789.3077  0.3629 
   00428    0.5750    -756.5647  0.3776 
   00429    0.5900    -800.2606  0.3947 
   00430    0.6025    -741.9363  0.3860 
   00431    0.6425    -751.6395  0.3542 
   00432    0.6150    -710.5100  0.3322 
   00433    0.6125    -765.8563  0.3413 
   00434    0.5750    -793.2573  0.3444 
   00435    0.5775    -751.8897  0.3237 
   00436    0.6450    -731.6998  0.3056 
   00437    0.6475    -716.3472  0.2988 
   00438    0.5825    -777.5427  0.2892 
   00439    0.6125    -775.5860  0.3151 
   00440    0.5950    -807.4547  0.2804 
   00441    0.6000    -813.8204  0.3066 
   00442    0.6125    -784.3198  0.3164 
   00443    0.6325    -748.6718  0.2976 
   00444    0.5850    -709.4685  0.3431 
   00445    0.6200    -719.7589  0.3513 
   00446    0.5600    -734.5043  0.3337 
   00447    0.5800    -769.2110  0.3699 
   00448    0.6225    -810.6591  0.3701 
   00449    0.5550    -819.3634  0.3709 
   00450    0.5700    -807.0690  0.3779 
   00451    0.6100    -762.7429  0.3848 
   00452    0.6475    -761.7333  0.3595 
   00453    0.6050    -750.8443  0.4043 
   00454    0.6525    -739.6384  0.3417 
   00455    0.5950    -722.8454  0.3973 
   00456    0.5975    -740.4061  0.3632 
   00457    0.6200    -750.1831  0.3405 
   00458    0.5900    -741.5273  0.3595 
   00459    0.5950    -729.1478  0.3442 
   00460    0.6125    -735.7049  0.3366 
   00461    0.6600    -740.0260  0.3713 
   00462    0.6300    -719.1719  0.3374 
   00463    0.6475    -741.4896  0.3700 
   00464    0.5825    -752.7459  0.3812 
   00465    0.6700    -760.5947  0.4070 
   00466    0.6275    -732.8196  0.4224 
   00467    0.6175    -759.1307  0.4211 
   00468    0.5925    -752.9480  0.3978 
   00469    0.6150    -794.0347  0.4223 
   00470    0.6300    -748.3671  0.4155 
   00471    0.6475    -758.1970  0.3953 
   00472    0.5925    -766.1128  0.3822 
   00473    0.6000    -766.6166  0.3543 
   00474    0.5925    -785.5173  0.4075 
   00475    0.5625    -821.0356  0.4233 
   00476    0.5575    -812.0203  0.3874 
   00477    0.6425    -788.2719  0.3597 
   00478    0.5825    -768.5794  0.3165 
   00479    0.6150    -726.8557  0.3325 
   00480    0.6500    -732.8260  0.3422 
   00481    0.6025    -763.1399  0.3947 
   00482    0.6075    -737.6272  0.3949 
   00483    0.6350    -736.1753  0.4055 
   00484    0.6275    -760.7282  0.4343 
   00485    0.6025    -764.4047  0.4216 
   00486    0.6075    -724.8427  0.3537 
   00487    0.6150    -771.5275  0.3754 
   00488    0.5950    -768.6105  0.4091 
   00489    0.6000    -781.5506  0.3881 
   00490    0.6325    -698.8015  0.3886 
   00491    0.6125    -770.3220  0.4039 
   00492    0.6325    -770.2128  0.3862 
   00493    0.6300    -780.6944  0.3620 
   00494    0.6400    -764.4807  0.3692 
   00495    0.6000    -760.5483  0.3152 
   00496    0.6025    -777.7899  0.3098 
   00497    0.6000    -781.4893  0.2614 
   00498    0.5950    -793.4857  0.2695 
   00499    0.5750    -767.2657  0.2785 
   00500    0.6300    -732.3664  0.2947 
   00501    0.6475    -752.9304  0.3580 
   00502    0.6325    -718.1673  0.3222 
   00503    0.6675    -696.2432  0.3003 
   00504    0.6375    -691.3065  0.2635 
   00505    0.6500    -696.2456  0.2839 
   00506    0.6400    -731.9710  0.2930 
   00507    0.6700    -781.3459  0.2872 
   00508    0.6275    -726.4095  0.2873 
   00509    0.6250    -695.0962  0.3195 
   00510    0.6775    -680.3735  0.3145 
   00511    0.6200    -680.3797  0.3471 
   00512    0.6775    -675.1865  0.3150 
   00513    0.6150    -710.3173  0.3158 
   00514    0.6500    -748.4775  0.2886 
   00515    0.6125    -728.1241  0.3087 
   00516    0.6250    -742.1858  0.2938 
   00517    0.6525    -760.8006  0.2890 
   00518    0.5725    -764.6148  0.2957 
   00519    0.6225    -790.0782  0.2799 
   00520    0.5875    -723.8138  0.2968 
   00521    0.6525    -662.8922  0.2612 
   00522    0.6325    -710.7212  0.3100 
   00523    0.6250    -744.7517  0.3195 
   00524    0.6450    -755.1508  0.3514 
   00525    0.6100    -791.1995  0.3800 
   00526    0.5900    -770.6207  0.3347 
   00527    0.5725    -754.6952  0.3527 
   00528    0.5900    -782.4604  0.3451 
   00529    0.6050    -787.0705  0.3510 
   00530    0.5850    -813.3221  0.3420 
   00531    0.5975    -813.1330  0.3817 
   00532    0.5850    -843.4628  0.3876 
   00533    0.5725    -824.5007  0.4037 
   00534    0.5675    -783.0336  0.3832 
   00535    0.6075    -739.1572  0.3609 
   00536    0.6075    -722.3505  0.3608 
   00537    0.6575    -701.6089  0.3871 
   00538    0.6675    -739.6281  0.3740 
   00539    0.6300    -766.2662  0.3785 
   00540    0.6225    -787.9917  0.3807 
   00541    0.5975    -790.0640  0.3666 
   00542    0.5975    -774.4543  0.3123 
   00543    0.6450    -734.1757  0.2873 
   00544    0.6100    -756.0435  0.2938 
   00545    0.5950    -771.4092  0.3093 
   00546    0.6100    -748.4653  0.3273 
   00547    0.6100    -750.0505  0.3340 
   00548    0.5975    -721.8665  0.3397 
   00549    0.6075    -729.4788  0.3341 
   00550    0.6475    -733.1038  0.3475 
   00551    0.6325    -751.2634  0.3138 
   00552    0.6400    -750.9843  0.3097 
   00553    0.6050    -720.5715  0.3123 
   00554    0.6500    -712.3542  0.2938 
   00555    0.6425    -698.5349  0.2982 
   00556    0.6500    -687.6644  0.2956 
   00557    0.6550    -730.8431  0.2860 
   00558    0.6950    -738.2366  0.2630 
   00559    0.6325    -750.6327  0.2896 
   00560    0.6725    -680.9754  0.3229 
   00561    0.6275    -687.2091  0.3481 
   00562    0.6450    -675.4076  0.3301 
   00563    0.6225    -705.7203  0.3715 
   00564    0.6475    -672.7509  0.3413 
   00565    0.6375    -695.2669  0.3241 
   00566    0.6575    -705.9711  0.2994 
   00567    0.6450    -745.1755  0.2861 
   00568    0.6575    -694.6558  0.2577 
   00569    0.6775    -666.4242  0.2699 
   00570    0.6700    -713.1248  0.3107 
   00571    0.5925    -761.1841  0.3122 
   00572    0.5925    -809.2778  0.2545 
   00573    0.6075    -725.1240  0.2778 
   00574    0.5925    -788.7848  0.2969 
   00575    0.6175    -794.9961  0.3261 
   00576    0.5700    -778.6187  0.3138 
   00577    0.6275    -742.7703  0.3006 
   00578    0.5925    -735.4998  0.3016 
   00579    0.6175    -728.5565  0.2899 
   00580    0.6675    -749.7752  0.2773 
   00581    0.6525    -739.7914  0.2812 
   00582    0.5975    -726.1912  0.3128 
   00583    0.6275    -775.0900  0.2905 
   00584    0.6300    -728.1045  0.2865 
   00585    0.6225    -716.6725  0.3254 
   00586    0.6425    -724.9743  0.3399 
   00587    0.6400    -751.3833  0.2841 
   00588    0.5850    -762.1084  0.3151 
   00589    0.6450    -770.2549  0.3187 
   00590    0.6250    -780.1040  0.3309 
   00591    0.6100    -717.8593  0.3426 
   00592    0.6725    -730.2587  0.3057 
   00593    0.6100    -751.5328  0.2955 
   00594    0.5950    -751.2133  0.3084 
   00595    0.6475    -737.4518  0.3155 
   00596    0.6450    -764.6952  0.3071 
   00597    0.5725    -783.3415  0.3083 
   00598    0.6150    -831.8992  0.3461 
   00599    0.5575    -849.9731  0.3420 
   00600    0.6200    -785.5571  0.3248 
   00601    0.5775    -744.3434  0.3126 
   00602    0.6375    -722.5320  0.2931 
   00603    0.6275    -745.9542  0.3046 
   00604    0.5875    -724.5663  0.2946 
   00605    0.5775    -703.7987  0.2639 
   00606    0.5775    -761.0547  0.2615 
   00607    0.6325    -719.3525  0.2839 
   00608    0.6425    -773.0264  0.2744 
   00609    0.6350    -788.8442  0.2874 
   00610    0.6250    -785.9507  0.3046 
   00611    0.6050    -779.9070  0.2619 
   00612    0.6250    -759.8071  0.2810 
   00613    0.6275    -769.1336  0.3187 
   00614    0.6125    -748.0063  0.3252 
   00615    0.5975    -782.8306  0.2875 
   00616    0.5700    -804.1152  0.2815 
   00617    0.6100    -791.3806  0.2906 
   00618    0.5800    -791.2390  0.3181 
   00619    0.5875    -788.8854  0.2972 
   00620    0.5525    -819.7569  0.3007 
   00621    0.5875    -782.8312  0.2807 
   00622    0.6300    -791.1746  0.3130 
   00623    0.6100    -734.8257  0.3504 
   00624    0.6475    -763.0682  0.4029 
   00625    0.5800    -791.1176  0.3884 
   00626    0.5875    -775.1723  0.4216 
   00627    0.6250    -774.8319  0.3996 
   00628    0.5925    -768.6458  0.3915 
   00629    0.6525    -769.5086  0.3898 
   00630    0.6325    -760.4384  0.4004 
   00631    0.5825    -732.5706  0.3707 
   00632    0.6175    -776.0784  0.3324 
   00633    0.6050    -799.0659  0.3580 
   00634    0.6000    -800.0919  0.3215 
   00635    0.5475    -776.9430  0.3069 
   00636    0.6175    -831.0270  0.3136 
   00637    0.5975    -799.6812  0.2895 
   00638    0.5900    -802.7130  0.3303 
   00639    0.5950    -752.1807  0.3143 
   00640    0.5875    -773.6772  0.3132 
   00641    0.6300    -794.4818  0.3042 
   00642    0.6200    -770.1831  0.3088 
   00643    0.6025    -759.0746  0.3002 
   00644    0.5825    -761.2373  0.2859 
   00645    0.6200    -825.3172  0.3362 
   00646    0.5600    -771.2735  0.3129 
   00647    0.5925    -766.9189  0.3189 
   00648    0.6125    -767.9936  0.2974 
   00649    0.5625    -811.0009  0.2724 
   00650    0.5800    -802.2061  0.2681 
   00651    0.6100    -797.1997  0.2922 
   00652    0.6150    -785.2536  0.3185 
   00653    0.5625    -804.9108  0.3053 
   00654    0.5925    -784.5278  0.3196 
   00655    0.5875    -734.3801  0.2806 
   00656    0.6375    -698.2516  0.3092 
   00657    0.6300    -749.3095  0.3214 
   00658    0.6575    -795.7209  0.3501 
   00659    0.6250    -746.3338  0.3383 
   00660    0.5600    -758.8505  0.3427 
   00661    0.6300    -703.6006  0.3130 
   00662    0.6275    -705.2242  0.3198 
   00663    0.6275    -706.5602  0.2730 
   00664    0.6475    -714.0972  0.3067 
   00665    0.5825    -756.7726  0.2895 
   00666    0.5825    -728.6836  0.2771 
   00667    0.5950    -711.1763  0.2852 
   00668    0.6325    -741.0747  0.2933 
   00669    0.5825    -801.2439  0.2927 
   00670    0.5750    -770.9021  0.2856 
   00671    0.6025    -782.5402  0.2733 
   00672    0.6500    -773.6489  0.3015 
   00673    0.6125    -754.9470  0.2733 
   00674    0.6425    -744.7002  0.2864 
   00675    0.6175    -726.5258  0.2867 
   00676    0.6450    -764.4763  0.2855 
   00677    0.5950    -799.4173  0.3384 
   00678    0.6100    -768.2396  0.3119 
   00679    0.6325    -739.7595  0.3484 
   00680    0.6075    -766.8609  0.3284 
   00681    0.6400    -718.5705  0.3464 
   00682    0.5975    -711.1227  0.2969 
   00683    0.6150    -744.2175  0.2970 
   00684    0.5950    -727.2350  0.3126 
   00685    0.6175    -791.7305  0.3258 
   00686    0.6575    -763.3467  0.3101 
   00687    0.5950    -729.2977  0.3431 
   00688    0.6550    -726.3287  0.3163 
   00689    0.6475    -693.1158  0.3256 
   00690    0.6325    -717.1057  0.3434 
   00691    0.6350    -707.0614  0.3691 
   00692    0.6250    -759.4253  0.3862 
   00693    0.6050    -781.4471  0.3435 
   00694    0.6250    -748.8580  0.3129 
   00695    0.6150    -780.5739  0.3284 
   00696    0.5900    -732.4416  0.2736 
   00697    0.6175    -748.1417  0.2996 
   00698    0.6375    -697.7731  0.2970 
   00699    0.6475    -737.1124  0.2737 
   00700    0.5975    -759.7864  0.2683 
   00701    0.5900    -790.1476  0.2788 
   00702    0.6025    -743.9422  0.2645 
   00703    0.6600    -702.0611  0.2875 
   00704    0.6275    -709.4312  0.2748 
   00705    0.6175    -710.6343  0.2603 
   00706    0.6375    -726.8318  0.3047 
   00707    0.6300    -678.6349  0.3317 
   00708    0.6625    -726.9425  0.3092 
   00709    0.6325    -760.0985  0.2702 
   00710    0.6000    -766.9006  0.2690 
   00711    0.5700    -773.1636  0.2629 
   00712    0.5775    -767.0505  0.3008 
   00713    0.6175    -752.7585  0.2716 
   00714    0.6200    -757.5205  0.3053 
   00715    0.6550    -787.4142  0.3808 
   00716    0.6100    -759.8776  0.3291 
   00717    0.6400    -779.1088  0.3031 
   00718    0.5650    -805.7712  0.3276 
   00719    0.6600    -720.1407  0.3397 
   00720    0.6050    -757.2526  0.3835 
   00721    0.5950    -813.2283  0.4159 
   00722    0.6000    -783.9558  0.4221 
   00723    0.5400    -787.1981  0.4348 
   00724    0.5825    -779.5811  0.4353 
   00725    0.5500    -781.9555  0.4213 
   00726    0.5975    -793.7206  0.4144 
   00727    0.6100    -765.8877  0.4268 
   00728    0.6575    -711.4274  0.4055 
   00729    0.5775    -753.8966  0.4256 
   00730    0.6275    -751.2172  0.3866 
   00731    0.6200    -771.8336  0.3910 
   00732    0.6300    -759.5592  0.3422 
   00733    0.5975    -768.7990  0.3294 
   00734    0.6275    -792.9993  0.3061 
   00735    0.6250    -766.1800  0.2700 
   00736    0.6375    -737.2335  0.3114 
   00737    0.6200    -734.5892  0.3163 
   00738    0.6175    -754.9493  0.3359 
   00739    0.5825    -803.8090  0.3452 
   00740    0.5925    -788.8134  0.3365 
   00741    0.5875    -787.6721  0.3074 
   00742    0.5850    -769.1906  0.2851 
   00743    0.6175    -769.6249  0.2947 
   00744    0.5775    -752.1259  0.3353 
   00745    0.6375    -772.7279  0.3417 
   00746    0.6200    -737.9432  0.3040 
   00747    0.6500    -773.3561  0.2697 
   00748    0.5975    -777.6775  0.2616 
   00749    0.5825    -817.7880  0.2856 
   00750    0.5400    -821.4202  0.3147 
   00751    0.5750    -827.0770  0.3020 
   00752    0.5775    -785.1499  0.2870 
   00753    0.6000    -779.1155  0.3533 
   00754    0.5975    -786.9931  0.3591 
   00755    0.6450    -797.0003  0.4127 
   00756    0.6075    -760.3013  0.3921 
   00757    0.6275    -759.5788  0.3467 
   00758    0.5600    -801.1437  0.3427 
   00759    0.6100    -760.8629  0.3421 
   00760    0.6050    -746.3965  0.2877 
   00761    0.6500    -729.1929  0.2608 
   00762    0.6375    -702.2579  0.3292 
   00763    0.6050    -696.5130  0.2972 
   00764    0.6450    -693.8004  0.3089 
   00765    0.6675    -764.3871  0.3087 
   00766    0.6275    -775.9769  0.3125 
   00767    0.6275    -772.9608  0.3306 
   00768    0.5550    -784.2772  0.3343 
   00769    0.6200    -751.2541  0.3418 
   00770    0.6050    -755.7430  0.3622 
   00771    0.6425    -727.4023  0.4191 
   00772    0.6350    -722.5816  0.4252 
   00773    0.6300    -722.9806  0.4423 
   00774    0.6025    -740.3884  0.4327 
   00775    0.6450    -725.4958  0.4194 
   00776    0.6450    -695.3878  0.4469 
   00777    0.6300    -721.1129  0.4043 
   00778    0.5650    -740.8569  0.4002 
   00779    0.6250    -759.3108  0.3730 
   00780    0.6475    -737.6904  0.3175 
   00781    0.5975    -731.0764  0.2867 
   00782    0.6625    -770.3198  0.2958 
   00783    0.6250    -750.9876  0.2679 
   00784    0.6000    -754.5143  0.2527 
   00785    0.5900    -783.9675  0.2582 
   00786    0.6525    -760.1772  0.2644 
   00787    0.6100    -755.4470  0.3021 
   00788    0.5975    -744.1862  0.3204 
   00789    0.6075    -739.2027  0.3414 
   00790    0.5700    -731.7844  0.3607 
   00791    0.6600    -756.4873  0.3431 
   00792    0.6400    -774.9227  0.3188 
   00793    0.5950    -740.8345  0.3133 
   00794    0.6125    -744.8027  0.2929 
   00795    0.6375    -752.8005  0.3371 
   00796    0.6225    -771.9032  0.3173 
   00797    0.6100    -801.4957  0.2998 
   00798    0.6150    -747.1187  0.3208 
   00799    0.6200    -742.0744  0.3275 
   00800    0.6300    -756.6909  0.2907 
   00801    0.5825    -743.3298  0.3088 
   00802    0.6050    -770.1662  0.3257 
   00803    0.5950    -730.1327  0.3103 
   00804    0.6150    -738.9519  0.3077 
   00805    0.5650    -759.1680  0.2835 
   00806    0.5825    -757.5557  0.2527 
   00807    0.5950    -725.6172  0.2769 
   00808    0.5850    -750.9552  0.2848 
   00809    0.6100    -752.4345  0.2636 
   00810    0.6275    -751.2760  0.2851 
   00811    0.6025    -764.6213  0.2791 
   00812    0.6525    -731.9936  0.2975 
   00813    0.6750    -745.7274  0.2939 
   00814    0.5875    -727.2254  0.3476 
   00815    0.6375    -732.3176  0.3503 
   00816    0.6775    -721.0712  0.3489 
   00817    0.6400    -679.6920  0.3497 
   00818    0.6200    -656.4072  0.3260 
   00819    0.6350    -650.6593  0.3101 
   00820    0.6525    -684.7202  0.3085 
   00821    0.6550    -679.0724  0.2922 
   00822    0.6450    -731.8609  0.2908 
   00823    0.6825    -736.5035  0.3005 
   00824    0.6100    -747.2575  0.3268 
   00825    0.6050    -766.7866  0.3633 
   00826    0.5825    -751.2202  0.3770 
   00827    0.6525    -779.7942  0.3513 
   00828    0.5700    -778.5455  0.3335 
   00829    0.6050    -772.5243  0.3379 
   00830    0.6025    -753.7874  0.3690 
   00831    0.5800    -719.0293  0.3728 
   00832    0.6250    -730.7526  0.3810 
   00833    0.6125    -716.2187  0.3766 
   00834    0.6150    -713.9519  0.3282 
   00835    0.6050    -734.3449  0.3496 
   00836    0.6075    -748.7816  0.3639 
   00837    0.5475    -798.2372  0.3998 
   00838    0.6250    -765.5727  0.4123 
   00839    0.6025    -773.0897  0.4291 
   00840    0.5750    -759.0163  0.3659 
   00841    0.5700    -779.4281  0.3565 
   00842    0.6300    -771.9290  0.3489 
   00843    0.5850    -749.3195  0.3632 
   00844    0.5750    -783.8255  0.3798 
   00845    0.5950    -764.1670  0.3556 
   00846    0.5750    -786.3839  0.3382 
   00847    0.6050    -774.4224  0.3818 
   00848    0.5975    -723.4765  0.3601 
   00849    0.6350    -703.6433  0.3662 
   00850    0.6275    -714.5628  0.3698 
   00851    0.6300    -787.2686  0.3472 
   00852    0.5900    -748.4818  0.3167 
   00853    0.6425    -743.6945  0.2887 
   00854    0.5900    -760.2328  0.2793 
   00855    0.6375    -746.3063  0.2643 
   00856    0.6625    -720.4624  0.2690 
   00857    0.6725    -682.5407  0.2841 
   00858    0.6400    -660.1726  0.3247 
   00859    0.6600    -680.5671  0.2933 
   00860    0.6950    -716.7797  0.2891 
   00861    0.6325    -753.0406  0.2809 
   00862    0.6400    -752.6062  0.2956 
   00863    0.6150    -713.1989  0.3072 
   00864    0.5900    -712.1368  0.3030 
   00865    0.6525    -711.4225  0.2759 
   00866    0.6600    -704.3293  0.3140 
   00867    0.6400    -702.0209  0.3218 
   00868    0.6125    -708.2672  0.3070 
   00869    0.6425    -745.8734  0.2959 
   00870    0.6125    -700.2909  0.3174 
   00871    0.6600    -698.0883  0.2758 
   00872    0.6250    -717.2090  0.2699 
   00873    0.6100    -709.4820  0.3092 
   00874    0.6050    -737.0993  0.3249 
   00875    0.6200    -721.2863  0.3368 
   00876    0.5975    -741.9327  0.3394 
   00877    0.6000    -726.9871  0.3232 
   00878    0.6025    -714.6677  0.3044 
   00879    0.6475    -715.6161  0.2931 
   00880    0.6175    -709.2766  0.3121 
   00881    0.6300    -736.5396  0.3024 
   00882    0.6225    -755.0197  0.2558 
   00883    0.6175    -752.8051  0.2738 
   00884    0.6700    -763.8710  0.2651 
   00885    0.6325    -774.9004  0.2937 
   00886    0.6225    -731.1840  0.3058 
   00887    0.6125    -726.6026  0.3378 
   00888    0.6425    -728.3330  0.3685 
   00889    0.6525    -731.0617  0.3106 
   00890    0.6300    -734.3597  0.3226 
   00891    0.6775    -724.7725  0.3516 
   00892    0.6525    -721.2106  0.3246 
   00893    0.6925    -704.2961  0.3512 
   00894    0.6175    -686.4554  0.3527 
   00895    0.6750    -712.5725  0.3405 
   00896    0.6050    -741.1005  0.3501 
   00897    0.5975    -756.9520  0.3406 
   00898    0.6075    -711.8491  0.3543 
   00899    0.6200    -752.2385  0.3477 
   00900    0.6075    -739.2494  0.3271 
   00901    0.6425    -738.5045  0.3304 
   00902    0.6375    -748.2210  0.3322 
   00903    0.6225    -779.8735  0.3036 
   00904    0.5950    -744.2330  0.3269 
   00905    0.5925    -737.8989  0.3306 
   00906    0.6025    -755.6143  0.3385 
   00907    0.6025    -753.5663  0.3471 
   00908    0.6250    -792.7803  0.3461 
   00909    0.6200    -764.5497  0.3478 
   00910    0.6100    -756.3783  0.3337 
   00911    0.6100    -773.3586  0.2865 
   00912    0.6275    -738.0941  0.2660 
   00913    0.6525    -745.4935  0.2826 
   00914    0.6575    -754.8594  0.2849 
   00915    0.5975    -727.0295  0.3183 
   00916    0.6475    -786.0787  0.3368 
   00917    0.5850    -794.5781  0.3584 
   00918    0.5925    -758.0429  0.3538 
   00919    0.6200    -774.7171  0.3396 
   00920    0.6500    -780.1332  0.3483 
   00921    0.5725    -791.0124  0.3611 
   00922    0.5400    -796.5107  0.3595 
   00923    0.6075    -784.0962  0.3592 
   00924    0.6050    -789.1190  0.3364 
   00925    0.6200    -792.2741  0.3443 
   00926    0.6575    -738.8059  0.3246 
   00927    0.6150    -747.5289  0.3404 
   00928    0.6150    -751.5759  0.3045 
   00929    0.6225    -728.9086  0.3053 
   00930    0.5875    -691.8409  0.3382 
   00931    0.6200    -688.4828  0.2866 
   00932    0.6225    -699.9147  0.2777 
   00933    0.6275    -722.0314  0.2801 
   00934    0.6350    -732.4635  0.2807 
   00935    0.6275    -685.1261  0.3170 
   00936    0.6350    -751.7448  0.3200 
   00937    0.6275    -738.1709  0.3376 
   00938    0.6000    -716.3383  0.3724 
   00939    0.5850    -717.0054  0.3802 
   00940    0.6075    -740.8246  0.3869 
   00941    0.6075    -701.6494  0.3917 
   00942    0.6225    -706.4648  0.4075 
   00943    0.6700    -728.1721  0.4642 
   00944    0.6225    -718.4309  0.4437 
   00945    0.6125    -761.8675  0.4801 
   00946    0.6300    -767.5644  0.4456 
   00947    0.5875    -768.8577  0.4486 
   00948    0.6075    -768.7051  0.4391 
   00949    0.6150    -761.5953  0.4080 
   00950    0.5800    -770.2604  0.3884 
   00951    0.6125    -745.7177  0.4023 
   00952    0.6075    -763.7205  0.3774 
   00953    0.6525    -762.5326  0.3918 
   00954    0.6475    -711.4398  0.4017 
   00955    0.6025    -755.3797  0.3689 
   00956    0.6550    -733.4065  0.3935 
   00957    0.6725    -712.8197  0.3650 
   00958    0.6225    -755.5567  0.4070 
   00959    0.6400    -722.8161  0.3870 
   00960    0.6025    -743.5033  0.3651 
   00961    0.6150    -741.2702  0.3686 
   00962    0.6325    -738.0802  0.3820 
   00963    0.6025    -730.8643  0.3140 
   00964    0.6575    -672.8845  0.3062 
   00965    0.6450    -748.6494  0.3140 
   00966    0.6325    -744.8219  0.3198 
   00967    0.6275    -720.8833  0.3144 
   00968    0.6375    -693.4633  0.3092 
   00969    0.6150    -706.3541  0.3429 
   00970    0.5975    -740.0706  0.3288 
   00971    0.5750    -707.1676  0.3242 
   00972    0.6250    -706.4068  0.3276 
   00973    0.6275    -712.0655  0.3360 
   00974    0.6400    -747.4762  0.3644 
   00975    0.5975    -767.3703  0.3282 
   00976    0.6150    -730.1938  0.3050 
   00977    0.5850    -762.8744  0.2890 
   00978    0.5775    -759.6882  0.2705 
   00979    0.5750    -736.0504  0.2683 
   00980    0.6300    -740.5787  0.2752 
   00981    0.6025    -664.0264  0.2666 
   00982    0.6325    -694.0936  0.2788 
   00983    0.6325    -723.6041  0.3373 
   00984    0.6325    -720.3100  0.3473 
   00985    0.6275    -723.6892  0.3564 
   00986    0.6975    -711.8032  0.3572 
   00987    0.6225    -762.1411  0.3816 
   00988    0.6250    -761.0585  0.3751 
   00989    0.6425    -778.9242  0.3544 
   00990    0.6075    -751.5960  0.3611 
   00991    0.6425    -737.0262  0.3448 
   00992    0.6075    -754.0213  0.3777 
   00993    0.6200    -711.6554  0.3370 
   00994    0.5850    -724.4067  0.3456 
   00995    0.5850    -768.4027  0.3895 
   00996    0.6400    -760.1205  0.3423 
   00997    0.5925    -767.5107  0.3477 
   00998    0.6350    -726.6917  0.3478 
   00999    0.6000    -719.2055  0.3627 
   01000    0.6175    -740.9478  0.3909 
