#=====================================================
# File created:        Mon-06-Nov-2023-at-10-50-05AM
# Size of lattice:     20x20
# Number of MC steps:  1000
# Reduced temperature: 1.000
# Run time (s):        10.281897
#=====================================================
# MC step:  Ratio:     Energy:   Order:
#=====================================================
   00000    0.5000    -403.4025  0.2671 
   00001    0.5600    -458.3064  0.2633 
   00002    0.5300    -488.6033  0.2824 
   00003    0.5300    -521.3246  0.2929 
   00004    0.5600    -544.8820  0.2763 
   00005    0.4800    -580.3379  0.2662 
   00006    0.4400    -615.6647  0.2605 
   00007    0.4800    -630.6675  0.2768 
   00008    0.5600    -656.4997  0.2644 
   00009    0.4800    -679.5426  0.2671 
   00010    0.4200    -691.2832  0.2742 
   00011    0.4400    -697.8108  0.2777 
   00012    0.5200    -698.7078  0.2907 
   00013    0.4800    -724.7892  0.2922 
   00014    0.4100    -726.0431  0.3042 
   00015    0.4100    -725.4534  0.2823 
   00016    0.5200    -746.2135  0.2720 
   00017    0.4900    -776.3179  0.2752 
   00018    0.5100    -808.6118  0.2828 
   00019    0.4800    -817.2193  0.3007 
   00020    0.4600    -802.4083  0.2915 
   00021    0.5000    -803.1686  0.3032 
   00022    0.4200    -826.5152  0.2896 
   00023    0.4800    -805.1313  0.3082 
   00024    0.3700    -791.5968  0.3162 
   00025    0.4800    -796.8216  0.3101 
   00026    0.5000    -801.3941  0.3145 
   00027    0.5200    -812.4571  0.3236 
   00028    0.4600    -812.0214  0.3231 
   00029    0.4200    -803.6359  0.3203 
   00030    0.4500    -809.3179  0.3227 
   00031    0.3600    -829.7334  0.3079 
   00032    0.3800    -853.3776  0.3158 
   00033    0.4000    -849.5861  0.2960 
   00034    0.4000    -864.9794  0.2975 
   00035    0.4100    -850.2825  0.3094 
   00036    0.4200    -859.8006  0.3127 
   00037    0.4500    -857.1246  0.2978 
   00038    0.4000    -859.6661  0.3018 
   00039    0.4500    -854.1085  0.2844 
   00040    0.4000    -852.4578  0.2850 
   00041    0.5300    -846.7541  0.2688 
   00042    0.3500    -857.9996  0.2794 
   00043    0.4100    -859.1727  0.2935 
   00044    0.4800    -851.0876  0.2932 
   00045    0.4600    -881.1694  0.3019 
   00046    0.4200    -885.0323  0.3137 
   00047    0.4300    -893.2577  0.3131 
   00048    0.3300    -887.6139  0.3081 
   00049    0.3800    -882.6936  0.2920 
   00050    0.5300    -880.7611  0.2887 
   00051    0.4500    -890.2972  0.2760 
   00052    0.3400    -873.4762  0.2757 
   00053    0.3600    -880.5874  0.2787 
   00054    0.3600    -903.3920  0.2653 
   00055    0.4200    -900.9617  0.2594 
   00056    0.3400    -896.1644  0.2760 
   00057    0.4400    -912.0202  0.2871 
   00058    0.3900    -918.7551  0.2914 
   00059    0.3300    -915.9156  0.2904 
   00060    0.4000    -918.8804  0.2928 
   00061    0.3900    -924.2781  0.2917 
   00062    0.4300    -917.4173  0.2837 
   00063    0.3200    -936.0434  0.2986 
   00064    0.3900    -938.0655  0.3078 
   00065    0.4000    -939.0920  0.3054 
   00066    0.3200    -948.4095  0.3116 
   00067    0.3600    -951.6827  0.3082 
   00068    0.3800    -947.2833  0.3164 
   00069    0.3300    -953.9008  0.3099 
   00070    0.5300    -952.3856  0.3143 
   00071    0.4100    -941.8224  0.3058 
   00072    0.3800    -938.3743  0.3061 
   00073    0.4200    -938.4384  0.3117 
   00074    0.4200    -950.0041  0.2987 
   00075    0.4200    -939.5749  0.2789 
   00076    0.3800    -922.9033  0.2964 
   00077    0.4500    -946.0555  0.2929 
   00078    0.4300    -969.6674  0.3029 
   00079    0.4400    -975.9437  0.3064 
   00080    0.4300    -986.7766  0.3065 
   00081    0.3400    -974.9869  0.3075 
   00082    0.3400    -982.2778  0.2984 
   00083    0.3900    -967.9335  0.3000 
   00084    0.3800    -953.6331  0.2896 
   00085    0.4000    -941.4919  0.2868 
   00086    0.3900    -946.5478  0.3002 
   00087    0.3300    -933.9451  0.3161 
   00088    0.3700    -926.7624  0.3107 
   00089    0.3100    -926.4508  0.3040 
   00090    0.3900    -943.2380  0.3145 
   00091    0.3900    -921.5694  0.3264 
   00092    0.4000    -929.0366  0.3286 
   00093    0.3700    -934.1802  0.3256 
   00094    0.5000    -923.0202  0.3068 
   00095    0.4500    -939.0210  0.3136 
   00096    0.3900    -940.4706  0.3235 
   00097    0.3800    -935.6732  0.3340 
   00098    0.4200    -938.3658  0.3311 
   00099    0.4400    -955.2401  0.3177 
   00100    0.3700    -954.7624  0.3029 
   00101    0.4200    -953.5246  0.2976 
   00102    0.4600    -942.8478  0.3045 
   00103    0.3300    -932.8155  0.3184 
   00104    0.3900    -915.7250  0.3115 
   00105    0.3700    -918.7243  0.3188 
   00106    0.3800    -915.5069  0.3210 
   00107    0.3600    -927.6093  0.3087 
   00108    0.3900    -924.8492  0.3213 
   00109    0.4500    -923.5734  0.3118 
   00110    0.4000    -927.8271  0.3108 
   00111    0.3900    -908.2748  0.3189 
   00112    0.3700    -903.0749  0.3174 
   00113    0.4200    -916.9693  0.3212 
   00114    0.3200    -929.3698  0.3145 
   00115    0.3600    -930.5301  0.3068 
   00116    0.4100    -948.1802  0.3120 
   00117    0.3600    -938.6649  0.3096 
   00118    0.3500    -950.2165  0.2990 
   00119    0.3400    -946.6507  0.3009 
   00120    0.4500    -936.5401  0.2846 
   00121    0.3400    -924.3235  0.2995 
   00122    0.3600    -905.9405  0.3045 
   00123    0.3600    -925.2584  0.3071 
   00124    0.4000    -941.8717  0.2957 
   00125    0.3300    -938.6242  0.2909 
   00126    0.4400    -906.5157  0.2791 
   00127    0.3900    -895.9644  0.2845 
   00128    0.3000    -894.5896  0.2818 
   00129    0.4700    -875.1802  0.2731 
   00130    0.4100    -883.1811  0.2705 
   00131    0.3600    -892.3974  0.2699 
   00132    0.4800    -907.1582  0.2869 
   00133    0.4200    -924.3766  0.3028 
   00134    0.4400    -916.2068  0.3058 
   00135    0.3700    -935.9810  0.2924 
   00136    0.3200    -928.2462  0.2895 
   00137    0.5000    -944.0816  0.3063 
   00138    0.4200    -945.7793  0.3039 
   00139    0.3700    -936.2319  0.3012 
   00140    0.4400    -919.2290  0.2915 
   00141    0.4400    -920.8920  0.3005 
   00142    0.4300    -916.2376  0.3111 
   00143    0.4500    -904.5442  0.3035 
   00144    0.4400    -911.7299  0.3050 
   00145    0.4000    -897.4361  0.3074 
   00146    0.5000    -899.3261  0.3133 
   00147    0.5100    -905.1224  0.3140 
   00148    0.3800    -891.9960  0.3060 
   00149    0.4300    -885.6664  0.3152 
   00150    0.4200    -887.5225  0.3300 
   00151    0.4600    -894.6165  0.3198 
   00152    0.4900    -883.9902  0.3261 
   00153    0.4100    -883.0536  0.3376 
   00154    0.4400    -858.1109  0.3389 
   00155    0.4400    -849.0445  0.3583 
   00156    0.4300    -845.6437  0.3421 
   00157    0.3800    -857.4605  0.3439 
   00158    0.3600    -851.3028  0.3402 
   00159    0.3600    -855.9682  0.3409 
   00160    0.4900    -858.0519  0.3255 
   00161    0.4400    -862.6871  0.3251 
   00162    0.3000    -865.8921  0.3287 
   00163    0.4500    -865.1143  0.3391 
   00164    0.4300    -872.9939  0.3269 
   00165    0.5000    -872.4052  0.3325 
   00166    0.4200    -882.8843  0.3402 
   00167    0.4100    -898.9119  0.3426 
   00168    0.4100    -893.3274  0.3564 
   00169    0.3300    -889.9175  0.3677 
   00170    0.4400    -887.5774  0.3926 
   00171    0.4100    -894.2651  0.3803 
   00172    0.4700    -897.5020  0.3839 
   00173    0.3800    -926.6509  0.3819 
   00174    0.4100    -941.1989  0.3867 
   00175    0.3700    -953.8577  0.3772 
   00176    0.3000    -949.8207  0.3626 
   00177    0.4200    -927.7704  0.3656 
   00178    0.4900    -913.5151  0.3732 
   00179    0.3600    -905.8543  0.3772 
   00180    0.5000    -916.0050  0.3831 
   00181    0.4000    -892.2247  0.3684 
   00182    0.4100    -890.4609  0.3447 
   00183    0.4400    -890.0093  0.3469 
   00184    0.3900    -918.6295  0.3605 
   00185    0.4000    -906.6427  0.3668 
   00186    0.4800    -923.4733  0.3483 
   00187    0.4300    -901.4736  0.3420 
   00188    0.3900    -905.7401  0.3451 
   00189    0.4300    -908.5916  0.3389 
   00190    0.4700    -899.8640  0.3558 
   00191    0.3700    -906.5098  0.3582 
   00192    0.4100    -903.5302  0.3597 
   00193    0.3800    -882.1235  0.3688 
   00194    0.3800    -891.0373  0.3613 
   00195    0.4300    -914.0933  0.3602 
   00196    0.4100    -910.1870  0.3518 
   00197    0.3600    -907.3854  0.3381 
   00198    0.3500    -914.4842  0.3387 
   00199    0.4000    -917.6021  0.3403 
   00200    0.3900    -915.4917  0.3485 
   00201    0.4400    -917.0196  0.3545 
   00202    0.3600    -920.5067  0.3550 
   00203    0.3800    -917.8035  0.3625 
   00204    0.4000    -911.7161  0.3606 
   00205    0.4000    -906.9060  0.3634 
   00206    0.3700    -918.1007  0.3682 
   00207    0.2900    -914.6878  0.3788 
   00208    0.3800    -905.1016  0.3806 
   00209    0.3900    -894.6424  0.3896 
   00210    0.4000    -908.3619  0.3970 
   00211    0.4200    -917.5852  0.3933 
   00212    0.3700    -923.6420  0.3858 
   00213    0.4200    -942.8057  0.3795 
   00214    0.4400    -928.1986  0.3901 
   00215    0.4100    -928.2241  0.4038 
   00216    0.3900    -921.9731  0.4005 
   00217    0.4200    -929.0536  0.4145 
   00218    0.4400    -926.4143  0.4277 
   00219    0.3300    -930.3605  0.4274 
   00220    0.3800    -908.3859  0.4341 
   00221    0.4000    -907.7699  0.4319 
   00222    0.4000    -916.1365  0.4380 
   00223    0.4700    -921.2688  0.4423 
   00224    0.3800    -912.0943  0.4496 
   00225    0.4500    -905.7153  0.4387 
   00226    0.5100    -920.8082  0.4420 
   00227    0.4200    -902.0839  0.4677 
   00228    0.3000    -924.2956  0.4677 
   00229    0.4300    -918.5743  0.4752 
   00230    0.4400    -896.9257  0.4692 
   00231    0.4300    -900.8932  0.4813 
   00232    0.4700    -904.2091  0.4836 
   00233    0.3200    -899.0864  0.4906 
   00234    0.4000    -884.0295  0.4848 
   00235    0.3000    -895.0676  0.4755 
   00236    0.3700    -909.6404  0.4809 
   00237    0.3600    -910.9581  0.4643 
   00238    0.3700    -919.0028  0.4693 
   00239    0.4200    -924.0399  0.4740 
   00240    0.4100    -929.1302  0.4642 
   00241    0.3000    -930.1999  0.4569 
   00242    0.4300    -943.3954  0.4445 
   00243    0.3600    -940.4920  0.4437 
   00244    0.3800    -951.4218  0.4370 
   00245    0.4400    -927.6960  0.4348 
   00246    0.4500    -935.4047  0.4464 
   00247    0.3900    -929.7407  0.4530 
   00248    0.3700    -950.6268  0.4514 
   00249    0.4200    -948.2466  0.4392 
   00250    0.3900    -942.8108  0.4298 
   00251    0.3700    -934.2477  0.4410 
   00252    0.4100    -940.8840  0.4525 
   00253    0.3300    -952.4666  0.4508 
   00254    0.3500    -963.6098  0.4602 
   00255    0.3600    -961.9436  0.4513 
   00256    0.3300    -967.3266  0.4525 
   00257    0.3700    -947.5720  0.4289 
   00258    0.3900    -934.0623  0.4354 
   00259    0.3500    -923.4589  0.4270 
   00260    0.3600    -951.7322  0.4350 
   00261    0.3700    -946.2654  0.4205 
   00262    0.3600    -959.7032  0.4230 
   00263    0.3700    -980.1237  0.4343 
   00264    0.3600    -973.5139  0.4423 
   00265    0.4100    -969.5262  0.4434 
   00266    0.2700    -971.8477  0.4388 
   00267    0.3900    -956.8249  0.4401 
   00268    0.2800    -957.2309  0.4424 
   00269    0.4100    -961.4864  0.4526 
   00270    0.3300    -970.7965  0.4494 
   00271    0.3600    -977.8942  0.4533 
   00272    0.3800    -985.4600  0.4442 
   00273    0.3800    -985.8102  0.4310 
   00274    0.4000    -984.4994  0.4280 
   00275    0.4100    -966.4200  0.4439 
   00276    0.4000    -981.2307  0.4476 
   00277    0.4400    -985.3762  0.4515 
   00278    0.4200    -974.7428  0.4393 
   00279    0.4100    -969.5833  0.4200 
   00280    0.3500    -975.3795  0.4101 
   00281    0.4100    -972.1415  0.4078 
   00282    0.3500    -974.5871  0.4070 
   00283    0.4900    -954.7697  0.4061 
   00284    0.3900    -951.4143  0.4101 
   00285    0.4000    -962.0845  0.4094 
   00286    0.4500    -952.5528  0.4100 
   00287    0.3200    -934.4623  0.4055 
   00288    0.4500    -944.8973  0.4289 
   00289    0.4800    -956.9760  0.4373 
   00290    0.4300    -959.7880  0.4381 
   00291    0.3500    -966.0993  0.4348 
   00292    0.3700    -955.0017  0.4274 
   00293    0.3300    -964.0026  0.4273 
   00294    0.3900    -944.8234  0.4211 
   00295    0.4100    -947.7798  0.4168 
   00296    0.3200    -924.9303  0.4138 
   00297    0.3700    -924.6761  0.3990 
   00298    0.3900    -915.9148  0.3825 
   00299    0.4300    -917.8091  0.3806 
   00300    0.4400    -938.4564  0.3931 
   00301    0.4200    -951.0207  0.3848 
   00302    0.4000    -953.3446  0.3763 
   00303    0.3900    -937.6885  0.3981 
   00304    0.4000    -951.2899  0.4026 
   00305    0.4100    -945.0676  0.3958 
   00306    0.3600    -969.9377  0.4000 
   00307    0.3900    -976.7306  0.4104 
   00308    0.3900    -971.0040  0.4075 
   00309    0.4200    -970.3399  0.4128 
   00310    0.4000    -993.2810  0.4139 
   00311    0.4200    -974.3246  0.4218 
   00312    0.4100    -971.9577  0.4297 
   00313    0.4500    -977.0326  0.4299 
   00314    0.3600    -982.9195  0.4192 
   00315    0.3300    -968.9596  0.4207 
   00316    0.3800    -976.3019  0.4201 
   00317    0.4400    -969.3935  0.4243 
   00318    0.3600    -964.6929  0.4231 
   00319    0.3400    -955.0604  0.4127 
   00320    0.4400    -958.7080  0.4016 
   00321    0.4100    -957.0951  0.4003 
   00322    0.3500    -979.3662  0.4064 
   00323    0.4300    -987.2234  0.4217 
   00324    0.3800    -995.0250  0.4275 
   00325    0.3800   -1001.9768  0.4339 
   00326    0.3800    -986.2789  0.4402 
   00327    0.4000    -968.9559  0.4348 
   00328    0.4400    -950.1584  0.4482 
   00329    0.3900    -945.3931  0.4360 
   00330    0.3600    -934.1806  0.4387 
   00331    0.3800    -927.7112  0.4414 
   00332    0.4300    -951.8940  0.4336 
   00333    0.4500    -952.1247  0.4396 
   00334    0.4800    -931.3603  0.4285 
   00335    0.3700    -928.1403  0.4385 
   00336    0.4100    -933.7101  0.4401 
   00337    0.3800    -931.2374  0.4351 
   00338    0.3500    -933.8254  0.4309 
   00339    0.3600    -936.3764  0.4377 
   00340    0.3700    -931.9687  0.4326 
   00341    0.4100    -917.3492  0.4259 
   00342    0.3300    -933.1537  0.4307 
   00343    0.5100    -942.2359  0.4430 
   00344    0.3400    -954.4360  0.4596 
   00345    0.3300    -974.0544  0.4699 
   00346    0.4400    -958.0758  0.4693 
   00347    0.3400    -955.6980  0.4743 
   00348    0.3900    -954.2562  0.4740 
   00349    0.3300    -947.5652  0.4730 
   00350    0.4100    -943.5657  0.4811 
   00351    0.3500    -948.7387  0.4676 
   00352    0.4600    -955.3338  0.4703 
   00353    0.4200    -957.8323  0.4648 
   00354    0.3400    -954.1883  0.4722 
   00355    0.3800    -952.0738  0.4778 
   00356    0.3600    -961.8713  0.4870 
   00357    0.4400    -928.2353  0.4789 
   00358    0.3600    -930.8426  0.4723 
   00359    0.3800    -934.7323  0.4696 
   00360    0.3600    -950.3211  0.4790 
   00361    0.4700    -939.2070  0.4808 
   00362    0.3300    -946.3275  0.4829 
   00363    0.4200    -960.8152  0.4881 
   00364    0.4100    -965.7533  0.4792 
   00365    0.4400    -947.5000  0.4715 
   00366    0.4200    -938.6326  0.4752 
   00367    0.4300    -928.0468  0.4826 
   00368    0.3500    -949.7040  0.5002 
   00369    0.4700    -961.3409  0.5151 
   00370    0.4100    -957.5719  0.5080 
   00371    0.5100    -949.9927  0.4973 
   00372    0.3400    -960.4105  0.5025 
   00373    0.3900    -965.8384  0.4988 
   00374    0.2500    -964.5304  0.5016 
   00375    0.3300    -963.0876  0.4947 
   00376    0.3600    -961.1463  0.5054 
   00377    0.3900    -940.3060  0.4909 
   00378    0.3600    -951.0124  0.4855 
   00379    0.4100    -938.1863  0.4682 
   00380    0.3400    -939.2197  0.4595 
   00381    0.4200    -918.4629  0.4550 
   00382    0.4500    -941.8570  0.4429 
   00383    0.2900    -947.1660  0.4568 
   00384    0.4000    -943.6803  0.4691 
   00385    0.3500    -927.1378  0.4622 
   00386    0.3500    -932.0356  0.4547 
   00387    0.3500    -927.8017  0.4465 
   00388    0.3800    -923.3737  0.4464 
   00389    0.3700    -933.5769  0.4440 
   00390    0.4100    -930.0980  0.4466 
   00391    0.4500    -933.7170  0.4638 
   00392    0.3600    -929.6757  0.4585 
   00393    0.4100    -934.8006  0.4661 
   00394    0.4200    -938.5811  0.4752 
   00395    0.3800    -938.0779  0.4795 
   00396    0.3900    -938.4366  0.4747 
   00397    0.4400    -944.8927  0.4621 
   00398    0.3300    -945.4748  0.4575 
   00399    0.4600    -956.0908  0.4711 
   00400    0.3400    -962.7848  0.4805 
   00401    0.4100    -978.4249  0.4890 
   00402    0.3400    -983.9530  0.4769 
   00403    0.3500    -975.2526  0.4716 
   00404    0.3900    -975.5476  0.4673 
   00405    0.3600    -969.0473  0.4606 
   00406    0.3500    -973.9834  0.4643 
   00407    0.3900    -963.9997  0.4476 
   00408    0.4100    -969.3778  0.4498 
   00409    0.3000    -991.3972  0.4509 
   00410    0.3600    -987.4412  0.4598 
   00411    0.4500    -990.7387  0.4613 
   00412    0.3900    -980.5013  0.4575 
   00413    0.4000    -972.9793  0.4617 
   00414    0.3400    -986.0248  0.4664 
   00415    0.3900    -968.5012  0.4620 
   00416    0.4100    -985.0699  0.4733 
   00417    0.4100    -981.9483  0.4690 
   00418    0.3500    -961.3521  0.4741 
   00419    0.4100    -953.7355  0.4624 
   00420    0.4800    -949.1104  0.4705 
   00421    0.4200    -963.7376  0.4705 
   00422    0.3800    -957.4369  0.4750 
   00423    0.3700    -951.7624  0.4883 
   00424    0.3900    -945.1094  0.4965 
   00425    0.4000    -948.1115  0.4771 
   00426    0.4100    -947.6845  0.4902 
   00427    0.4300    -969.4081  0.5085 
   00428    0.4200    -982.0951  0.5010 
   00429    0.2800    -985.5900  0.5074 
   00430    0.4700   -1000.7954  0.5122 
   00431    0.2800    -999.3124  0.5106 
   00432    0.3200   -1004.7204  0.5109 
   00433    0.3100   -1022.3143  0.5171 
   00434    0.3400   -1011.8516  0.5271 
   00435    0.3700   -1010.3580  0.5191 
   00436    0.4100    -990.3773  0.5191 
   00437    0.3800    -995.9062  0.5140 
   00438    0.4000   -1001.8072  0.5191 
   00439    0.3900   -1006.4296  0.5058 
   00440    0.3300   -1028.2145  0.5088 
   00441    0.3200   -1036.5837  0.5167 
   00442    0.4100   -1023.9671  0.5265 
   00443    0.3600   -1017.0695  0.5102 
   00444    0.3700    -986.8177  0.4980 
   00445    0.4400    -980.7927  0.4891 
   00446    0.4400    -985.1926  0.4819 
   00447    0.3400    -996.6603  0.4987 
   00448    0.3900   -1006.9766  0.5114 
   00449    0.4500   -1006.3984  0.5198 
   00450    0.3900    -998.9093  0.5291 
   00451    0.3800   -1008.0028  0.5263 
   00452    0.4300   -1006.2270  0.5389 
   00453    0.4700   -1003.1078  0.5364 
   00454    0.3600    -990.1558  0.5302 
   00455    0.4100    -990.5178  0.5324 
   00456    0.3300    -987.7512  0.5319 
   00457    0.3800    -986.2227  0.5381 
   00458    0.3100    -985.3015  0.5383 
   00459    0.3200    -999.5684  0.5496 
   00460    0.4200   -1004.7047  0.5617 
   00461    0.3700   -1017.9344  0.5666 
   00462    0.3500   -1007.2492  0.5576 
   00463    0.3100    -999.7688  0.5544 
   00464    0.4200    -995.7471  0.5508 
   00465    0.3400   -1008.0718  0.5591 
   00466    0.4000   -1018.9189  0.5413 
   00467    0.3400   -1006.0650  0.5326 
   00468    0.3500   -1020.8755  0.5174 
   00469    0.3200   -1040.6230  0.5130 
   00470    0.3500   -1040.8935  0.5104 
   00471    0.2900   -1013.7749  0.4976 
   00472    0.3800    -997.0573  0.5032 
   00473    0.4100   -1003.6316  0.5021 
   00474    0.4300   -1008.2785  0.5040 
   00475    0.3800   -1016.7286  0.4992 
   00476    0.2700   -1020.3500  0.4851 
   00477    0.4100   -1005.0066  0.4836 
   00478    0.4300    -980.7048  0.4752 
   00479    0.3900    -971.0986  0.4699 
   00480    0.3700    -951.6149  0.4685 
   00481    0.4600    -948.6518  0.4611 
   00482    0.3600    -950.9545  0.4742 
   00483    0.4500    -948.9485  0.4678 
   00484    0.4200    -952.8472  0.4616 
   00485    0.4000    -975.2175  0.4782 
   00486    0.4100    -970.8654  0.4580 
   00487    0.3600    -969.7461  0.4584 
   00488    0.4400    -976.2506  0.4670 
   00489    0.4400    -966.0440  0.4677 
   00490    0.4400    -963.6897  0.4658 
   00491    0.4000    -964.8891  0.4682 
   00492    0.3900    -981.4647  0.4655 
   00493    0.3700    -975.1505  0.4707 
   00494    0.3900    -985.6761  0.4635 
   00495    0.4100    -973.4575  0.4596 
   00496    0.3300    -997.0627  0.4497 
   00497    0.3600    -999.2239  0.4492 
   00498    0.3600    -989.2326  0.4454 
   00499    0.3800    -976.1465  0.4441 
   00500    0.3700    -982.0500  0.4500 
   00501    0.4200    -971.6059  0.4345 
   00502    0.3700    -979.6747  0.4305 
   00503    0.3800    -972.7443  0.4225 
   00504    0.3800    -970.7751  0.4268 
   00505    0.3000    -983.4749  0.4451 
   00506    0.3000    -972.2394  0.4544 
   00507    0.3600    -963.5839  0.4512 
   00508    0.4300    -985.6371  0.4670 
   00509    0.3600    -977.1061  0.4571 
   00510    0.4300    -944.5802  0.4413 
   00511    0.3500    -963.1731  0.4357 
   00512    0.4600    -977.8751  0.4365 
   00513    0.4300    -975.9917  0.4448 
   00514    0.3900    -984.6918  0.4210 
   00515    0.4600    -972.2117  0.3815 
   00516    0.4200    -977.3751  0.3747 
   00517    0.4500    -964.8150  0.3667 
   00518    0.3100    -969.8134  0.3545 
   00519    0.4900    -997.7061  0.3571 
   00520    0.3600    -995.9143  0.3486 
   00521    0.3400    -998.1841  0.3628 
   00522    0.3800    -985.4858  0.3453 
   00523    0.3700    -991.5170  0.3525 
   00524    0.4000    -994.5894  0.3590 
   00525    0.2700    -986.2306  0.3579 
   00526    0.3800    -982.5373  0.3556 
   00527    0.3700    -988.4919  0.3470 
   00528    0.4200   -1002.3057  0.3500 
   00529    0.3600    -993.8382  0.3491 
   00530    0.3200    -983.8884  0.3336 
   00531    0.3100    -997.1559  0.3242 
   00532    0.4200    -993.6102  0.3301 
   00533    0.3100    -977.1416  0.3390 
   00534    0.4300    -951.7808  0.3503 
   00535    0.3500    -950.3356  0.3523 
   00536    0.4400    -940.9159  0.3410 
   00537    0.5000    -947.9582  0.3465 
   00538    0.3700    -926.8323  0.3555 
   00539    0.4000    -935.1762  0.3452 
   00540    0.4300    -940.2561  0.3393 
   00541    0.3900    -944.0674  0.3306 
   00542    0.3900    -941.3683  0.3385 
   00543    0.4200    -919.5548  0.3453 
   00544    0.3600    -954.7788  0.3542 
   00545    0.3500    -951.4409  0.3516 
   00546    0.3400    -953.7264  0.3515 
   00547    0.4000    -950.1912  0.3599 
   00548    0.3800    -957.0088  0.3687 
   00549    0.3400    -957.2414  0.3672 
   00550    0.3700    -931.9394  0.3599 
   00551    0.4200    -950.6533  0.3716 
   00552    0.4500    -968.0979  0.3704 
   00553    0.4600    -963.8601  0.3527 
   00554    0.4200    -962.8358  0.3466 
   00555    0.3300    -969.8780  0.3196 
   00556    0.4500    -972.2310  0.3198 
   00557    0.3700    -978.3448  0.3098 
   00558    0.3800    -975.7706  0.3132 
   00559    0.4000    -975.5007  0.3105 
   00560    0.3400    -984.4913  0.2881 
   00561    0.4100    -988.7822  0.2904 
   00562    0.4200    -979.9472  0.2926 
   00563    0.3400    -996.9831  0.2846 
   00564    0.3400    -987.7790  0.2832 
   00565    0.3800    -978.9328  0.2940 
   00566    0.3400    -967.6048  0.2915 
   00567    0.3800    -974.7611  0.2937 
   00568    0.3500    -981.9762  0.2891 
   00569    0.4600    -997.1349  0.2971 
   00570    0.4300    -980.2148  0.3011 
   00571    0.3800    -963.4494  0.3015 
   00572    0.4300    -954.3540  0.2992 
   00573    0.4000    -978.8845  0.2920 
   00574    0.4400    -985.9360  0.3052 
   00575    0.3700    -978.8050  0.2926 
   00576    0.4400    -994.3830  0.2944 
   00577    0.2900    -997.3166  0.2958 
   00578    0.3600    -996.6054  0.2940 
   00579    0.4000    -999.9501  0.3094 
   00580    0.2600   -1011.8891  0.3057 
   00581    0.4100   -1004.7957  0.3097 
   00582    0.3200   -1010.7220  0.3136 
   00583    0.3800   -1008.2487  0.3200 
   00584    0.3400   -1018.7415  0.3188 
   00585    0.3600   -1022.0106  0.3265 
   00586    0.3100   -1013.6385  0.3228 
   00587    0.3000    -992.2553  0.3259 
   00588    0.4400   -1011.8593  0.3316 
   00589    0.3600   -1013.5393  0.3347 
   00590    0.4300    -991.8346  0.3319 
   00591    0.3300    -982.8054  0.3296 
   00592    0.4100    -985.1325  0.3269 
   00593    0.3900    -979.0485  0.3262 
   00594    0.4300    -984.3616  0.3232 
   00595    0.3700    -965.5200  0.3163 
   00596    0.4100    -974.0164  0.2994 
   00597    0.3400    -963.1057  0.3064 
   00598    0.3600    -968.0903  0.3028 
   00599    0.4000    -959.0695  0.2918 
   00600    0.3500    -955.7394  0.2877 
   00601    0.4500    -958.2846  0.2928 
   00602    0.3700    -970.2194  0.2911 
   00603    0.3800    -970.1240  0.2957 
   00604    0.4100    -969.0079  0.2793 
   00605    0.4200    -982.7488  0.2866 
   00606    0.4100    -996.6033  0.2883 
   00607    0.4200   -1000.6172  0.3042 
   00608    0.3400   -1000.5484  0.3096 
   00609    0.3300    -993.3991  0.3132 
   00610    0.4100    -999.2004  0.3076 
   00611    0.4000   -1017.3086  0.3066 
   00612    0.4100   -1010.4488  0.3099 
   00613    0.3500    -999.0761  0.3011 
   00614    0.3600    -998.4148  0.3157 
   00615    0.4600    -980.5339  0.3073 
   00616    0.3300    -972.8700  0.3204 
   00617    0.4000    -954.5257  0.3181 
   00618    0.4300    -935.1744  0.3241 
   00619    0.4800    -938.8956  0.3223 
   00620    0.4700    -919.2590  0.3125 
   00621    0.3600    -930.3209  0.3248 
   00622    0.4600    -942.5655  0.3174 
   00623    0.4200    -941.7532  0.3218 
   00624    0.3500    -938.6605  0.3147 
   00625    0.4600    -941.4379  0.3065 
   00626    0.3900    -932.9898  0.3089 
   00627    0.4300    -946.9019  0.3146 
   00628    0.4000    -957.8211  0.3239 
   00629    0.4200    -933.1764  0.3079 
   00630    0.3700    -925.4528  0.3109 
   00631    0.3700    -950.1053  0.3262 
   00632    0.4000    -964.8733  0.3132 
   00633    0.4600    -942.8557  0.3359 
   00634    0.4100    -959.0371  0.3379 
   00635    0.3900    -968.6308  0.3151 
   00636    0.3500    -950.6748  0.3135 
   00637    0.3500    -944.0208  0.3142 
   00638    0.3500    -949.3423  0.3155 
   00639    0.3700    -947.9711  0.3254 
   00640    0.3300    -941.1237  0.3250 
   00641    0.3200    -955.1863  0.3116 
   00642    0.3300    -945.5336  0.3234 
   00643    0.4200    -973.0964  0.3370 
   00644    0.3400    -972.8163  0.3487 
   00645    0.4600    -971.6820  0.3492 
   00646    0.3900    -967.7449  0.3474 
   00647    0.4000    -967.0808  0.3421 
   00648    0.3400    -949.5734  0.3693 
   00649    0.3500    -966.8735  0.3775 
   00650    0.3500    -987.4111  0.3822 
   00651    0.3900    -997.1208  0.3982 
   00652    0.3300    -979.2396  0.4029 
   00653    0.3900    -988.1676  0.4166 
   00654    0.3300    -983.3954  0.4141 
   00655    0.3700    -997.3951  0.4082 
   00656    0.3200   -1004.8425  0.4061 
   00657    0.4300   -1027.1674  0.4108 
   00658    0.3200   -1021.6542  0.4166 
   00659    0.3700   -1018.3749  0.4264 
   00660    0.3300   -1025.2543  0.4276 
   00661    0.3400   -1026.5121  0.4317 
   00662    0.3200   -1030.7902  0.4248 
   00663    0.3800   -1013.2890  0.4328 
   00664    0.3800   -1008.6232  0.4267 
   00665    0.3900   -1007.6669  0.4193 
   00666    0.3400   -1006.0366  0.4263 
   00667    0.3700   -1013.2797  0.4317 
   00668    0.3700   -1018.5040  0.4283 
   00669    0.3500   -1020.6160  0.4285 
   00670    0.2800   -1029.1691  0.4281 
   00671    0.3700   -1007.0455  0.4286 
   00672    0.3600   -1011.4906  0.4188 
   00673    0.4200   -1013.3502  0.4219 
   00674    0.3500   -1034.7425  0.4463 
   00675    0.3400   -1034.9121  0.4434 
   00676    0.3200   -1052.5244  0.4461 
   00677    0.3900   -1062.2763  0.4491 
   00678    0.3800   -1074.6783  0.4453 
   00679    0.3100   -1078.2808  0.4492 
   00680    0.3000   -1073.3107  0.4616 
   00681    0.4100   -1064.1291  0.4726 
   00682    0.4400   -1055.8807  0.4787 
   00683    0.4100   -1050.8462  0.4874 
   00684    0.4400   -1017.5137  0.4879 
   00685    0.4400   -1018.6749  0.4928 
   00686    0.3500   -1003.2412  0.4887 
   00687    0.3000   -1013.6241  0.4964 
   00688    0.3700   -1006.2553  0.4990 
   00689    0.3400    -994.4930  0.4964 
   00690    0.3800   -1012.1401  0.4943 
   00691    0.3200   -1025.2508  0.4859 
   00692    0.3600   -1022.8359  0.4912 
   00693    0.3300   -1025.7864  0.4847 
   00694    0.3800   -1023.2861  0.4870 
   00695    0.3800   -1016.0613  0.4821 
   00696    0.3900   -1029.1647  0.4666 
   00697    0.3900   -1016.7393  0.4612 
   00698    0.3800    -992.5522  0.4641 
   00699    0.3000   -1000.7895  0.4621 
   00700    0.4100   -1000.6264  0.4716 
   00701    0.3300   -1014.2678  0.4676 
   00702    0.4000   -1012.1518  0.4840 
   00703    0.3400   -1019.8599  0.4798 
   00704    0.4600   -1023.9820  0.4952 
   00705    0.2900   -1026.8530  0.5076 
   00706    0.3400   -1015.9007  0.4885 
   00707    0.3900   -1006.8295  0.4823 
   00708    0.4000   -1017.3784  0.4881 
   00709    0.4200   -1008.5972  0.4757 
   00710    0.4000   -1011.6212  0.4830 
   00711    0.3700   -1017.4640  0.4798 
   00712    0.4300   -1023.5155  0.4935 
   00713    0.4000   -1019.3867  0.4996 
   00714    0.3800   -1000.9247  0.4958 
   00715    0.3500    -980.3601  0.4887 
   00716    0.3100    -971.8890  0.4914 
   00717    0.4000    -984.5392  0.4910 
   00718    0.4100    -975.0170  0.4930 
   00719    0.2800    -978.6615  0.4955 
   00720    0.3900    -974.9612  0.5023 
   00721    0.3900    -985.5434  0.5058 
   00722    0.2800    -997.3751  0.5050 
   00723    0.3500    -978.9931  0.4894 
   00724    0.3900    -961.6971  0.4966 
   00725    0.4100    -951.8278  0.5077 
   00726    0.3800    -958.7909  0.5162 
   00727    0.3900    -996.5198  0.5088 
   00728    0.4000    -991.5068  0.5120 
   00729    0.4600    -997.8119  0.5208 
   00730    0.3700   -1001.2512  0.5223 
   00731    0.4100   -1000.2576  0.5133 
   00732    0.3600    -991.3487  0.5062 
   00733    0.3900    -981.4329  0.5074 
   00734    0.3500    -983.0031  0.5182 
   00735    0.3900    -976.5912  0.5146 
   00736    0.3800    -981.1641  0.5067 
   00737    0.3900    -990.3404  0.5204 
   00738    0.4000    -992.3227  0.5301 
   00739    0.4300    -994.0113  0.5342 
   00740    0.3800   -1015.9569  0.5283 
   00741    0.3100   -1013.6175  0.5334 
   00742    0.4000   -1015.6894  0.5484 
   00743    0.4000   -1008.1456  0.5410 
   00744    0.4200    -997.7782  0.5384 
   00745    0.3600   -1001.6730  0.5434 
   00746    0.3600    -996.2001  0.5401 
   00747    0.4300    -964.9361  0.5449 
   00748    0.4300    -957.4897  0.5312 
   00749    0.3600    -956.8148  0.5391 
   00750    0.4400    -964.1510  0.5423 
   00751    0.4200    -950.2774  0.5397 
   00752    0.3100    -957.9252  0.5300 
   00753    0.3600    -930.8768  0.5217 
   00754    0.4200    -926.4630  0.5149 
   00755    0.2800    -931.5306  0.5123 
   00756    0.4000    -934.7999  0.5075 
   00757    0.3300    -943.2086  0.5184 
   00758    0.4100    -945.9520  0.5144 
   00759    0.3400    -942.6843  0.5145 
   00760    0.3100    -952.1660  0.5270 
   00761    0.4100    -948.1151  0.5265 
   00762    0.5300    -930.5321  0.5267 
   00763    0.3800    -947.6633  0.5448 
   00764    0.4300    -959.2912  0.5365 
   00765    0.2800    -984.1083  0.5433 
   00766    0.3300    -987.1061  0.5352 
   00767    0.2900    -976.7329  0.5352 
   00768    0.3600    -968.2622  0.5265 
   00769    0.3400    -974.1478  0.5393 
   00770    0.3700    -972.9772  0.5337 
   00771    0.4100    -948.7567  0.5272 
   00772    0.4500    -951.5392  0.5284 
   00773    0.4100    -942.1801  0.5204 
   00774    0.4200    -939.3925  0.5236 
   00775    0.4100    -922.1286  0.5102 
   00776    0.4300    -934.6522  0.5163 
   00777    0.3700    -923.4043  0.5213 
   00778    0.4100    -956.1612  0.5191 
   00779    0.4600    -973.9207  0.5102 
   00780    0.3900    -983.4695  0.4980 
   00781    0.3900    -985.7776  0.4853 
   00782    0.3500   -1003.2236  0.4931 
   00783    0.3700   -1016.5706  0.4993 
   00784    0.3800    -996.6662  0.5021 
   00785    0.4300   -1013.8297  0.5112 
   00786    0.3400   -1002.2394  0.5021 
   00787    0.3300   -1005.1924  0.4925 
   00788    0.4200   -1012.0306  0.4992 
   00789    0.4500   -1004.4934  0.5087 
   00790    0.3100   -1016.5292  0.5048 
   00791    0.4400   -1019.7808  0.5056 
   00792    0.3600   -1010.5207  0.5051 
   00793    0.3500   -1015.4006  0.5152 
   00794    0.3400   -1000.9574  0.5233 
   00795    0.3700    -987.5691  0.5187 
   00796    0.4000    -964.3197  0.5207 
   00797    0.4400    -987.7569  0.5153 
   00798    0.3900    -989.8179  0.5198 
   00799    0.3800    -985.4426  0.5364 
   00800    0.4200    -998.1826  0.5479 
   00801    0.3500    -999.1386  0.5449 
   00802    0.3500   -1009.2235  0.5416 
   00803    0.3300    -978.6204  0.5343 
   00804    0.3600   -1002.0612  0.5420 
   00805    0.4100   -1001.9209  0.5286 
   00806    0.3600   -1001.5793  0.5198 
   00807    0.3600   -1009.4057  0.5263 
   00808    0.3600    -991.4385  0.5220 
   00809    0.3600    -994.8803  0.5207 
   00810    0.4700   -1007.7893  0.5221 
   00811    0.4100   -1003.9866  0.4992 
   00812    0.2800    -992.0993  0.4861 
   00813    0.3800   -1003.6289  0.4814 
   00814    0.4400   -1016.0195  0.4847 
   00815    0.3800   -1022.6422  0.4961 
   00816    0.3900   -1017.5256  0.4930 
   00817    0.3700   -1019.0648  0.5051 
   00818    0.3500   -1000.6087  0.5073 
   00819    0.3800    -987.5579  0.4999 
   00820    0.3800    -992.7633  0.5035 
   00821    0.3800    -989.8030  0.5053 
   00822    0.4400    -979.5886  0.4884 
   00823    0.3200    -986.4405  0.4848 
   00824    0.3900    -994.7030  0.4833 
   00825    0.3300    -993.1748  0.4820 
   00826    0.3400   -1002.2214  0.4883 
   00827    0.2900   -1000.1589  0.4912 
   00828    0.3900    -999.1261  0.4946 
   00829    0.4300   -1013.4977  0.5037 
   00830    0.4300   -1048.6428  0.5149 
   00831    0.3400   -1049.3774  0.5225 
   00832    0.3600   -1027.2996  0.5175 
   00833    0.3900   -1021.9892  0.5109 
   00834    0.3400   -1024.9883  0.5046 
   00835    0.3100   -1012.6824  0.4971 
   00836    0.4200   -1002.9619  0.4899 
   00837    0.4200    -986.5571  0.4855 
   00838    0.4300    -975.6568  0.4793 
   00839    0.3900    -971.2993  0.4716 
   00840    0.3500    -966.9283  0.4668 
   00841    0.3900    -958.7903  0.4518 
   00842    0.3600    -960.2599  0.4463 
   00843    0.3800    -970.1744  0.4443 
   00844    0.4000    -971.2374  0.4352 
   00845    0.4100    -981.7691  0.4511 
   00846    0.4200    -969.7126  0.4475 
   00847    0.4500    -955.7198  0.4276 
   00848    0.3900    -972.1313  0.4282 
   00849    0.3200    -972.1397  0.4203 
   00850    0.3500    -963.3717  0.4213 
   00851    0.3300    -966.6411  0.4349 
   00852    0.4200    -951.5817  0.4301 
   00853    0.3600    -948.3570  0.4261 
   00854    0.4200    -945.7925  0.4287 
   00855    0.3900    -973.4183  0.4210 
   00856    0.3900    -974.3993  0.4335 
   00857    0.3800    -963.8967  0.4312 
   00858    0.4200    -975.1337  0.4214 
   00859    0.3300    -967.4259  0.4255 
   00860    0.3200    -970.3190  0.4227 
   00861    0.4000    -960.0234  0.4141 
   00862    0.4600    -950.9234  0.4093 
   00863    0.3700    -953.0158  0.4158 
   00864    0.3300    -959.7342  0.4206 
   00865    0.3900    -952.0646  0.4059 
   00866    0.4100    -954.5080  0.4069 
   00867    0.3700    -960.3062  0.4160 
   00868    0.3800    -961.1416  0.4219 
   00869    0.3400    -959.9457  0.4154 
   00870    0.3700    -968.8339  0.4010 
   00871    0.4100   -1007.5829  0.4032 
   00872    0.4000   -1009.5295  0.3923 
   00873    0.3900    -986.6392  0.3754 
   00874    0.3900    -984.5677  0.3674 
   00875    0.4500    -964.9863  0.3691 
   00876    0.4100    -961.0142  0.3680 
   00877    0.3600    -972.8426  0.3778 
   00878    0.4300    -983.7222  0.3870 
   00879    0.3700    -959.4088  0.3889 
   00880    0.3400    -946.6086  0.3737 
   00881    0.3600    -938.3060  0.3692 
   00882    0.3400    -944.3536  0.3602 
   00883    0.4200    -938.1434  0.3730 
   00884    0.3600    -952.2082  0.3819 
   00885    0.3300    -959.9270  0.3862 
   00886    0.4400    -944.4517  0.3845 
   00887    0.2900    -955.7079  0.3842 
   00888    0.4000    -966.9171  0.3828 
   00889    0.4300    -979.2606  0.3955 
   00890    0.3800    -955.9798  0.3852 
   00891    0.3800    -940.8131  0.3761 
   00892    0.4100    -939.8063  0.3754 
   00893    0.4400    -934.7502  0.3949 
   00894    0.3700    -933.4002  0.3891 
   00895    0.4500    -941.6398  0.4052 
   00896    0.3400    -949.2065  0.3957 
   00897    0.3300    -973.8618  0.4076 
   00898    0.3700    -984.9294  0.4004 
   00899    0.3600    -984.1370  0.3882 
   00900    0.3200    -982.3510  0.3870 
   00901    0.3700    -966.9398  0.3828 
   00902    0.4100    -949.8300  0.3751 
   00903    0.3700    -941.7773  0.3685 
   00904    0.4000    -935.7231  0.3606 
   00905    0.4100    -923.1212  0.3541 
   00906    0.4000    -919.0727  0.3545 
   00907    0.4600    -919.7407  0.3656 
   00908    0.3900    -924.4040  0.3654 
   00909    0.4500    -917.4141  0.3498 
   00910    0.4200    -928.1191  0.3535 
   00911    0.4400    -921.3306  0.3554 
   00912    0.4100    -924.4248  0.3521 
   00913    0.3700    -914.1548  0.3468 
   00914    0.4100    -896.8513  0.3409 
   00915    0.4500    -894.9214  0.3439 
   00916    0.4000    -901.4449  0.3359 
   00917    0.3400    -890.8593  0.3310 
   00918    0.4300    -867.4555  0.3190 
   00919    0.4600    -884.0818  0.3352 
   00920    0.4500    -874.9933  0.3297 
   00921    0.3900    -877.3999  0.3189 
   00922    0.5000    -868.8980  0.3153 
   00923    0.4100    -859.1852  0.3148 
   00924    0.4400    -838.1517  0.3068 
   00925    0.4700    -863.5193  0.2899 
   00926    0.4400    -895.4138  0.2773 
   00927    0.3600    -890.8271  0.2602 
   00928    0.4200    -868.0859  0.2680 
   00929    0.4500    -876.6469  0.2696 
   00930    0.4400    -877.3408  0.2782 
   00931    0.4000    -883.8858  0.2672 
   00932    0.4100    -902.6476  0.2539 
   00933    0.5400    -886.0026  0.2661 
   00934    0.3700    -892.8696  0.2699 
   00935    0.4000    -919.5951  0.2666 
   00936    0.4600    -918.3557  0.2609 
   00937    0.4600    -889.0040  0.2610 
   00938    0.5100    -894.3410  0.2751 
   00939    0.4800    -890.8787  0.2587 
   00940    0.3500    -898.7334  0.2550 
   00941    0.3900    -877.4692  0.2519 
   00942    0.4200    -897.6432  0.2829 
   00943    0.3800    -888.2226  0.2851 
   00944    0.3600    -878.1676  0.3051 
   00945    0.4000    -870.3674  0.3092 
   00946    0.4500    -868.8681  0.2980 
   00947    0.4600    -874.1350  0.3029 
   00948    0.4100    -865.4666  0.2936 
   00949    0.4100    -894.7792  0.3060 
   00950    0.4500    -881.0753  0.2886 
   00951    0.4700    -910.3652  0.2919 
   00952    0.3600    -898.6813  0.3013 
   00953    0.4400    -892.3666  0.3051 
   00954    0.4500    -898.7945  0.2970 
   00955    0.4000    -898.2442  0.2884 
   00956    0.3500    -908.3764  0.2761 
   00957    0.3700    -919.0472  0.2767 
   00958    0.3500    -903.6313  0.2906 
   00959    0.4300    -902.7488  0.3130 
   00960    0.3800    -904.0410  0.3137 
   00961    0.3600    -922.7574  0.3193 
   00962    0.4400    -916.0304  0.3155 
   00963    0.3900    -917.5469  0.3207 
   00964    0.3600    -918.3769  0.3231 
   00965    0.4200    -912.5904  0.3303 
   00966    0.3900    -910.1671  0.3415 
   00967    0.4500    -902.9926  0.3449 
   00968    0.4100    -900.3231  0.3332 
   00969    0.4200    -924.3130  0.3356 
   00970    0.4500    -926.0718  0.3320 
   00971    0.4800    -925.9148  0.3347 
   00972    0.4100    -921.1038  0.3264 
   00973    0.3900    -903.2622  0.3276 
   00974    0.5300    -892.1464  0.3412 
   00975    0.3900    -934.5476  0.3359 
   00976    0.4400    -935.0549  0.3364 
   00977    0.4500    -937.0088  0.3394 
   00978    0.4100    -942.4899  0.3538 
   00979    0.4100    -933.3290  0.3392 
   00980    0.4200    -926.7086  0.3370 
   00981    0.3000    -914.4114  0.3274 
   00982    0.3600    -928.4463  0.3136 
   00983    0.4300    -923.1931  0.3072 
   00984    0.3400    -927.4483  0.3083 
   00985    0.4000    -910.3764  0.3031 
   00986    0.3500    -919.9505  0.2955 
   00987    0.3900    -906.7428  0.3027 
   00988    0.5700    -889.9070  0.3020 
   00989    0.3700    -910.2095  0.3104 
   00990    0.4300    -910.6332  0.3149 
   00991    0.4400    -917.0703  0.3211 
   00992    0.4100    -925.4628  0.3159 
   00993    0.3900    -932.1086  0.3093 
   00994    0.3300    -920.5884  0.3050 
   00995    0.4700    -891.8607  0.2994 
   00996    0.4500    -886.0680  0.2993 
   00997    0.4100    -878.3167  0.2991 
   00998    0.4100    -876.1326  0.2926 
   00999    0.4700    -866.8604  0.2894 
   01000    0.5400    -872.0949  0.2889 
