#=====================================================
# File created:        Mon-06-Nov-2023-at-10-57-36AM
# Size of lattice:     40x40
# Number of MC steps:  1000
# Reduced temperature: 1.400
# Run time (s):        42.090498
#=====================================================
# MC step:  Ratio:     Energy:   Order:
#=====================================================
   00000    0.5000   -1623.2236  0.2826 
   00001    0.6825   -1778.4157  0.2829 
   00002    0.6600   -2011.5012  0.2919 
   00003    0.6425   -2151.2814  0.2959 
   00004    0.6700   -2291.6170  0.2943 
   00005    0.6475   -2373.4521  0.2965 
   00006    0.5825   -2500.0619  0.2997 
   00007    0.6050   -2570.3295  0.2932 
   00008    0.6275   -2638.2060  0.2911 
   00009    0.6075   -2688.0447  0.2976 
   00010    0.6200   -2706.0998  0.2833 
   00011    0.5650   -2743.7325  0.2777 
   00012    0.5850   -2646.3923  0.2821 
   00013    0.5775   -2674.9963  0.2814 
   00014    0.5900   -2728.8591  0.2728 
   00015    0.6075   -2752.4646  0.2799 
   00016    0.5625   -2747.2899  0.2792 
   00017    0.5850   -2777.5511  0.2749 
   00018    0.5325   -2721.2578  0.2733 
   00019    0.5625   -2796.6327  0.2705 
   00020    0.5975   -2887.6902  0.2770 
   00021    0.5350   -2933.7687  0.2795 
   00022    0.5600   -2883.0281  0.2798 
   00023    0.6100   -2900.1109  0.2790 
   00024    0.5300   -2949.5674  0.2788 
   00025    0.5225   -2928.3935  0.2841 
   00026    0.6075   -2936.7714  0.2782 
   00027    0.5550   -2963.5848  0.2772 
   00028    0.5450   -2952.0458  0.2771 
   00029    0.5550   -2964.1074  0.2762 
   00030    0.5575   -3001.4948  0.2802 
   00031    0.5350   -3070.6129  0.2873 
   00032    0.5350   -3072.4459  0.2859 
   00033    0.5200   -3098.3475  0.2828 
   00034    0.5400   -3094.9873  0.2839 
   00035    0.5350   -3097.6405  0.2855 
   00036    0.5650   -3155.6416  0.2925 
   00037    0.5350   -3146.3937  0.2891 
   00038    0.5425   -3114.0103  0.2879 
   00039    0.5175   -3087.9487  0.2876 
   00040    0.5600   -3118.9110  0.2759 
   00041    0.5275   -3135.8121  0.2844 
   00042    0.5600   -3186.8726  0.2923 
   00043    0.5375   -3166.5241  0.2967 
   00044    0.5150   -3118.2346  0.2973 
   00045    0.5600   -3140.5603  0.2837 
   00046    0.5725   -3090.7118  0.2796 
   00047    0.5500   -3143.4418  0.2865 
   00048    0.5475   -3140.7576  0.2733 
   00049    0.5175   -3126.1901  0.2632 
   00050    0.5800   -3039.7400  0.2674 
   00051    0.5725   -2972.4990  0.2674 
   00052    0.5650   -3037.9305  0.2761 
   00053    0.5300   -3071.1221  0.2691 
   00054    0.5775   -3065.0427  0.2639 
   00055    0.5125   -3098.2047  0.2583 
   00056    0.5300   -3119.7607  0.2581 
   00057    0.5300   -3123.4229  0.2606 
   00058    0.5550   -3141.6647  0.2670 
   00059    0.5200   -3113.1821  0.2617 
   00060    0.5625   -3031.2193  0.2663 
   00061    0.5625   -2996.2186  0.2593 
   00062    0.5575   -2989.3286  0.2661 
   00063    0.5475   -2995.7871  0.2694 
   00064    0.5625   -2994.6362  0.2684 
   00065    0.5350   -3027.7354  0.2691 
   00066    0.5775   -2979.8410  0.2831 
   00067    0.5825   -2960.4640  0.2809 
   00068    0.5575   -2937.5316  0.2854 
   00069    0.6150   -2956.9575  0.2832 
   00070    0.5825   -2938.7257  0.2699 
   00071    0.5175   -2997.7080  0.2733 
   00072    0.5725   -2967.9192  0.2748 
   00073    0.5500   -3004.8563  0.2791 
   00074    0.5125   -3013.1565  0.2744 
   00075    0.5725   -2976.0655  0.2736 
   00076    0.5450   -2987.4748  0.2679 
   00077    0.5725   -3003.8496  0.2711 
   00078    0.5575   -3005.0420  0.2665 
   00079    0.5575   -2957.3997  0.2699 
   00080    0.5525   -2975.0492  0.2697 
   00081    0.5800   -3004.9976  0.2782 
   00082    0.5600   -2988.0380  0.2875 
   00083    0.5550   -2969.5996  0.2988 
   00084    0.5675   -2952.6315  0.2952 
   00085    0.5600   -2993.2256  0.2876 
   00086    0.5425   -3050.6312  0.2805 
   00087    0.5400   -3046.5317  0.2811 
   00088    0.4925   -3041.7072  0.2829 
   00089    0.5575   -3061.8902  0.2838 
   00090    0.5750   -3084.6419  0.2788 
   00091    0.5500   -3057.2497  0.2781 
   00092    0.5325   -3105.6974  0.2867 
   00093    0.5400   -3138.2531  0.2961 
   00094    0.5050   -3128.7754  0.2900 
   00095    0.5600   -3098.2956  0.2890 
   00096    0.5350   -3075.5355  0.2884 
   00097    0.5250   -3098.4462  0.2928 
   00098    0.5400   -3025.4701  0.2880 
   00099    0.5450   -2999.4124  0.2768 
   00100    0.5575   -2960.6275  0.2797 
   00101    0.5675   -2914.0950  0.2854 
   00102    0.6075   -2982.4612  0.2839 
   00103    0.5600   -2966.1763  0.2834 
   00104    0.6025   -3030.2328  0.2814 
   00105    0.5350   -3039.4514  0.2773 
   00106    0.5375   -3046.4911  0.2767 
   00107    0.4975   -3070.9934  0.2820 
   00108    0.5500   -3010.3404  0.2831 
   00109    0.5250   -2993.0977  0.2849 
   00110    0.5475   -2995.3611  0.2948 
   00111    0.5425   -2963.9151  0.2957 
   00112    0.5650   -3009.2855  0.2983 
   00113    0.5125   -3047.8011  0.3014 
   00114    0.5425   -2996.4950  0.3030 
   00115    0.5675   -3002.6400  0.3008 
   00116    0.5750   -3005.1084  0.2946 
   00117    0.5850   -3063.8819  0.2958 
   00118    0.5775   -3055.9757  0.2981 
   00119    0.5800   -3048.6693  0.2925 
   00120    0.5200   -3081.6889  0.2848 
   00121    0.5375   -3083.2734  0.2851 
   00122    0.5425   -3035.7761  0.2863 
   00123    0.5475   -3005.2505  0.2846 
   00124    0.5625   -2977.8145  0.2750 
   00125    0.5350   -2995.0748  0.2707 
   00126    0.5600   -3032.1768  0.2717 
   00127    0.5600   -2991.6495  0.2669 
   00128    0.5225   -3015.7923  0.2723 
   00129    0.5600   -3033.0951  0.2794 
   00130    0.5300   -3035.4170  0.2751 
   00131    0.5450   -3012.7797  0.2798 
   00132    0.5750   -2999.9134  0.2866 
   00133    0.6025   -2962.6608  0.2927 
   00134    0.5025   -2953.4555  0.2972 
   00135    0.5500   -2997.7234  0.2947 
   00136    0.5475   -2973.3121  0.2891 
   00137    0.5875   -3013.9542  0.2846 
   00138    0.5425   -3058.3113  0.2865 
   00139    0.5325   -3049.0921  0.2926 
   00140    0.5525   -3014.0385  0.2993 
   00141    0.5950   -3029.5668  0.3019 
   00142    0.5550   -3068.8076  0.3106 
   00143    0.5350   -3086.7118  0.3030 
   00144    0.5475   -3080.2392  0.3061 
   00145    0.5625   -3065.2016  0.3103 
   00146    0.5500   -3102.0845  0.3067 
   00147    0.5225   -3071.6454  0.3020 
   00148    0.5875   -3089.2834  0.2960 
   00149    0.5300   -3067.8670  0.2977 
   00150    0.5750   -3047.0227  0.2940 
   00151    0.5625   -2971.9523  0.2946 
   00152    0.5675   -3000.0185  0.3012 
   00153    0.5225   -3010.1207  0.3071 
   00154    0.5650   -2923.8443  0.3031 
   00155    0.5725   -2906.9276  0.3077 
   00156    0.5650   -2947.0106  0.3016 
   00157    0.5350   -2986.3383  0.3081 
   00158    0.5325   -2960.5344  0.3033 
   00159    0.5675   -2973.3342  0.3033 
   00160    0.5750   -3007.2821  0.3051 
   00161    0.5625   -3017.4601  0.2964 
   00162    0.5400   -3028.1347  0.3123 
   00163    0.5875   -2979.6509  0.3056 
   00164    0.5450   -2979.4050  0.2925 
   00165    0.5600   -2973.5216  0.2909 
   00166    0.5475   -2948.6415  0.2914 
   00167    0.5050   -3003.3796  0.2910 
   00168    0.5525   -2996.1892  0.2979 
   00169    0.5100   -2975.8643  0.2905 
   00170    0.5500   -2977.6973  0.2875 
   00171    0.5275   -3029.7556  0.2941 
   00172    0.5875   -3006.5275  0.2884 
   00173    0.5325   -3049.6895  0.2944 
   00174    0.5175   -3073.8813  0.2848 
   00175    0.5625   -3063.6665  0.2828 
   00176    0.6000   -2995.7007  0.2809 
   00177    0.5525   -2960.3317  0.2800 
   00178    0.5750   -2977.5605  0.2766 
   00179    0.5525   -2971.1550  0.2935 
   00180    0.5550   -2977.0653  0.3001 
   00181    0.5825   -2985.7611  0.3014 
   00182    0.5600   -2959.4339  0.3041 
   00183    0.5350   -3031.8713  0.3008 
   00184    0.5425   -3014.8667  0.3062 
   00185    0.5025   -2980.2264  0.3048 
   00186    0.5175   -3007.8889  0.3081 
   00187    0.5075   -3029.6630  0.3222 
   00188    0.5775   -3034.0442  0.3122 
   00189    0.5350   -3025.9987  0.3066 
   00190    0.5700   -3052.6651  0.3033 
   00191    0.5450   -3072.4486  0.3005 
   00192    0.5100   -3115.5089  0.3022 
   00193    0.5500   -3087.4437  0.3080 
   00194    0.5350   -3058.7583  0.3133 
   00195    0.5525   -3069.4374  0.3172 
   00196    0.5300   -3039.9963  0.3177 
   00197    0.5550   -3011.8325  0.3143 
   00198    0.5700   -2986.6859  0.3150 
   00199    0.5300   -2988.2867  0.3069 
   00200    0.5800   -2988.9405  0.3001 
   00201    0.5775   -2981.9183  0.2888 
   00202    0.5525   -3004.6501  0.2876 
   00203    0.5375   -2975.0233  0.2912 
   00204    0.5850   -3002.4119  0.2787 
   00205    0.5275   -3024.9722  0.2820 
   00206    0.5525   -3031.8420  0.2829 
   00207    0.5250   -3088.5691  0.2878 
   00208    0.5525   -3052.8505  0.2800 
   00209    0.5550   -2999.0166  0.2811 
   00210    0.5850   -2999.8496  0.2799 
   00211    0.5475   -2964.3718  0.2775 
   00212    0.5850   -2999.1107  0.2726 
   00213    0.5775   -3024.5237  0.2667 
   00214    0.5875   -3048.6466  0.2692 
   00215    0.5350   -2979.6243  0.2699 
   00216    0.5275   -3030.7816  0.2719 
   00217    0.5700   -3049.0973  0.2780 
   00218    0.5575   -3022.2178  0.2836 
   00219    0.5700   -3013.4244  0.2844 
   00220    0.5600   -3051.3804  0.2910 
   00221    0.5625   -3040.8609  0.2900 
   00222    0.5375   -3061.8245  0.2829 
   00223    0.5250   -3007.1524  0.2745 
   00224    0.5550   -3025.6552  0.2733 
   00225    0.5525   -3007.3892  0.2771 
   00226    0.5500   -2977.6651  0.2833 
   00227    0.5500   -2958.5645  0.2773 
   00228    0.5800   -2968.3483  0.2746 
   00229    0.5575   -3015.2893  0.2810 
   00230    0.5775   -2968.8098  0.2843 
   00231    0.5650   -2948.5523  0.2927 
   00232    0.5525   -2974.8096  0.2936 
   00233    0.5825   -2900.1161  0.2950 
   00234    0.5550   -2945.7133  0.3045 
   00235    0.5750   -2926.7205  0.2972 
   00236    0.5775   -2948.9179  0.2974 
   00237    0.5400   -2954.2213  0.2907 
   00238    0.5650   -2916.9512  0.2794 
   00239    0.5825   -2966.6715  0.2744 
   00240    0.5625   -2946.5477  0.2826 
   00241    0.5325   -3005.6289  0.2827 
   00242    0.5350   -2986.5847  0.2817 
   00243    0.5300   -3023.2981  0.2807 
   00244    0.5850   -3017.9368  0.2841 
   00245    0.5600   -3030.6088  0.2871 
   00246    0.5775   -3027.8668  0.2943 
   00247    0.5550   -2998.0719  0.2916 
   00248    0.5725   -2964.3895  0.3015 
   00249    0.5775   -2976.3518  0.2985 
   00250    0.5375   -3030.0860  0.2898 
   00251    0.5575   -3107.2987  0.2928 
   00252    0.5450   -3037.7049  0.2877 
   00253    0.5175   -3095.2740  0.2963 
   00254    0.5550   -3043.2050  0.2991 
   00255    0.5000   -3072.9500  0.2900 
   00256    0.5350   -3006.6746  0.2883 
   00257    0.5725   -2946.4299  0.2831 
   00258    0.5475   -2970.6471  0.2781 
   00259    0.5525   -2977.2136  0.2763 
   00260    0.5550   -2964.8931  0.2786 
   00261    0.5200   -2937.8755  0.2704 
   00262    0.5625   -2998.4772  0.2569 
   00263    0.5975   -2988.0783  0.2588 
   00264    0.5725   -2992.1630  0.2576 
   00265    0.5725   -2947.1997  0.2655 
   00266    0.6000   -2919.1199  0.2596 
   00267    0.6175   -2879.0239  0.2531 
   00268    0.5450   -2872.9572  0.2604 
   00269    0.5675   -2822.5094  0.2624 
   00270    0.5925   -2884.4641  0.2659 
   00271    0.6050   -2884.6046  0.2630 
   00272    0.5850   -2925.0946  0.2635 
   00273    0.5500   -3011.1816  0.2602 
   00274    0.5625   -3010.6801  0.2596 
   00275    0.5875   -3031.5541  0.2608 
   00276    0.5475   -3001.9181  0.2704 
   00277    0.5300   -2980.0865  0.2791 
   00278    0.5425   -2957.7365  0.2739 
   00279    0.5325   -2965.6829  0.2768 
   00280    0.5225   -2957.5995  0.2638 
   00281    0.5075   -2993.1492  0.2670 
   00282    0.5675   -3035.3493  0.2677 
   00283    0.5450   -3043.5429  0.2695 
   00284    0.5525   -3021.0685  0.2674 
   00285    0.5525   -2962.9690  0.2612 
   00286    0.5450   -2996.6321  0.2593 
   00287    0.5825   -2988.6881  0.2629 
   00288    0.5875   -2922.3718  0.2556 
   00289    0.5500   -2886.5398  0.2654 
   00290    0.6125   -2880.2858  0.2663 
   00291    0.5700   -2861.4137  0.2641 
   00292    0.5875   -2881.1079  0.2640 
   00293    0.5550   -2888.9661  0.2712 
   00294    0.5550   -2938.6736  0.2788 
   00295    0.5650   -2966.0756  0.2802 
   00296    0.6025   -2925.3568  0.2736 
   00297    0.5500   -2906.9086  0.2721 
   00298    0.5300   -2966.2311  0.2784 
   00299    0.6075   -2958.6608  0.2727 
   00300    0.5400   -3023.5595  0.2760 
   00301    0.5425   -3035.6337  0.2744 
   00302    0.5550   -3052.9827  0.2807 
   00303    0.5525   -3102.7469  0.2798 
   00304    0.5525   -3103.5288  0.2829 
   00305    0.5925   -3064.3785  0.2919 
   00306    0.5600   -3049.5300  0.2894 
   00307    0.5800   -3103.7972  0.2929 
   00308    0.5625   -3078.7439  0.3017 
   00309    0.5875   -3053.7872  0.3008 
   00310    0.5775   -3070.9069  0.2953 
   00311    0.5775   -3083.1653  0.2888 
   00312    0.5325   -3079.5972  0.2888 
   00313    0.5400   -3061.5438  0.2986 
   00314    0.5100   -3093.0730  0.2911 
   00315    0.5725   -3082.7953  0.2776 
   00316    0.5525   -3051.9049  0.2779 
   00317    0.5225   -3082.4069  0.2853 
   00318    0.5200   -3036.8323  0.2903 
   00319    0.5325   -2966.8700  0.2856 
   00320    0.5725   -2983.8273  0.2888 
   00321    0.5575   -2930.2647  0.2878 
   00322    0.5575   -2944.7280  0.2860 
   00323    0.5375   -2981.0336  0.2778 
   00324    0.5700   -2896.0363  0.2851 
   00325    0.5975   -2883.7259  0.2767 
   00326    0.5675   -2873.7619  0.2745 
   00327    0.5650   -2873.1481  0.2830 
   00328    0.5925   -2874.5215  0.2810 
   00329    0.5575   -2934.1954  0.2820 
   00330    0.5775   -2937.0876  0.2794 
   00331    0.5550   -2926.0106  0.2764 
   00332    0.5775   -2886.1316  0.2753 
   00333    0.5625   -2968.8061  0.2666 
   00334    0.5475   -2966.0406  0.2618 
   00335    0.5375   -2946.0768  0.2677 
   00336    0.5625   -2909.2090  0.2642 
   00337    0.5375   -2891.9350  0.2639 
   00338    0.5375   -2873.9348  0.2609 
   00339    0.5750   -2855.8154  0.2598 
   00340    0.5800   -2882.9198  0.2592 
   00341    0.5775   -2911.9184  0.2643 
   00342    0.5525   -2916.1334  0.2690 
   00343    0.5825   -2899.5919  0.2698 
   00344    0.5275   -2952.8599  0.2598 
   00345    0.5625   -2930.9086  0.2675 
   00346    0.5800   -2899.4292  0.2594 
   00347    0.5775   -2959.6694  0.2622 
   00348    0.5525   -2927.9295  0.2693 
   00349    0.5475   -2973.5564  0.2855 
   00350    0.6100   -2898.7772  0.2930 
   00351    0.5525   -2910.5261  0.2989 
   00352    0.5775   -2900.1894  0.3035 
   00353    0.5625   -2893.2260  0.3068 
   00354    0.5650   -2891.0781  0.3045 
   00355    0.5675   -2894.8006  0.3037 
   00356    0.5400   -2887.5567  0.3005 
   00357    0.5800   -2914.9029  0.2975 
   00358    0.5750   -2974.6019  0.2994 
   00359    0.5725   -2958.4893  0.2924 
   00360    0.5750   -2958.6001  0.2966 
   00361    0.5450   -2939.8871  0.2985 
   00362    0.5825   -2956.1182  0.3043 
   00363    0.4900   -2935.1736  0.3113 
   00364    0.5675   -2994.7498  0.3122 
   00365    0.6250   -2922.2099  0.3145 
   00366    0.5525   -2923.5309  0.3196 
   00367    0.5950   -2914.2875  0.3178 
   00368    0.5675   -2862.1744  0.3206 
   00369    0.5875   -2904.3002  0.3257 
   00370    0.5400   -2943.0132  0.3291 
   00371    0.5375   -2960.2944  0.3266 
   00372    0.5825   -3021.4100  0.3354 
   00373    0.5650   -2974.1161  0.3321 
   00374    0.5525   -2984.4608  0.3394 
   00375    0.5675   -2990.5420  0.3340 
   00376    0.5450   -2992.2643  0.3233 
   00377    0.5100   -3058.5449  0.3274 
   00378    0.5350   -3072.0166  0.3283 
   00379    0.5575   -3057.1978  0.3301 
   00380    0.5325   -2995.7216  0.3291 
   00381    0.5850   -3000.6324  0.3355 
   00382    0.5525   -3029.5026  0.3351 
   00383    0.5350   -3036.7182  0.3322 
   00384    0.5625   -3053.2047  0.3358 
   00385    0.5775   -3082.2061  0.3255 
   00386    0.5475   -3073.2142  0.3199 
   00387    0.5800   -3056.9035  0.3186 
   00388    0.5450   -3131.0803  0.3222 
   00389    0.5650   -3088.8378  0.3239 
   00390    0.5300   -3078.9198  0.3231 
   00391    0.5550   -3038.6444  0.3072 
   00392    0.5500   -3025.7806  0.3075 
   00393    0.5500   -2987.6884  0.3055 
   00394    0.5450   -2950.6730  0.3094 
   00395    0.5400   -2970.7928  0.3058 
   00396    0.5400   -3016.6174  0.3048 
   00397    0.5750   -2999.8952  0.3037 
   00398    0.5225   -2916.9357  0.3039 
   00399    0.5675   -2895.3099  0.2976 
   00400    0.5775   -2947.8028  0.2962 
   00401    0.6150   -2966.0810  0.2997 
   00402    0.5450   -2976.5265  0.3122 
   00403    0.5550   -2980.5296  0.3173 
   00404    0.5625   -2986.1024  0.3166 
   00405    0.5975   -2985.7201  0.3246 
   00406    0.5900   -3027.8438  0.3206 
   00407    0.5975   -3019.0875  0.3254 
   00408    0.5850   -3005.6278  0.3263 
   00409    0.5650   -2982.5008  0.3213 
   00410    0.5175   -2983.2999  0.3222 
   00411    0.5500   -2939.0974  0.3185 
   00412    0.5625   -3005.2941  0.3120 
   00413    0.5625   -3007.7138  0.3133 
   00414    0.5775   -3004.7984  0.3218 
   00415    0.5725   -3016.9517  0.3211 
   00416    0.5325   -3019.5056  0.3250 
   00417    0.5450   -3024.9750  0.3180 
   00418    0.5575   -2998.0767  0.3170 
   00419    0.5750   -2999.8186  0.3177 
   00420    0.5325   -2991.6870  0.3087 
   00421    0.5400   -2976.0371  0.3155 
   00422    0.5600   -2933.7882  0.3213 
   00423    0.5700   -2927.4029  0.3112 
   00424    0.5325   -2939.4950  0.3151 
   00425    0.5250   -2964.0269  0.3131 
   00426    0.5550   -2913.2049  0.3160 
   00427    0.5175   -2985.9071  0.3240 
   00428    0.5850   -3002.2766  0.3155 
   00429    0.5750   -2993.8727  0.3068 
   00430    0.5225   -3022.9931  0.3117 
   00431    0.5525   -2999.1873  0.3061 
   00432    0.5400   -3028.3701  0.3118 
   00433    0.5325   -3037.8280  0.3084 
   00434    0.5575   -2967.8123  0.3081 
   00435    0.5200   -3012.0874  0.3087 
   00436    0.5250   -3006.9249  0.3168 
   00437    0.5275   -3013.1505  0.3102 
   00438    0.5625   -3060.6345  0.2974 
   00439    0.5625   -3003.9193  0.3042 
   00440    0.5700   -2996.9177  0.3020 
   00441    0.5375   -3011.0133  0.2966 
   00442    0.5525   -3009.2419  0.2929 
   00443    0.5450   -2970.3608  0.2918 
   00444    0.5500   -3027.1098  0.2999 
   00445    0.5125   -3089.9150  0.2962 
   00446    0.5425   -3141.0815  0.2977 
   00447    0.5200   -3118.8270  0.2921 
   00448    0.5300   -3098.1599  0.2950 
   00449    0.5625   -3113.8025  0.3026 
   00450    0.5700   -3139.4121  0.2964 
   00451    0.5075   -3159.9218  0.2914 
   00452    0.5450   -3132.9923  0.2864 
   00453    0.5400   -3115.8683  0.2732 
   00454    0.5225   -3136.8406  0.2742 
   00455    0.4925   -3123.5740  0.2675 
   00456    0.5375   -3109.0561  0.2667 
   00457    0.5625   -3115.2042  0.2626 
   00458    0.5775   -3111.4930  0.2632 
   00459    0.5175   -3117.3757  0.2676 
   00460    0.5250   -3122.1065  0.2673 
   00461    0.5175   -3095.0026  0.2642 
   00462    0.5200   -3108.5398  0.2697 
   00463    0.5800   -3117.1942  0.2849 
   00464    0.5025   -3122.5380  0.2930 
   00465    0.5175   -3142.6868  0.2997 
   00466    0.5225   -3112.1451  0.2971 
   00467    0.5575   -3080.3209  0.2901 
   00468    0.5525   -3104.8064  0.2718 
   00469    0.5225   -3107.7556  0.2736 
   00470    0.5475   -3162.1515  0.2765 
   00471    0.5500   -3180.9084  0.2847 
   00472    0.5475   -3216.7413  0.2877 
   00473    0.5575   -3206.6976  0.2957 
   00474    0.5500   -3183.9013  0.2911 
   00475    0.4950   -3203.8934  0.2881 
   00476    0.5275   -3228.0559  0.2839 
   00477    0.5175   -3189.1438  0.2843 
   00478    0.5575   -3139.5019  0.2936 
   00479    0.4950   -3142.1095  0.2976 
   00480    0.5600   -3122.0556  0.2901 
   00481    0.5475   -3073.8762  0.2910 
   00482    0.5325   -3003.9862  0.2855 
   00483    0.5350   -3043.7489  0.2902 
   00484    0.5625   -3069.3392  0.2857 
   00485    0.5900   -3077.5174  0.2930 
   00486    0.5675   -3078.1001  0.2869 
   00487    0.5200   -3048.4540  0.2873 
   00488    0.5475   -3074.0801  0.2847 
   00489    0.5325   -3030.8911  0.2816 
   00490    0.5375   -3019.8729  0.2832 
   00491    0.5250   -3043.0353  0.2986 
   00492    0.5500   -3036.8044  0.2986 
   00493    0.5875   -3012.2230  0.2883 
   00494    0.5575   -3049.4322  0.2770 
   00495    0.5825   -3068.8266  0.2882 
   00496    0.5525   -3082.1795  0.2863 
   00497    0.5600   -3048.7253  0.2835 
   00498    0.5675   -3018.5024  0.2815 
   00499    0.5375   -3009.8950  0.2791 
   00500    0.5700   -3088.1136  0.2833 
   00501    0.5450   -3094.3363  0.2683 
   00502    0.5225   -3104.5736  0.2721 
   00503    0.5350   -3131.1539  0.2751 
   00504    0.4950   -3122.3541  0.2703 
   00505    0.5825   -3107.7534  0.2680 
   00506    0.5250   -3124.4914  0.2714 
   00507    0.5000   -3108.9092  0.2781 
   00508    0.5450   -3057.8544  0.2765 
   00509    0.5150   -3098.9587  0.2677 
   00510    0.5025   -3096.4734  0.2757 
   00511    0.5675   -3149.8726  0.2832 
   00512    0.5250   -3079.3686  0.2813 
   00513    0.5175   -3059.1910  0.2832 
   00514    0.5425   -3112.8550  0.2656 
   00515    0.5625   -3085.1243  0.2590 
   00516    0.5650   -3067.3506  0.2641 
   00517    0.5375   -3047.0215  0.2621 
   00518    0.5625   -3062.1249  0.2548 
   00519    0.5350   -3098.6299  0.2580 
   00520    0.5200   -3115.1354  0.2616 
   00521    0.5575   -3136.7750  0.2613 
   00522    0.5500   -3180.9273  0.2627 
   00523    0.5300   -3126.5551  0.2550 
   00524    0.5525   -3040.8259  0.2669 
   00525    0.5750   -3065.0733  0.2738 
   00526    0.5275   -3058.4183  0.2735 
   00527    0.5150   -3021.4984  0.2662 
   00528    0.5750   -3021.9230  0.2624 
   00529    0.5700   -3063.0861  0.2561 
   00530    0.5500   -3051.5854  0.2609 
   00531    0.5125   -3059.1376  0.2620 
   00532    0.5850   -3047.0499  0.2724 
   00533    0.5350   -3042.1528  0.2783 
   00534    0.5200   -3055.3543  0.2863 
   00535    0.5750   -3100.3587  0.2897 
   00536    0.5600   -3104.5391  0.2839 
   00537    0.5175   -3053.4971  0.2848 
   00538    0.5575   -3070.2903  0.2816 
   00539    0.5550   -3052.2091  0.2729 
   00540    0.5650   -3025.6097  0.2672 
   00541    0.5625   -3002.3574  0.2643 
   00542    0.5575   -3000.0229  0.2782 
   00543    0.5175   -3012.7820  0.2824 
   00544    0.5550   -2980.0334  0.2776 
   00545    0.5875   -3005.0508  0.2801 
   00546    0.5675   -3076.1805  0.2843 
   00547    0.5550   -3102.9505  0.2811 
   00548    0.5250   -3097.8523  0.2736 
   00549    0.5325   -3100.0655  0.2731 
   00550    0.5750   -3059.6953  0.2689 
   00551    0.5425   -3079.0484  0.2734 
   00552    0.5825   -3020.8169  0.2672 
   00553    0.5525   -3014.1591  0.2662 
   00554    0.5450   -3015.1677  0.2736 
   00555    0.5675   -2981.1082  0.2719 
   00556    0.5600   -2956.5874  0.2813 
   00557    0.5475   -3004.4909  0.2913 
   00558    0.5500   -2981.5809  0.2852 
   00559    0.5600   -2996.7059  0.2861 
   00560    0.5300   -3027.3946  0.2835 
   00561    0.5200   -3037.0016  0.2847 
   00562    0.5075   -3086.8731  0.2922 
   00563    0.5825   -3078.1286  0.2924 
   00564    0.5425   -3128.6457  0.2894 
   00565    0.5625   -3085.9542  0.2972 
   00566    0.5500   -3088.7541  0.2935 
   00567    0.5525   -3066.9896  0.2909 
   00568    0.5700   -3097.7776  0.2931 
   00569    0.5350   -3091.9959  0.2909 
   00570    0.5575   -3118.6221  0.2872 
   00571    0.5225   -3082.4910  0.2849 
   00572    0.5425   -3041.2165  0.2712 
   00573    0.5250   -3051.4918  0.2670 
   00574    0.5325   -3074.9271  0.2736 
   00575    0.5675   -3046.5037  0.2898 
   00576    0.5925   -3039.2968  0.3067 
   00577    0.5450   -2996.5965  0.3118 
   00578    0.5675   -3041.8424  0.3234 
   00579    0.5400   -2991.6818  0.3204 
   00580    0.5775   -3021.1602  0.3288 
   00581    0.5550   -3007.9494  0.3321 
   00582    0.5600   -3048.5716  0.3284 
   00583    0.5450   -3064.8734  0.3197 
   00584    0.5575   -3091.2326  0.3234 
   00585    0.5425   -3029.1128  0.3179 
   00586    0.5500   -2964.5180  0.3079 
   00587    0.5250   -2986.8493  0.3097 
   00588    0.5550   -2969.8421  0.3056 
   00589    0.5625   -2983.5172  0.3009 
   00590    0.5400   -2998.2585  0.3009 
   00591    0.5300   -3065.9013  0.3040 
   00592    0.5875   -3026.5669  0.3128 
   00593    0.5950   -3022.7906  0.3037 
   00594    0.5825   -2968.9992  0.2992 
   00595    0.5775   -2971.7746  0.2948 
   00596    0.5725   -2991.7525  0.2982 
   00597    0.5475   -3041.5353  0.2870 
   00598    0.5775   -2991.3656  0.2914 
   00599    0.5400   -2992.6728  0.2868 
   00600    0.5550   -2967.9361  0.2962 
   00601    0.5550   -2965.5150  0.3040 
   00602    0.5525   -3054.2978  0.3086 
   00603    0.5225   -3069.4148  0.3100 
   00604    0.5300   -3091.4675  0.3107 
   00605    0.5525   -3077.9699  0.3089 
   00606    0.5525   -3046.9983  0.3155 
   00607    0.5825   -3027.8122  0.3118 
   00608    0.5525   -3042.7496  0.3094 
   00609    0.5200   -3076.2911  0.3107 
   00610    0.5575   -3083.4553  0.3120 
   00611    0.5275   -3092.2267  0.3085 
   00612    0.5700   -3053.9974  0.3151 
   00613    0.5300   -3035.7920  0.3122 
   00614    0.5650   -3009.9301  0.3098 
   00615    0.5475   -3073.7270  0.3015 
   00616    0.5950   -3046.5866  0.2956 
   00617    0.5075   -3063.3602  0.2951 
   00618    0.5525   -3081.4293  0.2894 
   00619    0.5625   -3076.6567  0.3010 
   00620    0.5600   -3077.3559  0.2981 
   00621    0.5600   -3024.3241  0.2974 
   00622    0.5925   -3031.0052  0.3072 
   00623    0.5500   -2984.3045  0.3073 
   00624    0.5300   -2987.5030  0.3092 
   00625    0.5700   -2942.8689  0.3026 
   00626    0.5900   -2984.1547  0.3075 
   00627    0.5400   -2957.8824  0.3130 
   00628    0.5525   -2919.6622  0.3051 
   00629    0.5400   -3008.0906  0.2974 
   00630    0.5525   -2969.1413  0.2954 
   00631    0.5775   -2989.7381  0.2997 
   00632    0.5300   -3030.1274  0.2930 
   00633    0.5250   -3010.3578  0.2959 
   00634    0.5325   -2968.3533  0.3026 
   00635    0.5300   -3018.1069  0.3055 
   00636    0.5525   -3046.7869  0.3093 
   00637    0.5725   -3091.9304  0.3133 
   00638    0.5850   -3072.0298  0.3203 
   00639    0.5625   -3063.8631  0.3152 
   00640    0.4975   -3043.7181  0.3099 
   00641    0.5750   -3025.2586  0.3121 
   00642    0.5150   -3064.2193  0.3203 
   00643    0.5725   -3057.9729  0.3237 
   00644    0.5050   -3018.1370  0.3198 
   00645    0.5475   -2976.5877  0.3176 
   00646    0.5450   -3007.4066  0.3252 
   00647    0.5900   -3055.0379  0.3296 
   00648    0.5500   -2994.6284  0.3194 
   00649    0.5725   -2989.7301  0.3125 
   00650    0.5450   -3013.2787  0.3018 
   00651    0.5700   -3015.8786  0.3008 
   00652    0.5325   -3009.0197  0.2988 
   00653    0.5550   -3022.5034  0.3051 
   00654    0.5275   -3066.2395  0.3029 
   00655    0.5600   -3067.2403  0.2986 
   00656    0.5700   -3077.6908  0.2969 
   00657    0.5400   -3085.2993  0.2962 
   00658    0.5525   -3097.8606  0.2994 
   00659    0.5325   -3102.5366  0.2984 
   00660    0.5650   -3098.1637  0.3051 
   00661    0.5300   -3073.5328  0.3021 
   00662    0.5250   -3091.9203  0.2892 
   00663    0.5600   -3112.9071  0.2952 
   00664    0.5375   -3130.0511  0.2926 
   00665    0.5750   -3088.8605  0.2938 
   00666    0.5300   -3089.8582  0.2948 
   00667    0.5550   -3101.5084  0.2991 
   00668    0.5575   -3006.0848  0.2958 
   00669    0.5600   -3011.8482  0.2961 
   00670    0.5625   -3013.6551  0.2945 
   00671    0.5700   -3061.0770  0.3030 
   00672    0.5450   -3088.7210  0.3062 
   00673    0.5125   -3044.3135  0.3041 
   00674    0.5475   -3061.7282  0.3043 
   00675    0.5225   -3086.2644  0.3034 
   00676    0.5125   -3136.1274  0.2944 
   00677    0.5775   -3132.3403  0.2996 
   00678    0.5200   -3130.0352  0.3033 
   00679    0.5550   -3098.5278  0.2968 
   00680    0.5200   -3101.9931  0.3004 
   00681    0.5275   -3091.5410  0.3019 
   00682    0.5450   -3073.5949  0.2952 
   00683    0.5250   -3089.4826  0.2901 
   00684    0.5425   -3098.6163  0.2943 
   00685    0.5725   -3084.9620  0.2859 
   00686    0.5275   -3051.1265  0.2837 
   00687    0.5700   -3090.9165  0.2812 
   00688    0.5650   -3063.0122  0.2905 
   00689    0.5425   -3090.0732  0.2820 
   00690    0.5000   -3115.6306  0.2780 
   00691    0.5600   -3144.8513  0.2833 
   00692    0.4950   -3116.8099  0.2949 
   00693    0.5450   -3125.1186  0.2947 
   00694    0.5300   -3167.3992  0.2920 
   00695    0.5675   -3101.8211  0.2898 
   00696    0.5475   -3088.6110  0.2897 
   00697    0.5375   -3045.9219  0.2790 
   00698    0.5650   -3014.3833  0.2864 
   00699    0.5375   -3060.2104  0.2909 
   00700    0.5850   -3079.8464  0.2921 
   00701    0.5450   -3063.3534  0.2952 
   00702    0.5250   -3033.3344  0.2934 
   00703    0.5775   -3059.9075  0.2984 
   00704    0.5475   -3027.5419  0.3008 
   00705    0.5650   -3048.3248  0.3039 
   00706    0.5275   -3088.3308  0.3063 
   00707    0.5475   -3102.7004  0.3086 
   00708    0.6100   -3063.0285  0.3094 
   00709    0.5675   -2988.4366  0.3089 
   00710    0.5475   -2972.2961  0.3008 
   00711    0.5375   -3014.3534  0.3030 
   00712    0.5275   -3022.4113  0.3059 
   00713    0.5350   -3022.6982  0.3056 
   00714    0.5675   -3076.7063  0.3076 
   00715    0.5500   -3078.1812  0.2992 
   00716    0.5500   -3066.3305  0.2963 
   00717    0.5625   -3029.1486  0.2977 
   00718    0.5300   -2975.7115  0.2905 
   00719    0.5650   -2945.8925  0.2807 
   00720    0.5250   -2967.5711  0.2844 
   00721    0.5775   -2952.9234  0.2944 
   00722    0.5725   -2940.8387  0.2941 
   00723    0.5100   -2893.1415  0.2780 
   00724    0.6150   -2863.1433  0.2834 
   00725    0.5300   -2873.3998  0.2825 
   00726    0.5550   -2845.7082  0.2862 
   00727    0.5675   -2871.7218  0.2953 
   00728    0.5550   -2873.0915  0.2865 
   00729    0.5375   -2866.0913  0.2801 
   00730    0.5450   -2849.6605  0.2676 
   00731    0.5775   -2833.2317  0.2831 
   00732    0.5725   -2806.8752  0.2687 
   00733    0.5975   -2836.1792  0.2640 
   00734    0.5550   -2838.4248  0.2602 
   00735    0.5850   -2870.6706  0.2591 
   00736    0.5675   -2929.4825  0.2617 
   00737    0.5875   -2936.2414  0.2663 
   00738    0.5500   -2983.5386  0.2548 
   00739    0.5525   -2962.5105  0.2655 
   00740    0.5575   -2917.8451  0.2658 
   00741    0.6325   -2897.9657  0.2739 
   00742    0.5875   -2879.1941  0.2815 
   00743    0.5675   -2950.3331  0.2773 
   00744    0.5750   -2942.1518  0.2721 
   00745    0.5950   -2974.2797  0.2625 
   00746    0.5425   -2985.0863  0.2734 
   00747    0.5775   -2979.6418  0.2772 
   00748    0.5650   -2982.4164  0.2728 
   00749    0.5700   -2988.4923  0.2711 
   00750    0.5625   -2970.8189  0.2626 
   00751    0.5025   -2982.3103  0.2629 
   00752    0.5525   -3000.2658  0.2565 
   00753    0.5475   -3025.4240  0.2531 
   00754    0.5525   -3016.2254  0.2642 
   00755    0.5475   -3038.7372  0.2542 
   00756    0.5400   -3085.3793  0.2541 
   00757    0.5700   -3143.6311  0.2539 
   00758    0.5600   -3132.8085  0.2629 
   00759    0.5450   -3109.0088  0.2641 
   00760    0.5350   -3139.5200  0.2631 
   00761    0.5675   -3102.3285  0.2698 
   00762    0.5375   -3108.5835  0.2676 
   00763    0.5650   -3055.9142  0.2691 
   00764    0.5475   -3014.8925  0.2747 
   00765    0.5500   -3009.0853  0.2641 
   00766    0.5250   -3019.5898  0.2681 
   00767    0.5300   -3047.3124  0.2787 
   00768    0.5500   -3018.8223  0.2798 
   00769    0.4925   -2967.6353  0.2842 
   00770    0.5175   -2961.9583  0.2790 
   00771    0.6125   -2996.0727  0.2828 
   00772    0.5575   -2999.3191  0.2760 
   00773    0.5550   -3018.1222  0.2712 
   00774    0.5575   -3044.3876  0.2769 
   00775    0.5800   -3027.6291  0.2872 
   00776    0.5750   -3013.1377  0.2847 
   00777    0.5325   -3049.4199  0.2868 
   00778    0.5875   -3010.8203  0.2788 
   00779    0.5825   -3045.2373  0.2902 
   00780    0.5850   -3028.1641  0.2820 
   00781    0.5725   -2989.2649  0.2763 
   00782    0.5700   -2972.8952  0.2779 
   00783    0.5400   -2972.2383  0.2766 
   00784    0.5650   -2982.0326  0.2813 
   00785    0.5700   -3054.7609  0.2840 
   00786    0.5550   -3025.6870  0.2879 
   00787    0.5400   -3067.6787  0.2744 
   00788    0.5575   -3025.9085  0.2676 
   00789    0.6075   -2964.8986  0.2509 
   00790    0.5475   -2972.8072  0.2552 
   00791    0.5875   -3021.9394  0.2608 
   00792    0.5450   -3054.7749  0.2582 
   00793    0.5100   -3051.2221  0.2736 
   00794    0.5675   -3076.3483  0.2812 
   00795    0.5600   -3076.3343  0.2788 
   00796    0.5250   -3086.2581  0.2805 
   00797    0.5475   -3091.9563  0.2769 
   00798    0.5900   -3061.0645  0.2744 
   00799    0.5475   -3028.6446  0.2777 
   00800    0.5575   -3040.2336  0.2796 
   00801    0.5500   -2977.6179  0.2858 
   00802    0.5750   -2976.8915  0.2763 
   00803    0.5300   -2949.4097  0.2771 
   00804    0.5675   -2963.5910  0.2852 
   00805    0.5400   -2952.0711  0.2887 
   00806    0.5500   -2980.5739  0.2814 
   00807    0.5500   -3009.2468  0.2877 
   00808    0.5400   -2956.2339  0.2870 
   00809    0.5725   -2968.2285  0.2805 
   00810    0.5425   -2972.8207  0.2798 
   00811    0.6175   -2937.4653  0.2774 
   00812    0.5775   -2910.9102  0.2921 
   00813    0.5400   -2887.5971  0.2859 
   00814    0.5650   -2906.7591  0.2971 
   00815    0.5325   -2939.3594  0.2822 
   00816    0.5300   -2932.4789  0.2785 
   00817    0.5925   -2885.4679  0.2642 
   00818    0.5150   -2869.1517  0.2675 
   00819    0.5925   -2895.3638  0.2745 
   00820    0.5950   -2946.6845  0.2737 
   00821    0.5675   -2961.0689  0.2750 
   00822    0.5500   -2922.2518  0.2673 
   00823    0.5725   -2934.0269  0.2578 
   00824    0.5500   -2977.6520  0.2579 
   00825    0.5200   -2998.3696  0.2598 
   00826    0.5950   -2994.6042  0.2666 
   00827    0.6100   -2967.1208  0.2719 
   00828    0.5825   -3011.1157  0.2777 
   00829    0.5250   -3074.3913  0.2858 
   00830    0.5775   -3106.1358  0.2993 
   00831    0.5700   -3119.8257  0.2929 
   00832    0.5400   -2984.8367  0.2885 
   00833    0.5525   -2978.0562  0.2887 
   00834    0.5675   -2962.3006  0.2823 
   00835    0.5525   -2956.3485  0.2796 
   00836    0.5450   -2975.9762  0.2766 
   00837    0.5750   -3023.5113  0.2768 
   00838    0.5575   -3033.5140  0.2709 
   00839    0.5375   -3042.8226  0.2743 
   00840    0.5425   -3030.6574  0.2745 
   00841    0.5500   -2995.9024  0.2698 
   00842    0.5475   -2973.5969  0.2551 
   00843    0.5575   -2985.9452  0.2648 
   00844    0.5050   -2952.4065  0.2602 
   00845    0.5150   -2923.9250  0.2649 
   00846    0.5800   -2924.8753  0.2674 
   00847    0.5500   -2934.1734  0.2699 
   00848    0.5650   -2924.7268  0.2722 
   00849    0.5450   -2924.8451  0.2654 
   00850    0.5575   -2944.1484  0.2655 
   00851    0.5725   -2950.8998  0.2648 
   00852    0.5475   -2888.9141  0.2605 
   00853    0.5500   -2924.3737  0.2577 
   00854    0.5650   -2930.1444  0.2588 
   00855    0.5425   -2988.2082  0.2585 
   00856    0.5750   -2961.2870  0.2681 
   00857    0.5275   -3005.2730  0.2716 
   00858    0.5200   -3021.6652  0.2713 
   00859    0.6000   -2998.9401  0.2721 
   00860    0.5400   -2990.5041  0.2745 
   00861    0.5625   -2984.0398  0.2714 
   00862    0.5325   -2998.5068  0.2685 
   00863    0.5925   -2982.8010  0.2526 
   00864    0.5650   -3017.8561  0.2565 
   00865    0.5475   -3021.6793  0.2581 
   00866    0.5450   -3010.8957  0.2657 
   00867    0.5075   -3040.5108  0.2701 
   00868    0.5550   -3048.3749  0.2698 
   00869    0.5550   -3068.5989  0.2788 
   00870    0.5450   -3036.9484  0.2667 
   00871    0.5450   -2989.9535  0.2596 
   00872    0.5600   -2993.4860  0.2601 
   00873    0.6125   -2982.0814  0.2699 
   00874    0.5925   -3003.9906  0.2697 
   00875    0.5750   -2956.2489  0.2711 
   00876    0.5475   -2904.9828  0.2751 
   00877    0.5625   -2944.8280  0.2771 
   00878    0.6075   -2920.5182  0.2711 
   00879    0.5675   -2916.7315  0.2723 
   00880    0.5475   -2922.9902  0.2790 
   00881    0.5550   -2998.9145  0.2698 
   00882    0.5550   -2968.7707  0.2714 
   00883    0.5300   -2980.1996  0.2662 
   00884    0.5550   -2988.0803  0.2605 
   00885    0.5750   -3038.3227  0.2659 
   00886    0.5800   -3022.8610  0.2640 
   00887    0.5825   -2935.9896  0.2687 
   00888    0.5775   -2897.2813  0.2638 
   00889    0.5200   -2916.4754  0.2614 
   00890    0.5375   -2899.8473  0.2602 
   00891    0.5325   -2851.7084  0.2667 
   00892    0.5325   -2916.0619  0.2698 
   00893    0.5625   -2938.1991  0.2702 
   00894    0.6125   -2910.1902  0.2705 
   00895    0.5525   -2972.1734  0.2710 
   00896    0.5225   -2997.8296  0.2747 
   00897    0.5775   -2987.9830  0.2773 
   00898    0.6025   -3027.2080  0.2902 
   00899    0.5475   -2998.5964  0.2964 
   00900    0.5550   -3025.7605  0.3000 
   00901    0.5700   -3004.2905  0.2969 
   00902    0.5850   -3043.0155  0.2938 
   00903    0.5475   -3023.8099  0.2836 
   00904    0.5975   -3072.1740  0.2978 
   00905    0.5450   -3030.5651  0.3006 
   00906    0.4950   -3018.7209  0.2981 
   00907    0.5550   -3089.6512  0.2919 
   00908    0.5400   -3080.9256  0.2939 
   00909    0.5450   -3090.6585  0.2957 
   00910    0.5575   -3112.2092  0.2950 
   00911    0.4850   -3136.8007  0.2862 
   00912    0.5500   -3124.2863  0.2878 
   00913    0.5250   -3138.1542  0.2922 
   00914    0.5350   -3143.5951  0.2917 
   00915    0.5500   -3159.0063  0.2911 
   00916    0.5300   -3181.0632  0.2873 
   00917    0.5225   -3166.0571  0.2911 
   00918    0.5325   -3187.4054  0.2873 
   00919    0.5075   -3130.7121  0.2875 
   00920    0.5225   -3127.1932  0.2884 
   00921    0.5675   -3130.0195  0.2920 
   00922    0.5550   -3090.9888  0.3005 
   00923    0.5500   -3120.3342  0.2969 
   00924    0.5375   -3088.1264  0.2896 
   00925    0.5550   -3131.4815  0.2867 
   00926    0.5100   -3109.5080  0.3012 
   00927    0.5325   -3057.6017  0.2930 
   00928    0.5400   -3088.0764  0.2894 
   00929    0.5150   -3115.6118  0.3002 
   00930    0.5200   -3150.1627  0.3002 
   00931    0.5125   -3169.5941  0.3055 
   00932    0.6000   -3122.7498  0.2914 
   00933    0.5325   -3140.4853  0.2970 
   00934    0.5350   -3117.7923  0.2979 
   00935    0.5325   -3122.3301  0.2993 
   00936    0.5425   -3166.1330  0.3037 
   00937    0.5500   -3142.3353  0.2956 
   00938    0.5350   -3110.8809  0.2845 
   00939    0.5825   -3077.3422  0.2765 
   00940    0.5525   -3051.5647  0.2781 
   00941    0.5675   -3057.6331  0.2692 
   00942    0.5300   -3094.4192  0.2707 
   00943    0.5225   -3118.1353  0.2747 
   00944    0.5225   -3105.1086  0.2832 
   00945    0.5025   -3072.9491  0.2867 
   00946    0.5050   -3026.4467  0.2888 
   00947    0.5700   -2953.7369  0.2843 
   00948    0.5275   -2990.3718  0.2813 
   00949    0.5750   -2995.4490  0.2859 
   00950    0.5375   -3018.9359  0.2886 
   00951    0.5825   -3010.2876  0.2844 
   00952    0.5325   -3081.8754  0.2923 
   00953    0.6275   -3025.3383  0.3025 
   00954    0.5475   -3035.5713  0.3078 
   00955    0.5900   -2977.0260  0.3178 
   00956    0.5775   -2945.9503  0.3310 
   00957    0.5950   -2900.6907  0.3372 
   00958    0.5575   -2936.7675  0.3444 
   00959    0.5400   -2953.8795  0.3343 
   00960    0.5650   -2962.2991  0.3335 
   00961    0.5575   -2947.2153  0.3270 
   00962    0.6100   -2985.4209  0.3293 
   00963    0.5550   -2981.1658  0.3229 
   00964    0.5600   -3038.9979  0.3220 
   00965    0.6100   -2992.6336  0.3218 
   00966    0.5575   -3018.3178  0.3244 
   00967    0.5500   -3034.7014  0.3208 
   00968    0.5650   -3036.1210  0.3241 
   00969    0.5625   -3094.4292  0.3255 
   00970    0.5375   -3081.5074  0.3165 
   00971    0.5650   -3042.1875  0.3123 
   00972    0.5450   -3063.7872  0.3107 
   00973    0.5650   -3028.8093  0.3138 
   00974    0.5600   -3073.6901  0.3301 
   00975    0.5725   -3051.7651  0.3182 
   00976    0.5600   -3099.2545  0.3221 
   00977    0.5675   -3119.0841  0.3173 
   00978    0.5350   -3082.4979  0.3070 
   00979    0.5550   -3095.0516  0.3001 
   00980    0.5450   -3058.9166  0.2999 
   00981    0.5825   -3091.5602  0.3016 
   00982    0.5525   -3030.4486  0.2963 
   00983    0.5500   -3040.6010  0.3047 
   00984    0.5450   -3035.8362  0.2947 
   00985    0.5925   -3064.2828  0.2933 
   00986    0.5375   -3059.9119  0.2915 
   00987    0.5700   -3079.6170  0.2808 
   00988    0.5425   -3092.1378  0.2768 
   00989    0.5200   -3125.8501  0.2780 
   00990    0.5625   -3077.3180  0.2715 
   00991    0.5450   -3081.9822  0.2665 
   00992    0.5225   -3048.0338  0.2636 
   00993    0.5600   -3124.6602  0.2663 
   00994    0.5300   -3105.1446  0.2594 
   00995    0.5150   -3117.9973  0.2755 
   00996    0.5600   -3162.1937  0.2753 
   00997    0.5625   -3144.9349  0.2725 
   00998    0.5775   -3161.7462  0.2777 
   00999    0.5300   -3147.0960  0.2725 
   01000    0.5800   -3165.0936  0.2700 
