#=====================================================
# File created:        Mon-06-Nov-2023-at-03-21-34PM
# Size of lattice:     80x80
# Number of MC steps:  1000
# Reduced temperature: 0.400
# Run time (s):        36.282433
#=====================================================
# MC step:  Ratio:     Energy:   Order:
#=====================================================
   00000    0.5000   -6314.4093  0.2579 
   00001    0.6798   -9245.6223  0.2600 
   00002    0.6361  -11364.9197  0.2643 
   00003    0.6091  -12974.2884  0.2684 
   00004    0.5677  -14220.5876  0.2657 
   00005    0.5561  -15077.8193  0.2658 
   00006    0.5292  -15870.3977  0.2759 
   00007    0.5238  -16569.3661  0.2830 
   00008    0.5055  -17094.5172  0.2860 
   00009    0.5072  -17591.9561  0.2837 
   00010    0.4963  -18112.6645  0.2873 
   00011    0.4905  -18487.1401  0.2917 
   00012    0.4791  -18834.5907  0.2966 
   00013    0.4759  -19052.3608  0.2992 
   00014    0.4727  -19282.7874  0.2968 
   00015    0.4813  -19511.7729  0.2974 
   00016    0.4641  -19679.0103  0.2988 
   00017    0.4675  -19774.7357  0.3008 
   00018    0.4609  -19925.1951  0.2985 
   00019    0.4584  -19987.8376  0.2983 
   00020    0.4627  -20142.4640  0.3013 
   00021    0.4677  -20227.9606  0.3053 
   00022    0.4648  -20301.4836  0.3113 
   00023    0.4491  -20344.4806  0.3124 
   00024    0.4591  -20422.3549  0.3190 
   00025    0.4617  -20541.0137  0.3249 
   00026    0.4606  -20589.9683  0.3305 
   00027    0.4636  -20633.3235  0.3311 
   00028    0.4500  -20699.8423  0.3303 
   00029    0.4333  -20818.8819  0.3318 
   00030    0.4339  -20865.5828  0.3365 
   00031    0.4489  -20991.6470  0.3382 
   00032    0.4425  -21037.8275  0.3405 
   00033    0.4470  -21109.4076  0.3434 
   00034    0.4300  -21108.3834  0.3479 
   00035    0.4420  -21143.1344  0.3481 
   00036    0.4416  -21158.2054  0.3477 
   00037    0.4495  -21138.4760  0.3498 
   00038    0.4453  -21207.9992  0.3504 
   00039    0.4387  -21169.9113  0.3539 
   00040    0.4506  -21198.0956  0.3542 
   00041    0.4389  -21219.2956  0.3542 
   00042    0.4341  -21305.9814  0.3528 
   00043    0.4395  -21342.1151  0.3520 
   00044    0.4355  -21367.9032  0.3499 
   00045    0.4416  -21386.0816  0.3483 
   00046    0.4389  -21424.9082  0.3489 
   00047    0.4394  -21457.4095  0.3528 
   00048    0.4397  -21464.2971  0.3537 
   00049    0.4363  -21467.2208  0.3531 
   00050    0.4556  -21501.4687  0.3540 
   00051    0.4352  -21540.5155  0.3558 
   00052    0.4328  -21553.2933  0.3547 
   00053    0.4275  -21564.0553  0.3551 
   00054    0.4309  -21571.6556  0.3583 
   00055    0.4264  -21587.0025  0.3563 
   00056    0.4442  -21625.4695  0.3580 
   00057    0.4323  -21674.6004  0.3583 
   00058    0.4447  -21724.8095  0.3554 
   00059    0.4419  -21717.2117  0.3559 
   00060    0.4366  -21694.7225  0.3567 
   00061    0.4378  -21686.0730  0.3573 
   00062    0.4342  -21761.7592  0.3548 
   00063    0.4322  -21790.4672  0.3581 
   00064    0.4311  -21835.1242  0.3613 
   00065    0.4395  -21774.8284  0.3609 
   00066    0.4394  -21805.3546  0.3641 
   00067    0.4267  -21777.3829  0.3601 
   00068    0.4398  -21808.6786  0.3555 
   00069    0.4508  -21844.5072  0.3518 
   00070    0.4380  -21863.0879  0.3523 
   00071    0.4412  -21831.1984  0.3493 
   00072    0.4270  -21798.5499  0.3517 
   00073    0.4381  -21848.1519  0.3542 
   00074    0.4395  -21902.4023  0.3566 
   00075    0.4437  -21877.5226  0.3574 
   00076    0.4211  -21902.4342  0.3592 
   00077    0.4411  -21934.4407  0.3643 
   00078    0.4230  -21959.4547  0.3657 
   00079    0.4298  -22026.4276  0.3648 
   00080    0.4289  -21999.8241  0.3666 
   00081    0.4281  -22007.3622  0.3691 
   00082    0.4267  -22010.1690  0.3732 
   00083    0.4197  -22084.9547  0.3750 
   00084    0.4353  -22046.5969  0.3792 
   00085    0.4331  -22081.7133  0.3788 
   00086    0.4309  -22023.9926  0.3786 
   00087    0.4317  -21970.8702  0.3838 
   00088    0.4336  -21986.4358  0.3824 
   00089    0.4366  -21976.6530  0.3828 
   00090    0.4231  -21928.2621  0.3884 
   00091    0.4398  -21979.0679  0.3901 
   00092    0.4423  -22014.8718  0.3889 
   00093    0.4339  -22076.7622  0.3894 
   00094    0.4303  -22085.2872  0.3910 
   00095    0.4392  -22055.5668  0.3956 
   00096    0.4330  -22094.1286  0.3944 
   00097    0.4459  -22076.4416  0.3961 
   00098    0.4345  -22100.6701  0.3985 
   00099    0.4353  -22090.6453  0.4005 
   00100    0.4341  -22113.7776  0.4002 
   00101    0.4341  -22142.1675  0.4018 
   00102    0.4311  -22136.1659  0.4026 
   00103    0.4317  -22134.1585  0.4030 
   00104    0.4227  -22106.2199  0.4007 
   00105    0.4352  -22097.3535  0.3980 
   00106    0.4286  -22090.2640  0.3996 
   00107    0.4427  -22083.6420  0.3985 
   00108    0.4380  -22144.8492  0.3999 
   00109    0.4292  -22126.7429  0.3998 
   00110    0.4345  -22086.8198  0.4012 
   00111    0.4378  -22114.6359  0.4056 
   00112    0.4384  -22099.8293  0.4065 
   00113    0.4259  -22133.5399  0.4053 
   00114    0.4222  -22138.7641  0.4088 
   00115    0.4292  -22152.7730  0.4076 
   00116    0.4314  -22105.5628  0.4123 
   00117    0.4322  -22165.9886  0.4111 
   00118    0.4309  -22152.4805  0.4145 
   00119    0.4263  -22152.5404  0.4179 
   00120    0.4458  -22153.5178  0.4162 
   00121    0.4384  -22154.7659  0.4123 
   00122    0.4281  -22135.3788  0.4164 
   00123    0.4369  -22186.3842  0.4188 
   00124    0.4358  -22168.5433  0.4198 
   00125    0.4306  -22183.9343  0.4196 
   00126    0.4359  -22183.0642  0.4198 
   00127    0.4263  -22272.0279  0.4182 
   00128    0.4294  -22152.8824  0.4197 
   00129    0.4380  -22135.9115  0.4166 
   00130    0.4320  -22163.6374  0.4145 
   00131    0.4394  -22181.9161  0.4120 
   00132    0.4325  -22175.4424  0.4096 
   00133    0.4330  -22210.2806  0.4127 
   00134    0.4294  -22126.3820  0.4121 
   00135    0.4328  -22199.6756  0.4104 
   00136    0.4317  -22208.9027  0.4076 
   00137    0.4270  -22198.5605  0.4099 
   00138    0.4322  -22213.2858  0.4112 
   00139    0.4342  -22235.0029  0.4120 
   00140    0.4289  -22209.1579  0.4117 
   00141    0.4277  -22169.5421  0.4092 
   00142    0.4284  -22180.1472  0.4079 
   00143    0.4334  -22219.4501  0.4071 
   00144    0.4300  -22292.6009  0.4059 
   00145    0.4408  -22340.8225  0.4033 
   00146    0.4425  -22323.0628  0.4048 
   00147    0.4288  -22221.9885  0.4007 
   00148    0.4338  -22243.3423  0.3985 
   00149    0.4327  -22223.5712  0.3975 
   00150    0.4250  -22242.6873  0.3979 
   00151    0.4317  -22285.3461  0.3973 
   00152    0.4336  -22288.4065  0.3977 
   00153    0.4269  -22293.8277  0.3973 
   00154    0.4233  -22305.7570  0.3972 
   00155    0.4317  -22302.2120  0.3976 
   00156    0.4344  -22315.2425  0.3969 
   00157    0.4261  -22323.7078  0.3961 
   00158    0.4256  -22293.0599  0.3969 
   00159    0.4195  -22307.1017  0.4009 
   00160    0.4353  -22308.6842  0.4021 
   00161    0.4442  -22341.1850  0.4029 
   00162    0.4188  -22345.6641  0.4054 
   00163    0.4213  -22259.6453  0.4034 
   00164    0.4380  -22273.4746  0.4027 
   00165    0.4317  -22305.2158  0.4041 
   00166    0.4302  -22326.5278  0.4054 
   00167    0.4167  -22374.0848  0.4111 
   00168    0.4366  -22369.9854  0.4107 
   00169    0.4377  -22356.6992  0.4095 
   00170    0.4327  -22275.4532  0.4110 
   00171    0.4333  -22302.7654  0.4101 
   00172    0.4300  -22290.2700  0.4099 
   00173    0.4317  -22307.1386  0.4118 
   00174    0.4411  -22263.5407  0.4095 
   00175    0.4370  -22247.3426  0.4117 
   00176    0.4333  -22183.9067  0.4106 
   00177    0.4341  -22185.8907  0.4102 
   00178    0.4206  -22236.9115  0.4119 
   00179    0.4317  -22204.3822  0.4121 
   00180    0.4323  -22237.1841  0.4105 
   00181    0.4375  -22242.1108  0.4107 
   00182    0.4341  -22255.5691  0.4138 
   00183    0.4317  -22272.9547  0.4195 
   00184    0.4250  -22313.5113  0.4181 
   00185    0.4311  -22293.2702  0.4181 
   00186    0.4239  -22338.5733  0.4229 
   00187    0.4230  -22305.7179  0.4215 
   00188    0.4356  -22316.5530  0.4213 
   00189    0.4252  -22274.0072  0.4224 
   00190    0.4281  -22277.6778  0.4176 
   00191    0.4322  -22278.6894  0.4177 
   00192    0.4225  -22266.8389  0.4144 
   00193    0.4269  -22251.6380  0.4128 
   00194    0.4361  -22302.0324  0.4105 
   00195    0.4308  -22331.1495  0.4106 
   00196    0.4295  -22322.9905  0.4091 
   00197    0.4225  -22301.2345  0.4125 
   00198    0.4255  -22324.4052  0.4129 
   00199    0.4288  -22293.2908  0.4151 
   00200    0.4294  -22321.6693  0.4143 
   00201    0.4339  -22384.1123  0.4157 
   00202    0.4238  -22374.4586  0.4145 
   00203    0.4252  -22424.6243  0.4107 
   00204    0.4317  -22426.4509  0.4107 
   00205    0.4269  -22391.1112  0.4127 
   00206    0.4277  -22368.7311  0.4132 
   00207    0.4267  -22333.9361  0.4135 
   00208    0.4283  -22363.3736  0.4153 
   00209    0.4406  -22405.9397  0.4157 
   00210    0.4339  -22345.0373  0.4166 
   00211    0.4261  -22349.8891  0.4169 
   00212    0.4216  -22372.3981  0.4202 
   00213    0.4205  -22369.8334  0.4215 
   00214    0.4272  -22418.4258  0.4233 
   00215    0.4161  -22423.0626  0.4246 
   00216    0.4250  -22366.7967  0.4252 
   00217    0.4341  -22300.9222  0.4232 
   00218    0.4336  -22327.5128  0.4255 
   00219    0.4311  -22335.5216  0.4287 
   00220    0.4306  -22326.2118  0.4317 
   00221    0.4294  -22303.4601  0.4315 
   00222    0.4369  -22327.5204  0.4347 
   00223    0.4394  -22359.4405  0.4376 
   00224    0.4223  -22369.1906  0.4326 
   00225    0.4341  -22386.9395  0.4377 
   00226    0.4223  -22339.3926  0.4377 
   00227    0.4244  -22400.3455  0.4381 
   00228    0.4345  -22366.3096  0.4365 
   00229    0.4378  -22383.1723  0.4384 
   00230    0.4175  -22366.4180  0.4410 
   00231    0.4228  -22332.5127  0.4428 
   00232    0.4355  -22395.7289  0.4374 
   00233    0.4220  -22361.4530  0.4395 
   00234    0.4448  -22326.0645  0.4409 
   00235    0.4281  -22319.3321  0.4417 
   00236    0.4397  -22357.2005  0.4422 
   00237    0.4286  -22398.1871  0.4382 
   00238    0.4275  -22423.4465  0.4366 
   00239    0.4297  -22407.6376  0.4354 
   00240    0.4281  -22437.9877  0.4362 
   00241    0.4313  -22393.7464  0.4333 
   00242    0.4242  -22425.9947  0.4340 
   00243    0.4384  -22416.6286  0.4355 
   00244    0.4313  -22423.7420  0.4373 
   00245    0.4275  -22435.6494  0.4380 
   00246    0.4289  -22470.3517  0.4375 
   00247    0.4186  -22428.6619  0.4343 
   00248    0.4239  -22446.4612  0.4360 
   00249    0.4358  -22441.0175  0.4370 
   00250    0.4233  -22461.9287  0.4369 
   00251    0.4334  -22412.0549  0.4353 
   00252    0.4245  -22433.4005  0.4351 
   00253    0.4278  -22406.8177  0.4381 
   00254    0.4309  -22395.6894  0.4368 
   00255    0.4317  -22377.6543  0.4391 
   00256    0.4317  -22409.0088  0.4388 
   00257    0.4322  -22419.8667  0.4425 
   00258    0.4319  -22408.7356  0.4432 
   00259    0.4352  -22349.5237  0.4414 
   00260    0.4211  -22406.2796  0.4433 
   00261    0.4344  -22430.7747  0.4461 
   00262    0.4261  -22390.8332  0.4476 
   00263    0.4344  -22341.8826  0.4499 
   00264    0.4341  -22316.2076  0.4531 
   00265    0.4306  -22331.6603  0.4504 
   00266    0.4234  -22320.4382  0.4506 
   00267    0.4280  -22329.8354  0.4523 
   00268    0.4281  -22403.3150  0.4543 
   00269    0.4342  -22382.2888  0.4558 
   00270    0.4403  -22376.3634  0.4571 
   00271    0.4263  -22370.9138  0.4573 
   00272    0.4298  -22405.9003  0.4547 
   00273    0.4316  -22429.7149  0.4567 
   00274    0.4288  -22372.9251  0.4581 
   00275    0.4420  -22394.7731  0.4560 
   00276    0.4339  -22359.7745  0.4567 
   00277    0.4300  -22437.5927  0.4556 
   00278    0.4291  -22445.1905  0.4539 
   00279    0.4169  -22511.5890  0.4542 
   00280    0.4263  -22521.5863  0.4572 
   00281    0.4238  -22485.8922  0.4579 
   00282    0.4233  -22471.0034  0.4597 
   00283    0.4252  -22535.1837  0.4604 
   00284    0.4188  -22475.4052  0.4604 
   00285    0.4272  -22477.3454  0.4606 
   00286    0.4300  -22447.3891  0.4600 
   00287    0.4164  -22457.4414  0.4628 
   00288    0.4286  -22462.8011  0.4634 
   00289    0.4223  -22436.6662  0.4609 
   00290    0.4256  -22502.7286  0.4645 
   00291    0.4320  -22461.0752  0.4631 
   00292    0.4236  -22483.8467  0.4631 
   00293    0.4359  -22518.1412  0.4637 
   00294    0.4294  -22487.8479  0.4630 
   00295    0.4317  -22451.4156  0.4659 
   00296    0.4358  -22422.6664  0.4634 
   00297    0.4269  -22449.2057  0.4623 
   00298    0.4317  -22396.0250  0.4599 
   00299    0.4331  -22427.6101  0.4618 
   00300    0.4245  -22452.3441  0.4620 
   00301    0.4256  -22459.8279  0.4594 
   00302    0.4291  -22459.8243  0.4607 
   00303    0.4217  -22441.4744  0.4575 
   00304    0.4330  -22513.8953  0.4594 
   00305    0.4311  -22477.3222  0.4585 
   00306    0.4259  -22487.4058  0.4542 
   00307    0.4294  -22527.7170  0.4525 
   00308    0.4231  -22504.7394  0.4504 
   00309    0.4277  -22500.8084  0.4497 
   00310    0.4253  -22532.0409  0.4534 
   00311    0.4181  -22479.3089  0.4542 
   00312    0.4294  -22546.5501  0.4568 
   00313    0.4275  -22502.3461  0.4581 
   00314    0.4350  -22528.6489  0.4619 
   00315    0.4308  -22511.0823  0.4620 
   00316    0.4320  -22543.0065  0.4621 
   00317    0.4278  -22473.4898  0.4637 
   00318    0.4298  -22500.2064  0.4612 
   00319    0.4347  -22503.0365  0.4622 
   00320    0.4230  -22487.3320  0.4644 
   00321    0.4231  -22470.4561  0.4665 
   00322    0.4263  -22456.8971  0.4663 
   00323    0.4281  -22465.9693  0.4641 
   00324    0.4281  -22453.8532  0.4645 
   00325    0.4272  -22524.3399  0.4642 
   00326    0.4330  -22511.5389  0.4639 
   00327    0.4177  -22489.4407  0.4611 
   00328    0.4302  -22494.8959  0.4640 
   00329    0.4348  -22562.0778  0.4646 
   00330    0.4263  -22508.5162  0.4633 
   00331    0.4206  -22508.0251  0.4614 
   00332    0.4209  -22497.0985  0.4610 
   00333    0.4189  -22526.5650  0.4592 
   00334    0.4294  -22528.4891  0.4593 
   00335    0.4294  -22548.5789  0.4557 
   00336    0.4236  -22534.4725  0.4561 
   00337    0.4278  -22557.0603  0.4538 
   00338    0.4255  -22457.4855  0.4534 
   00339    0.4244  -22484.3198  0.4535 
   00340    0.4386  -22512.3958  0.4546 
   00341    0.4316  -22572.4247  0.4575 
   00342    0.4281  -22573.4456  0.4581 
   00343    0.4177  -22563.1388  0.4567 
   00344    0.4166  -22576.3859  0.4587 
   00345    0.4245  -22606.5329  0.4605 
   00346    0.4189  -22638.0801  0.4608 
   00347    0.4177  -22620.5265  0.4606 
   00348    0.4294  -22577.1765  0.4589 
   00349    0.4245  -22575.0047  0.4608 
   00350    0.4306  -22565.3457  0.4573 
   00351    0.4330  -22454.3497  0.4575 
   00352    0.4244  -22470.7518  0.4593 
   00353    0.4289  -22453.6925  0.4569 
   00354    0.4373  -22448.6536  0.4602 
   00355    0.4238  -22442.1328  0.4591 
   00356    0.4255  -22464.5212  0.4577 
   00357    0.4305  -22514.4645  0.4588 
   00358    0.4245  -22550.7630  0.4593 
   00359    0.4270  -22540.3956  0.4604 
   00360    0.4113  -22526.1625  0.4621 
   00361    0.4269  -22530.0074  0.4613 
   00362    0.4322  -22527.7686  0.4609 
   00363    0.4320  -22512.8773  0.4598 
   00364    0.4275  -22562.6292  0.4599 
   00365    0.4294  -22547.1864  0.4634 
   00366    0.4219  -22542.8986  0.4664 
   00367    0.4206  -22566.7795  0.4660 
   00368    0.4072  -22548.1434  0.4630 
   00369    0.4266  -22526.4500  0.4602 
   00370    0.4267  -22488.4123  0.4626 
   00371    0.4345  -22545.8736  0.4667 
   00372    0.4155  -22592.0124  0.4691 
   00373    0.4236  -22534.3988  0.4702 
   00374    0.4158  -22568.1543  0.4712 
   00375    0.4370  -22546.2438  0.4715 
   00376    0.4325  -22525.8804  0.4752 
   00377    0.4161  -22502.0836  0.4783 
   00378    0.4313  -22542.0946  0.4765 
   00379    0.4252  -22514.9301  0.4737 
   00380    0.4330  -22559.6420  0.4747 
   00381    0.4323  -22527.4991  0.4725 
   00382    0.4369  -22495.3911  0.4712 
   00383    0.4264  -22486.8897  0.4691 
   00384    0.4269  -22493.6006  0.4670 
   00385    0.4386  -22542.8948  0.4642 
   00386    0.4261  -22486.9449  0.4643 
   00387    0.4188  -22513.1019  0.4670 
   00388    0.4433  -22568.1992  0.4669 
   00389    0.4308  -22592.2871  0.4659 
   00390    0.4250  -22576.2134  0.4684 
   00391    0.4209  -22551.4473  0.4677 
   00392    0.4269  -22575.6997  0.4650 
   00393    0.4159  -22576.4334  0.4598 
   00394    0.4153  -22551.7085  0.4570 
   00395    0.4241  -22548.4065  0.4583 
   00396    0.4197  -22557.7127  0.4613 
   00397    0.4280  -22578.5810  0.4657 
   00398    0.4247  -22536.8691  0.4626 
   00399    0.4219  -22551.5338  0.4624 
   00400    0.4278  -22493.2648  0.4599 
   00401    0.4297  -22495.4266  0.4605 
   00402    0.4338  -22523.1121  0.4590 
   00403    0.4180  -22528.3154  0.4589 
   00404    0.4230  -22585.7250  0.4573 
   00405    0.4191  -22531.1531  0.4518 
   00406    0.4336  -22550.8060  0.4522 
   00407    0.4239  -22610.6895  0.4532 
   00408    0.4267  -22554.2922  0.4547 
   00409    0.4175  -22603.9478  0.4569 
   00410    0.4164  -22626.7276  0.4576 
   00411    0.4170  -22629.6275  0.4601 
   00412    0.4197  -22682.4064  0.4573 
   00413    0.4283  -22695.0469  0.4565 
   00414    0.4192  -22731.7154  0.4577 
   00415    0.4258  -22671.3076  0.4600 
   00416    0.4263  -22656.9511  0.4617 
   00417    0.4227  -22622.8242  0.4604 
   00418    0.4100  -22597.0739  0.4574 
   00419    0.4164  -22650.7456  0.4602 
   00420    0.4252  -22655.9531  0.4600 
   00421    0.4138  -22613.2813  0.4596 
   00422    0.4294  -22651.4939  0.4596 
   00423    0.4256  -22644.5752  0.4625 
   00424    0.4255  -22638.4208  0.4611 
   00425    0.4283  -22639.3953  0.4610 
   00426    0.4288  -22588.8011  0.4587 
   00427    0.4225  -22610.7966  0.4590 
   00428    0.4147  -22638.6934  0.4586 
   00429    0.4234  -22632.0066  0.4588 
   00430    0.4522  -22642.0207  0.4589 
   00431    0.4158  -22636.1758  0.4598 
   00432    0.4222  -22650.9543  0.4621 
   00433    0.4238  -22601.1508  0.4611 
   00434    0.4206  -22607.1191  0.4595 
   00435    0.4358  -22615.3150  0.4589 
   00436    0.4352  -22602.1664  0.4582 
   00437    0.4216  -22573.3166  0.4564 
   00438    0.4275  -22537.9149  0.4560 
   00439    0.4267  -22553.8908  0.4541 
   00440    0.4320  -22566.2300  0.4531 
   00441    0.4350  -22581.7060  0.4562 
   00442    0.4152  -22542.2537  0.4551 
   00443    0.4302  -22491.0134  0.4575 
   00444    0.4416  -22451.7798  0.4574 
   00445    0.4358  -22533.6655  0.4577 
   00446    0.4253  -22529.1561  0.4596 
   00447    0.4361  -22560.9681  0.4619 
   00448    0.4308  -22555.7730  0.4626 
   00449    0.4273  -22573.4419  0.4626 
   00450    0.4261  -22582.5473  0.4614 
   00451    0.4295  -22610.1794  0.4603 
   00452    0.4272  -22661.7330  0.4619 
   00453    0.4206  -22583.4723  0.4600 
   00454    0.4258  -22590.5065  0.4598 
   00455    0.4291  -22557.3358  0.4590 
   00456    0.4127  -22514.8343  0.4584 
   00457    0.4289  -22577.3859  0.4638 
   00458    0.4273  -22565.8306  0.4671 
   00459    0.4206  -22519.9774  0.4659 
   00460    0.4211  -22531.7172  0.4646 
   00461    0.4213  -22501.7616  0.4651 
   00462    0.4236  -22512.4423  0.4627 
   00463    0.4267  -22537.8535  0.4648 
   00464    0.4389  -22576.2261  0.4614 
   00465    0.4242  -22558.4568  0.4636 
   00466    0.4202  -22567.0183  0.4615 
   00467    0.4275  -22553.4455  0.4637 
   00468    0.4302  -22529.4653  0.4633 
   00469    0.4255  -22558.6643  0.4633 
   00470    0.4192  -22591.6032  0.4655 
   00471    0.4222  -22567.4511  0.4669 
   00472    0.4205  -22562.8329  0.4667 
   00473    0.4317  -22518.6533  0.4734 
   00474    0.4242  -22527.9969  0.4758 
   00475    0.4317  -22476.8510  0.4754 
   00476    0.4288  -22552.8308  0.4783 
   00477    0.4192  -22507.0479  0.4782 
   00478    0.4320  -22490.7653  0.4749 
   00479    0.4192  -22569.9145  0.4728 
   00480    0.4250  -22497.0354  0.4755 
   00481    0.4366  -22533.3471  0.4783 
   00482    0.4430  -22523.2000  0.4794 
   00483    0.4217  -22535.1305  0.4782 
   00484    0.4294  -22555.5571  0.4786 
   00485    0.4219  -22550.2183  0.4805 
   00486    0.4327  -22570.3302  0.4805 
   00487    0.4292  -22587.6715  0.4796 
   00488    0.4345  -22614.0562  0.4800 
   00489    0.4242  -22659.4734  0.4794 
   00490    0.4347  -22638.6712  0.4778 
   00491    0.4291  -22611.2374  0.4807 
   00492    0.4164  -22586.3994  0.4838 
   00493    0.4244  -22606.1135  0.4828 
   00494    0.4184  -22667.5358  0.4851 
   00495    0.4236  -22696.7304  0.4813 
   00496    0.4172  -22693.8905  0.4835 
   00497    0.4194  -22673.6810  0.4818 
   00498    0.4294  -22713.8383  0.4805 
   00499    0.4289  -22689.1862  0.4811 
   00500    0.4178  -22615.2332  0.4793 
   00501    0.4270  -22621.6449  0.4824 
   00502    0.4253  -22612.6009  0.4796 
   00503    0.4302  -22617.1595  0.4787 
   00504    0.4164  -22621.1761  0.4801 
   00505    0.4216  -22629.9995  0.4797 
   00506    0.4352  -22639.6838  0.4794 
   00507    0.4223  -22622.1078  0.4812 
   00508    0.4284  -22647.6741  0.4804 
   00509    0.4405  -22710.8132  0.4816 
   00510    0.4316  -22676.4120  0.4812 
   00511    0.4252  -22677.4104  0.4826 
   00512    0.4156  -22632.9059  0.4818 
   00513    0.4291  -22568.5927  0.4845 
   00514    0.4391  -22603.9121  0.4819 
   00515    0.4334  -22571.1261  0.4808 
   00516    0.4197  -22589.3935  0.4839 
   00517    0.4270  -22615.1206  0.4841 
   00518    0.4316  -22634.5284  0.4835 
   00519    0.4230  -22644.5880  0.4836 
   00520    0.4389  -22572.3299  0.4819 
   00521    0.4270  -22585.5186  0.4820 
   00522    0.4308  -22589.2024  0.4797 
   00523    0.4211  -22586.3724  0.4772 
   00524    0.4216  -22637.6897  0.4790 
   00525    0.4245  -22569.8669  0.4790 
   00526    0.4298  -22589.3504  0.4800 
   00527    0.4319  -22617.9054  0.4844 
   00528    0.4328  -22588.4033  0.4876 
   00529    0.4289  -22566.2505  0.4876 
   00530    0.4214  -22504.0998  0.4897 
   00531    0.4248  -22543.4488  0.4924 
   00532    0.4308  -22569.1684  0.4908 
   00533    0.4220  -22616.5520  0.4911 
   00534    0.4188  -22631.3856  0.4891 
   00535    0.4136  -22607.1217  0.4919 
   00536    0.4158  -22612.6954  0.4912 
   00537    0.4297  -22626.2383  0.4932 
   00538    0.4195  -22618.9820  0.4949 
   00539    0.4308  -22553.8425  0.4944 
   00540    0.4216  -22551.6072  0.4966 
   00541    0.4308  -22553.0816  0.4928 
   00542    0.4206  -22570.9498  0.4969 
   00543    0.4195  -22587.6851  0.4957 
   00544    0.4284  -22643.0300  0.4967 
   00545    0.4253  -22550.3538  0.4961 
   00546    0.4245  -22600.8699  0.4973 
   00547    0.4198  -22604.5912  0.4958 
   00548    0.4284  -22596.5944  0.4980 
   00549    0.4173  -22629.3980  0.4977 
   00550    0.4247  -22574.1705  0.4946 
   00551    0.4195  -22540.7086  0.4928 
   00552    0.4169  -22542.4081  0.4933 
   00553    0.4289  -22572.9314  0.4888 
   00554    0.4217  -22613.6385  0.4905 
   00555    0.4219  -22620.3312  0.4902 
   00556    0.4186  -22588.2268  0.4865 
   00557    0.4230  -22612.0178  0.4897 
   00558    0.4170  -22648.3862  0.4894 
   00559    0.4225  -22632.2723  0.4899 
   00560    0.4178  -22646.0565  0.4900 
   00561    0.4273  -22611.0338  0.4888 
   00562    0.4253  -22615.6183  0.4893 
   00563    0.4320  -22628.2593  0.4879 
   00564    0.4358  -22631.5006  0.4895 
   00565    0.4255  -22680.0322  0.4908 
   00566    0.4061  -22662.2605  0.4937 
   00567    0.4189  -22698.1415  0.4952 
   00568    0.4219  -22708.0585  0.4956 
   00569    0.4173  -22618.4705  0.4930 
   00570    0.4206  -22545.5161  0.4904 
   00571    0.4331  -22564.0730  0.4916 
   00572    0.4267  -22581.7393  0.4896 
   00573    0.4234  -22594.6256  0.4914 
   00574    0.4295  -22588.7655  0.4854 
   00575    0.4175  -22602.8842  0.4888 
   00576    0.4205  -22559.5683  0.4883 
   00577    0.4330  -22590.0899  0.4884 
   00578    0.4216  -22605.3410  0.4896 
   00579    0.4134  -22562.4310  0.4893 
   00580    0.4264  -22546.2583  0.4918 
   00581    0.4228  -22558.4281  0.4930 
   00582    0.4277  -22578.5169  0.4953 
   00583    0.4244  -22565.6983  0.4924 
   00584    0.4211  -22565.5710  0.4918 
   00585    0.4175  -22556.4086  0.4911 
   00586    0.4278  -22534.1469  0.4910 
   00587    0.4181  -22519.3570  0.4894 
   00588    0.4242  -22535.9687  0.4896 
   00589    0.4345  -22546.7473  0.4941 
   00590    0.4244  -22548.1249  0.4945 
   00591    0.4267  -22565.7375  0.4934 
   00592    0.4236  -22587.2084  0.4943 
   00593    0.4272  -22621.3281  0.4931 
   00594    0.4302  -22622.0984  0.4934 
   00595    0.4241  -22672.9732  0.4940 
   00596    0.4120  -22670.0334  0.4923 
   00597    0.4192  -22676.6455  0.4962 
   00598    0.4303  -22650.0338  0.4992 
   00599    0.4289  -22654.7556  0.4954 
   00600    0.4317  -22662.6526  0.4922 
   00601    0.4216  -22624.1987  0.4902 
   00602    0.4302  -22619.0675  0.4902 
   00603    0.4284  -22613.9992  0.4913 
   00604    0.4252  -22653.5969  0.4923 
   00605    0.4300  -22626.7660  0.4917 
   00606    0.4184  -22584.2029  0.4913 
   00607    0.4255  -22571.4457  0.4907 
   00608    0.4269  -22559.1183  0.4946 
   00609    0.4319  -22598.0451  0.4996 
   00610    0.4197  -22614.4719  0.5039 
   00611    0.4136  -22652.8217  0.5072 
   00612    0.4284  -22626.2861  0.5074 
   00613    0.4336  -22676.6772  0.5094 
   00614    0.4247  -22650.2564  0.5092 
   00615    0.4214  -22631.7552  0.5069 
   00616    0.4244  -22579.6819  0.5095 
   00617    0.4316  -22601.2170  0.5109 
   00618    0.4277  -22635.7140  0.5108 
   00619    0.4286  -22641.7961  0.5107 
   00620    0.4208  -22615.8302  0.5117 
   00621    0.4319  -22615.1053  0.5100 
   00622    0.4169  -22613.5751  0.5123 
   00623    0.4305  -22669.9818  0.5109 
   00624    0.4222  -22639.3483  0.5130 
   00625    0.4250  -22649.7673  0.5130 
   00626    0.4272  -22662.7332  0.5131 
   00627    0.4313  -22658.5286  0.5125 
   00628    0.4220  -22654.0008  0.5143 
   00629    0.4333  -22651.6803  0.5142 
   00630    0.4352  -22545.2129  0.5156 
   00631    0.4286  -22577.1162  0.5159 
   00632    0.4297  -22590.9292  0.5156 
   00633    0.4364  -22609.6514  0.5179 
   00634    0.4131  -22615.4768  0.5193 
   00635    0.4278  -22643.6933  0.5215 
   00636    0.4259  -22571.8854  0.5201 
   00637    0.4216  -22511.3155  0.5178 
   00638    0.4305  -22492.4263  0.5211 
   00639    0.4289  -22486.5384  0.5177 
   00640    0.4300  -22420.2293  0.5156 
   00641    0.4250  -22458.0562  0.5174 
   00642    0.4205  -22489.0021  0.5168 
   00643    0.4283  -22471.8327  0.5178 
   00644    0.4369  -22483.1941  0.5197 
   00645    0.4231  -22574.8605  0.5206 
   00646    0.4350  -22530.5338  0.5184 
   00647    0.4239  -22525.6308  0.5204 
   00648    0.4234  -22523.6745  0.5243 
   00649    0.4353  -22494.9696  0.5261 
   00650    0.4166  -22530.0366  0.5272 
   00651    0.4350  -22539.4514  0.5240 
   00652    0.4166  -22558.1052  0.5268 
   00653    0.4267  -22605.1165  0.5265 
   00654    0.4133  -22626.1356  0.5262 
   00655    0.4158  -22545.8683  0.5223 
   00656    0.4373  -22594.3143  0.5213 
   00657    0.4280  -22601.2593  0.5227 
   00658    0.4236  -22528.8362  0.5232 
   00659    0.4341  -22624.1673  0.5297 
   00660    0.4184  -22622.8746  0.5306 
   00661    0.4198  -22621.7184  0.5284 
   00662    0.4220  -22583.9718  0.5251 
   00663    0.4211  -22600.4172  0.5254 
   00664    0.4264  -22557.2219  0.5279 
   00665    0.4180  -22595.7951  0.5312 
   00666    0.4369  -22581.9206  0.5268 
   00667    0.4327  -22597.8638  0.5248 
   00668    0.4241  -22592.1146  0.5240 
   00669    0.4128  -22586.0071  0.5225 
   00670    0.4181  -22638.0949  0.5232 
   00671    0.4191  -22685.5227  0.5239 
   00672    0.4286  -22619.2181  0.5229 
   00673    0.4261  -22596.5689  0.5254 
   00674    0.4238  -22581.7197  0.5234 
   00675    0.4320  -22608.3975  0.5226 
   00676    0.4227  -22654.2349  0.5245 
   00677    0.4120  -22637.1112  0.5250 
   00678    0.4166  -22594.6849  0.5230 
   00679    0.4286  -22604.0570  0.5230 
   00680    0.4167  -22594.5838  0.5212 
   00681    0.4216  -22612.1098  0.5204 
   00682    0.4313  -22617.8279  0.5194 
   00683    0.4183  -22628.2956  0.5198 
   00684    0.4238  -22613.6198  0.5218 
   00685    0.4291  -22589.3077  0.5242 
   00686    0.4145  -22613.5149  0.5238 
   00687    0.4341  -22602.2634  0.5237 
   00688    0.4323  -22588.4016  0.5278 
   00689    0.4270  -22588.1984  0.5282 
   00690    0.4313  -22567.5390  0.5276 
   00691    0.4316  -22534.2139  0.5293 
   00692    0.4325  -22535.3947  0.5265 
   00693    0.4245  -22603.4494  0.5257 
   00694    0.4380  -22550.8927  0.5255 
   00695    0.4289  -22602.5010  0.5260 
   00696    0.4223  -22593.5587  0.5277 
   00697    0.4131  -22591.8004  0.5281 
   00698    0.4325  -22603.6643  0.5268 
   00699    0.4261  -22644.7587  0.5264 
   00700    0.4323  -22593.8637  0.5228 
   00701    0.4269  -22606.6908  0.5216 
   00702    0.4155  -22642.2937  0.5224 
   00703    0.4202  -22641.2158  0.5254 
   00704    0.4266  -22632.6114  0.5310 
   00705    0.4241  -22653.4530  0.5332 
   00706    0.4209  -22645.1087  0.5310 
   00707    0.4314  -22600.3608  0.5269 
   00708    0.4217  -22652.3474  0.5304 
   00709    0.4211  -22620.2294  0.5295 
   00710    0.4397  -22623.6204  0.5304 
   00711    0.4339  -22617.9426  0.5303 
   00712    0.4250  -22639.3934  0.5272 
   00713    0.4058  -22580.3347  0.5285 
   00714    0.4286  -22572.4215  0.5291 
   00715    0.4177  -22604.3790  0.5285 
   00716    0.4175  -22623.4282  0.5268 
   00717    0.4247  -22656.1548  0.5267 
   00718    0.4195  -22673.2667  0.5279 
   00719    0.4200  -22650.3275  0.5296 
   00720    0.4209  -22659.6340  0.5329 
   00721    0.4264  -22672.1404  0.5340 
   00722    0.4138  -22638.0639  0.5344 
   00723    0.4198  -22659.3878  0.5346 
   00724    0.4191  -22626.0010  0.5311 
   00725    0.4148  -22655.3964  0.5277 
   00726    0.4219  -22626.4448  0.5253 
   00727    0.4222  -22681.0439  0.5240 
   00728    0.4302  -22643.1144  0.5188 
   00729    0.4266  -22676.3015  0.5212 
   00730    0.4231  -22703.9929  0.5225 
   00731    0.4231  -22673.7964  0.5239 
   00732    0.4309  -22683.2423  0.5286 
   00733    0.4291  -22649.1716  0.5243 
   00734    0.4278  -22650.7876  0.5249 
   00735    0.4184  -22634.0532  0.5250 
   00736    0.4297  -22624.3019  0.5248 
   00737    0.4319  -22566.8777  0.5244 
   00738    0.4195  -22549.1639  0.5268 
   00739    0.4219  -22598.0733  0.5260 
   00740    0.4239  -22587.4735  0.5260 
   00741    0.4248  -22645.8620  0.5297 
   00742    0.4300  -22669.0900  0.5235 
   00743    0.4280  -22674.0660  0.5213 
   00744    0.4186  -22748.6689  0.5175 
   00745    0.4286  -22712.2333  0.5169 
   00746    0.4292  -22695.0474  0.5183 
   00747    0.4136  -22697.1159  0.5189 
   00748    0.4238  -22662.5998  0.5200 
   00749    0.4198  -22660.0661  0.5220 
   00750    0.4291  -22674.3858  0.5207 
   00751    0.4188  -22724.7017  0.5231 
   00752    0.4209  -22748.7309  0.5202 
   00753    0.4236  -22720.0102  0.5207 
   00754    0.4270  -22760.2481  0.5230 
   00755    0.4267  -22726.9575  0.5210 
   00756    0.4286  -22710.2688  0.5240 
   00757    0.4095  -22702.0348  0.5225 
   00758    0.4305  -22639.5533  0.5245 
   00759    0.4295  -22607.9675  0.5237 
   00760    0.4356  -22662.7081  0.5273 
   00761    0.4323  -22657.4003  0.5284 
   00762    0.4167  -22688.1155  0.5269 
   00763    0.4300  -22685.0948  0.5266 
   00764    0.4261  -22669.4857  0.5272 
   00765    0.4191  -22661.6125  0.5258 
   00766    0.4200  -22595.9335  0.5270 
   00767    0.4248  -22581.7537  0.5270 
   00768    0.4217  -22597.3534  0.5272 
   00769    0.4261  -22579.8828  0.5272 
   00770    0.4244  -22610.7797  0.5281 
   00771    0.4158  -22640.3138  0.5266 
   00772    0.4302  -22630.3613  0.5239 
   00773    0.4145  -22682.3579  0.5245 
   00774    0.4275  -22715.0996  0.5215 
   00775    0.4327  -22687.1155  0.5207 
   00776    0.4184  -22627.4577  0.5183 
   00777    0.4231  -22618.7594  0.5186 
   00778    0.4197  -22596.8482  0.5212 
   00779    0.4333  -22563.0603  0.5222 
   00780    0.4277  -22553.4600  0.5240 
   00781    0.4253  -22553.0205  0.5224 
   00782    0.4248  -22582.0219  0.5245 
   00783    0.4203  -22630.2855  0.5242 
   00784    0.4205  -22643.5407  0.5219 
   00785    0.4233  -22635.7270  0.5177 
   00786    0.4161  -22700.2967  0.5185 
   00787    0.4180  -22661.3830  0.5183 
   00788    0.4313  -22645.7346  0.5195 
   00789    0.4344  -22711.5121  0.5166 
   00790    0.4244  -22681.8193  0.5163 
   00791    0.4234  -22642.4390  0.5163 
   00792    0.4308  -22665.5097  0.5140 
   00793    0.4200  -22690.9812  0.5127 
   00794    0.4195  -22697.5979  0.5100 
   00795    0.4198  -22664.6146  0.5119 
   00796    0.4225  -22710.9189  0.5089 
   00797    0.4184  -22653.3977  0.5080 
   00798    0.4330  -22715.2356  0.5089 
   00799    0.4200  -22696.1328  0.5052 
   00800    0.4239  -22593.3085  0.5031 
   00801    0.4261  -22572.0605  0.5048 
   00802    0.4267  -22535.3150  0.5021 
   00803    0.4320  -22553.8156  0.5008 
   00804    0.4202  -22515.7506  0.5025 
   00805    0.4236  -22546.7706  0.5026 
   00806    0.4203  -22582.8719  0.5055 
   00807    0.4313  -22582.1323  0.5092 
   00808    0.4203  -22587.0064  0.5088 
   00809    0.4189  -22607.0834  0.5092 
   00810    0.4239  -22581.7248  0.5063 
   00811    0.4370  -22554.0246  0.5033 
   00812    0.4280  -22582.2382  0.5061 
   00813    0.4270  -22672.0562  0.5049 
   00814    0.4267  -22644.8138  0.5060 
   00815    0.4259  -22602.3298  0.5059 
   00816    0.4238  -22592.6207  0.5070 
   00817    0.4252  -22667.3747  0.5123 
   00818    0.4263  -22633.3816  0.5122 
   00819    0.4198  -22615.6990  0.5126 
   00820    0.4195  -22620.4113  0.5109 
   00821    0.4320  -22541.5164  0.5067 
   00822    0.4305  -22565.4168  0.5066 
   00823    0.4328  -22569.1642  0.5061 
   00824    0.4205  -22612.5918  0.5046 
   00825    0.4183  -22710.8968  0.5063 
   00826    0.4250  -22747.8055  0.5078 
   00827    0.4233  -22696.2116  0.5083 
   00828    0.4184  -22694.3713  0.5079 
   00829    0.4228  -22687.9085  0.5130 
   00830    0.4228  -22728.9501  0.5143 
   00831    0.4230  -22708.5223  0.5176 
   00832    0.4239  -22702.5340  0.5152 
   00833    0.4223  -22747.9066  0.5143 
   00834    0.4217  -22727.5865  0.5127 
   00835    0.4142  -22759.4551  0.5125 
   00836    0.4277  -22691.4257  0.5135 
   00837    0.4291  -22656.0525  0.5130 
   00838    0.4220  -22686.4939  0.5157 
   00839    0.4269  -22638.6223  0.5156 
   00840    0.4173  -22607.5631  0.5146 
   00841    0.4317  -22621.7532  0.5156 
   00842    0.4281  -22666.1970  0.5169 
   00843    0.4284  -22687.4484  0.5146 
   00844    0.4277  -22626.1453  0.5133 
   00845    0.4164  -22604.1525  0.5147 
   00846    0.4209  -22633.9820  0.5155 
   00847    0.4338  -22621.0126  0.5129 
   00848    0.4209  -22563.2901  0.5131 
   00849    0.4216  -22618.3633  0.5134 
   00850    0.4328  -22613.4838  0.5166 
   00851    0.4320  -22615.5869  0.5149 
   00852    0.4206  -22693.9205  0.5170 
   00853    0.4300  -22704.7721  0.5177 
   00854    0.4217  -22737.7342  0.5223 
   00855    0.4300  -22740.0728  0.5234 
   00856    0.4219  -22705.6649  0.5246 
   00857    0.4095  -22669.5064  0.5225 
   00858    0.4241  -22654.0300  0.5238 
   00859    0.4289  -22691.9970  0.5247 
   00860    0.4208  -22655.3717  0.5244 
   00861    0.4252  -22636.4480  0.5238 
   00862    0.4359  -22608.0630  0.5220 
   00863    0.4230  -22614.0675  0.5208 
   00864    0.4180  -22616.3311  0.5223 
   00865    0.4295  -22698.3433  0.5248 
   00866    0.4314  -22712.2189  0.5254 
   00867    0.4177  -22742.5736  0.5231 
   00868    0.4166  -22724.7776  0.5268 
   00869    0.4294  -22680.9611  0.5242 
   00870    0.4236  -22674.1715  0.5221 
   00871    0.4325  -22610.3929  0.5201 
   00872    0.4222  -22637.4629  0.5190 
   00873    0.4242  -22632.8335  0.5188 
   00874    0.4297  -22649.9233  0.5206 
   00875    0.4238  -22628.9517  0.5187 
   00876    0.4245  -22652.4426  0.5210 
   00877    0.4194  -22688.9312  0.5220 
   00878    0.4230  -22661.1058  0.5183 
   00879    0.4322  -22655.1254  0.5162 
   00880    0.4214  -22625.2765  0.5178 
   00881    0.4345  -22657.9741  0.5179 
   00882    0.4247  -22606.4039  0.5170 
   00883    0.4248  -22586.9128  0.5161 
   00884    0.4269  -22558.1925  0.5160 
   00885    0.4213  -22569.0696  0.5186 
   00886    0.4280  -22619.2613  0.5218 
   00887    0.4309  -22602.9422  0.5205 
   00888    0.4223  -22648.8686  0.5224 
   00889    0.4263  -22654.5453  0.5250 
   00890    0.4213  -22646.4153  0.5261 
   00891    0.4338  -22668.3162  0.5297 
   00892    0.4264  -22692.9932  0.5278 
   00893    0.4205  -22673.0172  0.5309 
   00894    0.4194  -22684.4928  0.5349 
   00895    0.4223  -22637.5636  0.5344 
   00896    0.4164  -22728.5430  0.5338 
   00897    0.4344  -22717.8177  0.5370 
   00898    0.4317  -22667.5450  0.5362 
   00899    0.4178  -22697.7865  0.5380 
   00900    0.4195  -22681.0361  0.5402 
   00901    0.4186  -22705.5897  0.5406 
   00902    0.4214  -22687.8038  0.5432 
   00903    0.4273  -22756.7777  0.5405 
   00904    0.4144  -22755.1372  0.5411 
   00905    0.4352  -22718.4766  0.5416 
   00906    0.4325  -22617.7360  0.5441 
   00907    0.4248  -22610.5957  0.5475 
   00908    0.4305  -22625.9050  0.5472 
   00909    0.4222  -22659.9221  0.5433 
   00910    0.4313  -22692.5371  0.5432 
   00911    0.4234  -22651.0742  0.5408 
   00912    0.4206  -22657.4535  0.5387 
   00913    0.4186  -22634.2013  0.5403 
   00914    0.4289  -22662.1403  0.5410 
   00915    0.4214  -22668.2470  0.5416 
   00916    0.4288  -22663.1572  0.5417 
   00917    0.4123  -22626.4241  0.5408 
   00918    0.4309  -22600.6899  0.5396 
   00919    0.4236  -22625.5551  0.5377 
   00920    0.4070  -22664.8737  0.5332 
   00921    0.4213  -22633.7054  0.5346 
   00922    0.4289  -22629.0624  0.5341 
   00923    0.4330  -22645.8671  0.5364 
   00924    0.4211  -22610.1715  0.5362 
   00925    0.4437  -22563.5471  0.5363 
   00926    0.4173  -22615.1337  0.5385 
   00927    0.4316  -22659.2616  0.5386 
   00928    0.4341  -22655.3453  0.5367 
   00929    0.4297  -22653.6122  0.5370 
   00930    0.4234  -22608.9485  0.5388 
   00931    0.4267  -22591.0282  0.5417 
   00932    0.4147  -22652.3037  0.5413 
   00933    0.4167  -22643.8170  0.5433 
   00934    0.4292  -22656.9650  0.5443 
   00935    0.4219  -22675.5044  0.5460 
   00936    0.4158  -22629.3232  0.5466 
   00937    0.4348  -22580.2672  0.5451 
   00938    0.4180  -22629.9229  0.5446 
   00939    0.4350  -22623.0267  0.5488 
   00940    0.4267  -22650.8910  0.5478 
   00941    0.4295  -22671.4320  0.5499 
   00942    0.4328  -22717.9575  0.5486 
   00943    0.4145  -22671.9805  0.5478 
   00944    0.4180  -22659.5301  0.5465 
   00945    0.4286  -22671.3551  0.5471 
   00946    0.4323  -22645.3454  0.5449 
   00947    0.4395  -22641.3488  0.5469 
   00948    0.4384  -22659.6534  0.5488 
   00949    0.4300  -22629.6020  0.5538 
   00950    0.4244  -22701.3798  0.5571 
   00951    0.4302  -22742.7964  0.5561 
   00952    0.4256  -22742.5923  0.5554 
   00953    0.4245  -22716.9596  0.5565 
   00954    0.4258  -22702.3547  0.5549 
   00955    0.4278  -22745.9678  0.5537 
   00956    0.4156  -22697.3558  0.5515 
   00957    0.4211  -22711.4617  0.5501 
   00958    0.4384  -22686.1077  0.5465 
   00959    0.4259  -22670.2189  0.5480 
   00960    0.4252  -22693.6679  0.5501 
   00961    0.4209  -22681.2454  0.5487 
   00962    0.4341  -22652.1587  0.5490 
   00963    0.4195  -22668.8791  0.5481 
   00964    0.4320  -22644.6951  0.5492 
   00965    0.4267  -22655.8708  0.5495 
   00966    0.4339  -22702.3830  0.5480 
   00967    0.4219  -22699.5907  0.5511 
   00968    0.4298  -22722.3688  0.5530 
   00969    0.4231  -22746.4301  0.5548 
   00970    0.4239  -22717.0558  0.5563 
   00971    0.4259  -22744.5743  0.5561 
   00972    0.4377  -22736.9861  0.5548 
   00973    0.4331  -22664.8514  0.5511 
   00974    0.4283  -22666.0520  0.5500 
   00975    0.4250  -22697.3368  0.5485 
   00976    0.4203  -22666.5812  0.5516 
   00977    0.4345  -22673.8655  0.5538 
   00978    0.4195  -22629.1162  0.5533 
   00979    0.4325  -22678.0538  0.5584 
   00980    0.4297  -22694.1237  0.5578 
   00981    0.4181  -22683.7197  0.5572 
   00982    0.4353  -22728.8778  0.5585 
   00983    0.4302  -22752.6905  0.5545 
   00984    0.4203  -22753.7168  0.5580 
   00985    0.4233  -22705.7146  0.5558 
   00986    0.4309  -22675.2046  0.5541 
   00987    0.4297  -22691.1419  0.5533 
   00988    0.4272  -22718.3140  0.5538 
   00989    0.4239  -22687.3096  0.5511 
   00990    0.4128  -22625.9300  0.5497 
   00991    0.4213  -22665.1600  0.5518 
   00992    0.4300  -22660.1155  0.5536 
   00993    0.4227  -22676.8852  0.5551 
   00994    0.4288  -22636.6799  0.5544 
   00995    0.4298  -22660.6467  0.5510 
   00996    0.4342  -22678.8080  0.5493 
   00997    0.4163  -22649.9515  0.5501 
   00998    0.4241  -22651.2889  0.5515 
   00999    0.4223  -22695.4238  0.5515 
   01000    0.4255  -22660.5155  0.5545 
