#=====================================================
# File created:        Mon-06-Nov-2023-at-12-30-00PM
# Size of lattice:     20x20
# Number of MC steps:  1000
# Reduced temperature: 2.000
# Run time (s):        2.007723
#=====================================================
# MC step:  Ratio:     Energy:   Order:
#=====================================================
   00000    0.5000    -430.3377  0.2630 
   00001    0.7850    -577.7790  0.2761 
   00002    0.7175    -630.8578  0.2769 
   00003    0.7275    -676.4342  0.2767 
   00004    0.7800    -671.0678  0.3134 
   00005    0.7125    -674.3186  0.3114 
   00006    0.7400    -642.5028  0.3007 
   00007    0.7300    -625.1111  0.2928 
   00008    0.7450    -624.1732  0.2733 
   00009    0.7450    -658.7030  0.2772 
   00010    0.7225    -657.1712  0.2721 
   00011    0.7475    -615.8378  0.2568 
   00012    0.7375    -583.7639  0.2602 
   00013    0.7250    -573.2926  0.2683 
   00014    0.7450    -592.8656  0.2774 
   00015    0.7200    -605.5653  0.2776 
   00016    0.7175    -658.1568  0.2795 
   00017    0.6975    -643.7907  0.2702 
   00018    0.6475    -662.6545  0.2747 
   00019    0.7375    -669.8563  0.2965 
   00020    0.7300    -628.9350  0.3067 
   00021    0.7050    -664.9256  0.2830 
   00022    0.6925    -649.9641  0.2893 
   00023    0.6975    -630.6492  0.2676 
   00024    0.7425    -646.1279  0.3002 
   00025    0.7175    -651.9843  0.3164 
   00026    0.7675    -639.6598  0.3268 
   00027    0.7175    -655.2940  0.3311 
   00028    0.7075    -686.5830  0.3370 
   00029    0.7150    -685.4234  0.3168 
   00030    0.7275    -724.1998  0.3481 
   00031    0.6750    -685.8430  0.3162 
   00032    0.7000    -654.6538  0.3267 
   00033    0.7125    -658.1135  0.2854 
   00034    0.7250    -653.6684  0.2946 
   00035    0.7175    -638.0540  0.2889 
   00036    0.7150    -688.9583  0.2849 
   00037    0.7050    -664.0147  0.3027 
   00038    0.7250    -710.1443  0.2768 
   00039    0.6900    -678.6830  0.2821 
   00040    0.7125    -652.1003  0.2648 
   00041    0.7200    -648.7651  0.2648 
   00042    0.7350    -607.0432  0.2937 
   00043    0.7500    -641.8319  0.3204 
   00044    0.7325    -623.6385  0.3220 
   00045    0.6725    -604.7796  0.3161 
   00046    0.7175    -595.7861  0.3232 
   00047    0.7625    -609.5067  0.3553 
   00048    0.7450    -626.4001  0.3458 
   00049    0.7250    -618.8322  0.3095 
   00050    0.7325    -655.8260  0.3109 
   00051    0.7450    -616.9228  0.3336 
   00052    0.7200    -651.8339  0.3111 
   00053    0.7350    -649.0239  0.3184 
   00054    0.7400    -638.2034  0.3388 
   00055    0.6800    -684.6939  0.3055 
   00056    0.7325    -623.3433  0.3158 
   00057    0.7175    -666.1741  0.3947 
   00058    0.6825    -674.1457  0.3900 
   00059    0.6950    -676.7747  0.3856 
   00060    0.7200    -648.8154  0.3493 
   00061    0.7075    -639.6423  0.3056 
   00062    0.7750    -618.0495  0.3003 
   00063    0.7200    -604.8708  0.3313 
   00064    0.7625    -635.1134  0.3086 
   00065    0.7200    -609.2562  0.2951 
   00066    0.7375    -632.0473  0.3077 
   00067    0.7050    -643.6421  0.3129 
   00068    0.6650    -646.6003  0.3042 
   00069    0.7375    -622.8823  0.2748 
   00070    0.7075    -642.2498  0.3449 
   00071    0.7225    -634.9789  0.3094 
   00072    0.7475    -622.3750  0.3220 
   00073    0.6950    -652.2532  0.2806 
   00074    0.7250    -714.7623  0.2941 
   00075    0.6950    -647.3006  0.2898 
   00076    0.6975    -644.5402  0.3114 
   00077    0.7575    -663.9334  0.2856 
   00078    0.6850    -687.6141  0.3062 
   00079    0.6425    -682.7900  0.2863 
   00080    0.7400    -640.8261  0.2899 
   00081    0.7200    -628.9859  0.2917 
   00082    0.7350    -602.0078  0.3200 
   00083    0.7275    -618.5185  0.3014 
   00084    0.7275    -637.4431  0.2909 
   00085    0.6950    -676.9522  0.3240 
   00086    0.6900    -701.7415  0.3296 
   00087    0.7375    -631.0747  0.3299 
   00088    0.7050    -589.2574  0.3023 
   00089    0.7550    -583.7828  0.2978 
   00090    0.7900    -589.7279  0.3189 
   00091    0.7700    -620.7025  0.2959 
   00092    0.7350    -638.2057  0.3028 
   00093    0.7025    -630.8207  0.3220 
   00094    0.7250    -639.9179  0.3269 
   00095    0.7525    -640.7485  0.3548 
   00096    0.6900    -606.2103  0.3758 
   00097    0.6875    -678.2760  0.4073 
   00098    0.7575    -668.8114  0.3973 
   00099    0.7175    -639.0087  0.3495 
   00100    0.7400    -607.6455  0.2826 
   00101    0.7325    -642.1254  0.2932 
   00102    0.7400    -617.7842  0.2790 
   00103    0.6825    -653.5961  0.3238 
   00104    0.7150    -659.7145  0.3434 
   00105    0.7100    -636.1847  0.3234 
   00106    0.7300    -626.8569  0.2686 
   00107    0.7375    -647.2357  0.2907 
   00108    0.7575    -625.9455  0.2843 
   00109    0.7400    -655.7645  0.3187 
   00110    0.7725    -629.6921  0.3063 
   00111    0.7225    -657.7792  0.3160 
   00112    0.7300    -668.8007  0.3075 
   00113    0.7450    -626.4157  0.3094 
   00114    0.7200    -653.0249  0.3243 
   00115    0.7425    -631.7174  0.3207 
   00116    0.7150    -659.8450  0.3131 
   00117    0.7200    -667.7506  0.3149 
   00118    0.7300    -642.9734  0.2835 
   00119    0.7050    -657.3815  0.3084 
   00120    0.7175    -674.3070  0.3107 
   00121    0.7275    -655.5095  0.2558 
   00122    0.6875    -643.8317  0.2759 
   00123    0.7125    -604.7392  0.3244 
   00124    0.7700    -594.7928  0.3403 
   00125    0.7000    -584.2988  0.2951 
   00126    0.7525    -599.0898  0.2787 
   00127    0.7175    -625.7315  0.2866 
   00128    0.7075    -632.9343  0.2904 
   00129    0.7750    -629.7228  0.2934 
   00130    0.7200    -645.7097  0.2903 
   00131    0.7275    -605.6734  0.3148 
   00132    0.7275    -580.6913  0.3246 
   00133    0.7275    -642.3377  0.3564 
   00134    0.7275    -674.1303  0.3087 
   00135    0.7150    -690.0405  0.2938 
   00136    0.7175    -675.1402  0.2777 
   00137    0.7300    -605.4023  0.2709 
   00138    0.7750    -603.7225  0.3091 
   00139    0.7225    -617.5902  0.3108 
   00140    0.7025    -643.6995  0.3059 
   00141    0.7250    -651.3441  0.3014 
   00142    0.7500    -671.2327  0.3423 
   00143    0.7375    -646.3963  0.3290 
   00144    0.7125    -638.7105  0.3049 
   00145    0.7475    -656.6918  0.3416 
   00146    0.7400    -639.1741  0.3301 
   00147    0.7275    -652.0079  0.3182 
   00148    0.7400    -643.8809  0.3075 
   00149    0.7600    -577.6202  0.2980 
   00150    0.7325    -620.7290  0.2894 
   00151    0.7150    -652.2030  0.2817 
   00152    0.7175    -621.1765  0.3192 
   00153    0.6950    -648.0755  0.3492 
   00154    0.7000    -669.6053  0.3684 
   00155    0.7125    -677.8531  0.3382 
   00156    0.7225    -647.3704  0.3217 
   00157    0.7150    -643.0465  0.2937 
   00158    0.6675    -666.4518  0.2774 
   00159    0.7250    -675.7785  0.2894 
   00160    0.7175    -631.8082  0.2670 
   00161    0.6950    -652.3836  0.3159 
   00162    0.6775    -642.1449  0.2840 
   00163    0.7275    -651.8291  0.2852 
   00164    0.7275    -628.2981  0.2699 
   00165    0.7850    -607.3758  0.2908 
   00166    0.7350    -639.2048  0.2787 
   00167    0.7375    -624.1210  0.2834 
   00168    0.7200    -645.0844  0.2633 
   00169    0.7000    -638.7639  0.2928 
   00170    0.7275    -600.7727  0.2995 
   00171    0.7075    -667.3307  0.2719 
   00172    0.7325    -612.5235  0.2842 
   00173    0.7775    -610.0165  0.2886 
   00174    0.7350    -640.2317  0.2996 
   00175    0.7500    -629.6688  0.2682 
   00176    0.7375    -659.2749  0.2673 
   00177    0.7375    -621.0250  0.2759 
   00178    0.7225    -677.5845  0.2683 
   00179    0.6825    -690.3601  0.3147 
   00180    0.7225    -661.6276  0.3329 
   00181    0.7250    -678.0446  0.4046 
   00182    0.6900    -631.3596  0.3174 
   00183    0.7325    -645.9580  0.3066 
   00184    0.7000    -658.7711  0.3182 
   00185    0.7050    -624.6142  0.3006 
   00186    0.7275    -634.2322  0.2907 
   00187    0.7500    -586.0274  0.2625 
   00188    0.7525    -608.5465  0.2735 
   00189    0.6900    -651.7337  0.2898 
   00190    0.7275    -618.3947  0.3426 
   00191    0.7475    -632.1463  0.3051 
   00192    0.7675    -637.4269  0.3458 
   00193    0.7125    -643.7991  0.3710 
   00194    0.7200    -632.4762  0.3889 
   00195    0.6950    -640.5496  0.3450 
   00196    0.7375    -605.6764  0.3728 
   00197    0.7550    -652.3515  0.3206 
   00198    0.7375    -605.9154  0.3177 
   00199    0.7525    -648.1073  0.3530 
   00200    0.7250    -602.7326  0.3164 
   00201    0.7625    -600.9349  0.2748 
   00202    0.6975    -618.4199  0.2896 
   00203    0.7800    -615.3914  0.2818 
   00204    0.7400    -611.8561  0.2596 
   00205    0.7450    -666.1979  0.2907 
   00206    0.7600    -645.9813  0.2899 
   00207    0.7025    -687.5665  0.3420 
   00208    0.7325    -652.5037  0.3278 
   00209    0.7100    -677.4313  0.3240 
   00210    0.7450    -604.7714  0.3096 
   00211    0.8000    -614.9118  0.3358 
   00212    0.7775    -595.9617  0.3344 
   00213    0.7150    -634.2477  0.3241 
   00214    0.7175    -664.7131  0.3037 
   00215    0.7050    -703.9059  0.3321 
   00216    0.7325    -665.3759  0.3134 
   00217    0.7625    -662.9246  0.2993 
   00218    0.6925    -630.0345  0.2772 
   00219    0.7300    -687.5255  0.3095 
   00220    0.7375    -674.2808  0.3035 
   00221    0.7275    -648.5499  0.3105 
   00222    0.6700    -671.5388  0.2973 
   00223    0.6700    -646.4913  0.2912 
   00224    0.7275    -656.5680  0.2682 
   00225    0.7500    -607.4062  0.2886 
   00226    0.7300    -616.8915  0.2600 
   00227    0.7750    -637.0655  0.2784 
   00228    0.7650    -626.5698  0.3170 
   00229    0.7050    -665.2302  0.3234 
   00230    0.7425    -610.1686  0.3096 
   00231    0.7275    -596.5119  0.3159 
   00232    0.7425    -609.4343  0.3559 
   00233    0.7450    -562.5029  0.3420 
   00234    0.7550    -591.1757  0.3349 
   00235    0.7750    -631.6165  0.2754 
   00236    0.7000    -616.8426  0.2696 
   00237    0.7425    -650.0749  0.2896 
   00238    0.7375    -598.9035  0.2832 
   00239    0.7450    -603.9055  0.2910 
   00240    0.7175    -612.0363  0.3155 
   00241    0.7275    -628.2837  0.3014 
   00242    0.7350    -629.8046  0.3075 
   00243    0.6875    -610.9424  0.2962 
   00244    0.7025    -660.6439  0.2947 
   00245    0.7375    -710.4942  0.2887 
   00246    0.7100    -636.5317  0.2741 
   00247    0.7650    -616.6778  0.2622 
   00248    0.7425    -658.6631  0.2932 
   00249    0.7375    -645.8581  0.2972 
   00250    0.7225    -670.2971  0.2694 
   00251    0.7250    -624.3258  0.2938 
   00252    0.7100    -626.6499  0.2951 
   00253    0.7375    -637.9650  0.3292 
   00254    0.7025    -619.1973  0.2723 
   00255    0.7425    -647.2656  0.2725 
   00256    0.7550    -665.3769  0.2740 
   00257    0.7300    -660.1420  0.2767 
   00258    0.7300    -662.7147  0.2810 
   00259    0.7425    -649.3440  0.2836 
   00260    0.7100    -682.0940  0.2581 
   00261    0.6650    -681.2216  0.2894 
   00262    0.7375    -681.5707  0.2897 
   00263    0.6800    -680.4485  0.3028 
   00264    0.7075    -646.6748  0.2928 
   00265    0.6950    -589.3698  0.3206 
   00266    0.7475    -578.4577  0.3079 
   00267    0.7500    -674.4136  0.3015 
   00268    0.7125    -726.4520  0.3060 
   00269    0.7300    -674.9606  0.3054 
   00270    0.7000    -654.8518  0.2657 
   00271    0.7175    -679.5564  0.2995 
   00272    0.6750    -688.3845  0.2951 
   00273    0.7150    -630.0123  0.2734 
   00274    0.7175    -644.4136  0.2955 
   00275    0.6675    -671.6698  0.2736 
   00276    0.7475    -647.6614  0.3044 
   00277    0.7075    -640.4042  0.2883 
   00278    0.7525    -622.7008  0.3180 
   00279    0.7475    -577.8517  0.3089 
   00280    0.7200    -594.8737  0.2748 
   00281    0.7600    -625.3742  0.2877 
   00282    0.7200    -654.5451  0.3155 
   00283    0.7375    -608.1963  0.3083 
   00284    0.7025    -625.5912  0.2983 
   00285    0.7725    -593.7759  0.2719 
   00286    0.7500    -564.4036  0.2679 
   00287    0.6900    -649.1548  0.2909 
   00288    0.7175    -663.8532  0.2714 
   00289    0.7200    -631.9183  0.2949 
   00290    0.7550    -630.7306  0.2805 
   00291    0.6950    -588.7341  0.2665 
   00292    0.7575    -597.0755  0.2919 
   00293    0.7450    -595.7451  0.3363 
   00294    0.7500    -612.1509  0.3500 
   00295    0.7375    -622.8920  0.3379 
   00296    0.7350    -632.1085  0.3247 
   00297    0.7325    -645.5375  0.3182 
   00298    0.6975    -628.5498  0.3160 
   00299    0.7275    -616.9279  0.3045 
   00300    0.7200    -640.1019  0.3393 
   00301    0.7225    -648.6949  0.2949 
   00302    0.7025    -686.3148  0.3003 
   00303    0.7300    -650.6713  0.3060 
   00304    0.7175    -640.1724  0.3071 
   00305    0.7100    -656.0870  0.2784 
   00306    0.7800    -622.9636  0.2739 
   00307    0.7150    -656.7870  0.2979 
   00308    0.7050    -608.1983  0.2902 
   00309    0.7200    -658.0709  0.2523 
   00310    0.7225    -619.0512  0.3296 
   00311    0.7525    -606.6493  0.2873 
   00312    0.7400    -600.2902  0.2610 
   00313    0.7400    -639.2751  0.2689 
   00314    0.7375    -609.2871  0.2701 
   00315    0.7400    -545.8710  0.3033 
   00316    0.7425    -597.9668  0.3029 
   00317    0.7375    -569.8355  0.3408 
   00318    0.7525    -629.2333  0.3038 
   00319    0.7100    -653.1709  0.2863 
   00320    0.7450    -670.6269  0.3382 
   00321    0.7350    -642.9459  0.3562 
   00322    0.7250    -647.2819  0.3791 
   00323    0.7100    -646.2918  0.3721 
   00324    0.6925    -612.0722  0.3330 
   00325    0.7150    -645.7371  0.3178 
   00326    0.7100    -646.8636  0.2945 
   00327    0.7400    -680.1729  0.3016 
   00328    0.6825    -633.2086  0.2707 
   00329    0.7350    -661.0910  0.2717 
   00330    0.7650    -597.6557  0.2592 
   00331    0.7275    -658.2107  0.2833 
   00332    0.7100    -647.6253  0.2662 
   00333    0.7050    -633.9234  0.2617 
   00334    0.7425    -646.3479  0.3126 
   00335    0.7275    -579.3925  0.3383 
   00336    0.7175    -620.6919  0.3486 
   00337    0.6850    -603.9259  0.3525 
   00338    0.7350    -587.4663  0.3106 
   00339    0.7625    -616.7549  0.3504 
   00340    0.7200    -657.5370  0.3566 
   00341    0.7425    -651.5277  0.3114 
   00342    0.7500    -626.4354  0.3008 
   00343    0.7450    -633.1875  0.3241 
   00344    0.7275    -607.3973  0.3444 
   00345    0.7700    -565.3016  0.3198 
   00346    0.7400    -620.5217  0.3208 
   00347    0.7325    -655.8658  0.3196 
   00348    0.6950    -700.0908  0.3227 
   00349    0.7025    -691.7986  0.2892 
   00350    0.7000    -661.5277  0.2775 
   00351    0.6725    -656.7969  0.2826 
   00352    0.6975    -682.3532  0.2885 
   00353    0.6975    -675.0811  0.3046 
   00354    0.7000    -673.2386  0.3190 
   00355    0.7000    -637.2404  0.2994 
   00356    0.7275    -631.7367  0.3025 
   00357    0.7025    -645.4560  0.2766 
   00358    0.6750    -708.9139  0.2662 
   00359    0.6975    -678.4760  0.2700 
   00360    0.7150    -648.5427  0.3019 
   00361    0.7000    -635.6952  0.2954 
   00362    0.7350    -630.5010  0.2693 
   00363    0.7175    -660.3834  0.3085 
   00364    0.7150    -663.8136  0.2874 
   00365    0.7275    -638.6121  0.2775 
   00366    0.7425    -680.5599  0.2575 
   00367    0.7425    -646.4996  0.2907 
   00368    0.6850    -702.4130  0.3019 
   00369    0.7150    -627.9503  0.3025 
   00370    0.7325    -712.0069  0.2867 
   00371    0.7400    -611.1580  0.3073 
   00372    0.7400    -646.3876  0.2941 
   00373    0.7150    -609.0512  0.3033 
   00374    0.7550    -649.1932  0.3366 
   00375    0.7325    -606.8684  0.3440 
   00376    0.7475    -590.5757  0.2854 
   00377    0.7400    -629.1994  0.2932 
   00378    0.7500    -597.1631  0.3286 
   00379    0.7500    -671.7156  0.3102 
   00380    0.7000    -673.2312  0.2805 
   00381    0.6975    -619.5065  0.2927 
   00382    0.7025    -622.5177  0.3151 
   00383    0.7150    -686.5693  0.3178 
   00384    0.7050    -689.1589  0.3111 
   00385    0.6775    -723.5631  0.3247 
   00386    0.7250    -697.5999  0.3003 
   00387    0.7550    -649.8061  0.3059 
   00388    0.7400    -647.6695  0.2893 
   00389    0.6900    -661.9727  0.2971 
   00390    0.7125    -615.3317  0.2722 
   00391    0.7350    -678.4135  0.2625 
   00392    0.7400    -607.9658  0.2746 
   00393    0.7250    -598.7166  0.2852 
   00394    0.7675    -617.5992  0.2883 
   00395    0.7650    -616.7751  0.3324 
   00396    0.7625    -563.6471  0.2900 
   00397    0.7375    -629.6996  0.3326 
   00398    0.7575    -628.8270  0.3159 
   00399    0.7400    -658.7457  0.2693 
   00400    0.7150    -600.7200  0.2972 
   00401    0.6875    -623.6776  0.3147 
   00402    0.7400    -623.2810  0.3290 
   00403    0.7225    -706.2195  0.3039 
   00404    0.7125    -662.5873  0.2716 
   00405    0.7275    -631.8353  0.2648 
   00406    0.6850    -682.2695  0.2956 
   00407    0.7000    -643.0676  0.2777 
   00408    0.7250    -623.1400  0.2954 
   00409    0.7400    -650.2445  0.2860 
   00410    0.6900    -716.2633  0.3017 
   00411    0.6850    -679.5353  0.3091 
   00412    0.6975    -653.5702  0.3264 
   00413    0.7550    -634.6271  0.3329 
   00414    0.7100    -633.5816  0.3186 
   00415    0.7375    -666.2746  0.2909 
   00416    0.6875    -651.8334  0.3047 
   00417    0.7025    -648.0167  0.3405 
   00418    0.6875    -618.0257  0.3278 
   00419    0.7400    -617.9026  0.3271 
   00420    0.7300    -646.3389  0.3311 
   00421    0.7375    -642.1429  0.2627 
   00422    0.7450    -595.1451  0.2741 
   00423    0.7875    -580.1562  0.2829 
   00424    0.7575    -624.5840  0.2935 
   00425    0.7550    -629.4602  0.3239 
   00426    0.7375    -608.0964  0.3311 
   00427    0.7300    -591.0789  0.3537 
   00428    0.7800    -584.2128  0.2837 
   00429    0.7650    -582.4862  0.2819 
   00430    0.7300    -575.0472  0.2883 
   00431    0.7450    -614.2062  0.3308 
   00432    0.7325    -637.6913  0.3427 
   00433    0.6975    -643.6536  0.3048 
   00434    0.7400    -648.7725  0.2923 
   00435    0.7150    -640.3838  0.2832 
   00436    0.7525    -631.4315  0.2816 
   00437    0.7425    -662.6630  0.3003 
   00438    0.7400    -630.8911  0.2903 
   00439    0.7300    -603.6951  0.3214 
   00440    0.7725    -614.4644  0.3309 
   00441    0.7500    -655.2757  0.2875 
   00442    0.6725    -677.6121  0.2894 
   00443    0.7000    -636.1038  0.2981 
   00444    0.7250    -653.9416  0.2963 
   00445    0.7425    -635.1515  0.2969 
   00446    0.7575    -628.6636  0.3140 
   00447    0.7475    -618.9931  0.2800 
   00448    0.7325    -625.2786  0.2967 
   00449    0.7250    -612.0581  0.2973 
   00450    0.7425    -623.5127  0.2702 
   00451    0.6900    -656.8900  0.3198 
   00452    0.7500    -648.2225  0.3109 
   00453    0.7225    -704.0776  0.3059 
   00454    0.7625    -684.6919  0.3556 
   00455    0.7350    -628.6654  0.3102 
   00456    0.7175    -620.1702  0.2898 
   00457    0.7475    -640.8676  0.2772 
   00458    0.6800    -650.6897  0.2641 
   00459    0.7150    -640.2639  0.2694 
   00460    0.6850    -652.4686  0.3112 
   00461    0.6925    -660.1085  0.3678 
   00462    0.7275    -605.2220  0.3442 
   00463    0.7175    -626.9468  0.3519 
   00464    0.7425    -672.2871  0.3452 
   00465    0.7400    -632.1927  0.2824 
   00466    0.7400    -604.1880  0.3432 
   00467    0.7400    -626.9487  0.3602 
   00468    0.7225    -649.2642  0.3792 
   00469    0.7025    -626.6406  0.3549 
   00470    0.7050    -678.2539  0.3722 
   00471    0.7225    -650.6720  0.3709 
   00472    0.7250    -656.9972  0.3208 
   00473    0.6950    -716.9257  0.3782 
   00474    0.7175    -687.6538  0.3692 
   00475    0.7125    -662.1093  0.3446 
   00476    0.7025    -668.2728  0.3643 
   00477    0.6925    -615.5945  0.3510 
   00478    0.7875    -619.0631  0.3264 
   00479    0.6975    -652.2582  0.3166 
   00480    0.7600    -654.0738  0.3172 
   00481    0.7300    -667.2952  0.3144 
   00482    0.7200    -669.9985  0.2993 
   00483    0.7050    -661.6013  0.3225 
   00484    0.6725    -650.9492  0.3182 
   00485    0.7325    -656.0553  0.2716 
   00486    0.6950    -643.3787  0.2575 
   00487    0.7450    -610.5248  0.2840 
   00488    0.7275    -659.3894  0.2673 
   00489    0.6625    -633.7094  0.2896 
   00490    0.7350    -634.4228  0.2927 
   00491    0.7200    -665.8878  0.2986 
   00492    0.7325    -607.2186  0.2555 
   00493    0.7550    -553.2655  0.2712 
   00494    0.7550    -562.2953  0.2619 
   00495    0.7425    -649.2812  0.2895 
   00496    0.7100    -675.3510  0.2729 
   00497    0.7000    -736.4760  0.2898 
   00498    0.7150    -643.0085  0.2792 
   00499    0.7275    -640.9016  0.2740 
   00500    0.7250    -646.7118  0.2797 
   00501    0.7825    -646.3526  0.3322 
   00502    0.7300    -592.5159  0.3031 
   00503    0.7225    -615.8094  0.2521 
   00504    0.7700    -673.2700  0.3349 
   00505    0.6850    -662.2913  0.3312 
   00506    0.6650    -654.9476  0.3392 
   00507    0.7750    -572.9201  0.3288 
   00508    0.7475    -642.2772  0.3072 
   00509    0.7300    -666.6383  0.3399 
   00510    0.7175    -629.3532  0.2802 
   00511    0.7525    -646.5485  0.2756 
   00512    0.7075    -672.0646  0.3235 
   00513    0.7400    -611.6154  0.2821 
   00514    0.7150    -654.7378  0.2673 
   00515    0.7600    -638.9940  0.2977 
   00516    0.7150    -658.8846  0.3162 
   00517    0.7225    -628.7917  0.3116 
   00518    0.7575    -663.3795  0.2719 
   00519    0.7300    -620.5220  0.2943 
   00520    0.7150    -686.9019  0.2621 
   00521    0.7375    -657.1087  0.2648 
   00522    0.7125    -688.3230  0.2651 
   00523    0.7225    -690.4748  0.2914 
   00524    0.7325    -638.2163  0.2672 
   00525    0.7400    -627.8261  0.3008 
   00526    0.7375    -626.0835  0.2922 
   00527    0.7200    -578.1220  0.2609 
   00528    0.7275    -618.7019  0.2632 
   00529    0.7125    -655.9032  0.2806 
   00530    0.7325    -643.2671  0.3328 
   00531    0.7350    -636.6385  0.2715 
   00532    0.7100    -698.2519  0.2916 
   00533    0.7000    -646.3950  0.2777 
   00534    0.6875    -644.6036  0.2650 
   00535    0.7675    -672.3498  0.2813 
   00536    0.7075    -676.6012  0.2813 
   00537    0.6950    -664.6094  0.2675 
   00538    0.6600    -685.6214  0.2982 
   00539    0.6775    -652.4330  0.3226 
   00540    0.7000    -652.0334  0.3158 
   00541    0.6800    -623.8226  0.3005 
   00542    0.7125    -628.5039  0.3252 
   00543    0.7100    -688.3487  0.3077 
   00544    0.7300    -675.2830  0.3014 
   00545    0.7375    -637.6102  0.2751 
   00546    0.7125    -606.5138  0.2773 
   00547    0.7425    -616.2671  0.2963 
   00548    0.7450    -639.4366  0.3087 
   00549    0.7150    -609.6015  0.2985 
   00550    0.7425    -629.0964  0.2903 
   00551    0.7475    -590.6676  0.3019 
   00552    0.7400    -587.2734  0.2722 
   00553    0.7750    -583.0102  0.3149 
   00554    0.7525    -649.6009  0.3405 
   00555    0.7200    -615.4242  0.3160 
   00556    0.7125    -622.8184  0.3459 
   00557    0.7525    -660.0839  0.3301 
   00558    0.6825    -689.9007  0.3143 
   00559    0.6825    -692.6270  0.2597 
   00560    0.6950    -719.1960  0.3238 
   00561    0.7025    -696.8876  0.3584 
   00562    0.6775    -674.5101  0.3411 
   00563    0.6900    -652.4178  0.3233 
   00564    0.7175    -624.4490  0.3405 
   00565    0.7025    -684.5976  0.3184 
   00566    0.7175    -657.3210  0.3473 
   00567    0.7450    -625.1908  0.3179 
   00568    0.7400    -657.6840  0.2984 
   00569    0.7150    -634.7015  0.3007 
   00570    0.7325    -647.6649  0.3116 
   00571    0.7050    -657.3866  0.2879 
   00572    0.7300    -623.4327  0.3215 
   00573    0.8050    -627.4749  0.2867 
   00574    0.6950    -650.8325  0.2793 
   00575    0.6900    -640.4978  0.3121 
   00576    0.7350    -660.3957  0.3276 
   00577    0.7025    -630.5095  0.3179 
   00578    0.7300    -648.3664  0.3431 
   00579    0.7300    -638.2775  0.3445 
   00580    0.7100    -682.2827  0.3860 
   00581    0.7175    -632.6391  0.3721 
   00582    0.7500    -669.2348  0.3717 
   00583    0.7375    -640.3140  0.3057 
   00584    0.7250    -646.3244  0.3145 
   00585    0.7050    -674.6929  0.3389 
   00586    0.7050    -639.0672  0.3167 
   00587    0.7675    -605.7622  0.3171 
   00588    0.6850    -663.1707  0.3204 
   00589    0.7475    -645.3563  0.3241 
   00590    0.7025    -749.2645  0.3008 
   00591    0.6500    -701.7892  0.2925 
   00592    0.7075    -680.4747  0.2667 
   00593    0.7325    -646.1187  0.2770 
   00594    0.7000    -598.8941  0.2915 
   00595    0.7275    -622.2030  0.2856 
   00596    0.7750    -666.1350  0.2609 
   00597    0.7600    -663.2013  0.2993 
   00598    0.7250    -639.5829  0.3178 
   00599    0.7300    -623.3137  0.2959 
   00600    0.6925    -583.6602  0.2743 
   00601    0.7250    -607.4303  0.3170 
   00602    0.7425    -594.5208  0.3259 
   00603    0.7500    -627.2451  0.3154 
   00604    0.7575    -615.2732  0.3321 
   00605    0.7325    -658.1402  0.3442 
   00606    0.7200    -621.2057  0.3293 
   00607    0.7350    -633.3615  0.3085 
   00608    0.7650    -561.6617  0.3257 
   00609    0.7650    -567.6164  0.3257 
   00610    0.7725    -588.1413  0.3562 
   00611    0.7500    -594.3376  0.3302 
   00612    0.7250    -579.1669  0.3224 
   00613    0.7600    -621.2347  0.3197 
   00614    0.7450    -621.5681  0.3042 
   00615    0.7450    -610.0922  0.2817 
   00616    0.7325    -608.1358  0.3013 
   00617    0.7425    -581.4623  0.2728 
   00618    0.7625    -622.7829  0.2649 
   00619    0.7600    -609.9994  0.3127 
   00620    0.7150    -607.4441  0.3108 
   00621    0.7275    -646.9374  0.2864 
   00622    0.7625    -646.8716  0.3324 
   00623    0.7425    -626.7363  0.2940 
   00624    0.7350    -664.6757  0.3699 
   00625    0.7600    -649.6443  0.3776 
   00626    0.7200    -639.7981  0.3235 
   00627    0.7450    -646.2561  0.3174 
   00628    0.7775    -607.0250  0.3088 
   00629    0.7250    -623.5225  0.3067 
   00630    0.7250    -638.3431  0.3256 
   00631    0.7700    -626.0503  0.3361 
   00632    0.6900    -672.5270  0.3641 
   00633    0.7000    -680.1815  0.3725 
   00634    0.7475    -626.8914  0.3058 
   00635    0.7350    -620.8442  0.2911 
   00636    0.7475    -613.6732  0.2628 
   00637    0.7425    -609.0316  0.2617 
   00638    0.7150    -656.8990  0.3004 
   00639    0.7225    -629.6881  0.3178 
   00640    0.7350    -677.5775  0.3305 
   00641    0.6850    -671.7650  0.3055 
   00642    0.6975    -643.4725  0.2792 
   00643    0.7225    -630.5267  0.2791 
   00644    0.6825    -693.1660  0.2930 
   00645    0.7025    -659.4049  0.2850 
   00646    0.7275    -592.9545  0.3036 
   00647    0.7625    -637.1752  0.3026 
   00648    0.7175    -648.5009  0.3278 
   00649    0.6800    -643.2338  0.3198 
   00650    0.7275    -660.6375  0.3374 
   00651    0.7125    -644.7904  0.3589 
   00652    0.7100    -690.1740  0.3362 
   00653    0.7425    -669.3563  0.3334 
   00654    0.6875    -650.0362  0.3419 
   00655    0.7000    -690.5976  0.3508 
   00656    0.7175    -683.9189  0.3291 
   00657    0.6975    -670.8770  0.3086 
   00658    0.7200    -686.1268  0.3351 
   00659    0.7075    -666.4721  0.3291 
   00660    0.6975    -664.4952  0.3081 
   00661    0.7150    -629.7374  0.3125 
   00662    0.7075    -595.1379  0.3309 
   00663    0.6975    -560.4416  0.2802 
   00664    0.7975    -633.7213  0.2771 
   00665    0.7300    -625.5372  0.3087 
   00666    0.7175    -639.1095  0.2998 
   00667    0.7125    -587.7787  0.2967 
   00668    0.7450    -611.2757  0.2947 
   00669    0.7075    -629.9301  0.3039 
   00670    0.7125    -678.7562  0.2967 
   00671    0.7075    -672.7061  0.2729 
   00672    0.7350    -615.8082  0.3207 
   00673    0.7500    -595.2698  0.3231 
   00674    0.7125    -579.5868  0.3171 
   00675    0.7575    -618.5431  0.3256 
   00676    0.6900    -638.1961  0.3388 
   00677    0.7100    -711.8855  0.3465 
   00678    0.7150    -661.9683  0.2913 
   00679    0.7325    -671.6054  0.2633 
   00680    0.7375    -653.5461  0.3073 
   00681    0.7425    -638.6712  0.2733 
   00682    0.7200    -622.3946  0.2671 
   00683    0.7425    -598.0905  0.2939 
   00684    0.7300    -661.9246  0.3029 
   00685    0.7375    -643.3451  0.3377 
   00686    0.7650    -619.1261  0.2723 
   00687    0.7200    -671.1677  0.3173 
   00688    0.7000    -702.4265  0.3162 
   00689    0.6925    -689.7413  0.3088 
   00690    0.7100    -659.0264  0.2950 
   00691    0.7375    -630.3880  0.3240 
   00692    0.7350    -631.1458  0.2752 
   00693    0.7100    -608.5462  0.2790 
   00694    0.7575    -589.0910  0.2823 
   00695    0.7500    -614.1857  0.2689 
   00696    0.7275    -638.6067  0.3304 
   00697    0.7325    -619.9204  0.3345 
   00698    0.6800    -674.8535  0.3118 
   00699    0.7175    -638.3306  0.3652 
   00700    0.7625    -624.3965  0.3934 
   00701    0.7650    -628.4825  0.3952 
   00702    0.7175    -616.4216  0.3396 
   00703    0.7325    -642.2760  0.3457 
   00704    0.7425    -585.9954  0.3121 
   00705    0.7200    -631.6484  0.3219 
   00706    0.7300    -650.6604  0.3268 
   00707    0.7225    -594.4864  0.2999 
   00708    0.7450    -635.3870  0.3379 
   00709    0.7375    -589.6432  0.3573 
   00710    0.7475    -606.3271  0.3375 
   00711    0.7800    -637.0726  0.3252 
   00712    0.7050    -640.2732  0.3317 
   00713    0.7250    -655.0047  0.3098 
   00714    0.7425    -634.7177  0.3090 
   00715    0.7150    -590.0106  0.3055 
   00716    0.7750    -591.6815  0.2664 
   00717    0.7225    -600.6024  0.2655 
   00718    0.7150    -650.0348  0.2762 
   00719    0.7250    -610.7986  0.2598 
   00720    0.7175    -674.4522  0.2994 
   00721    0.6800    -640.3077  0.3110 
   00722    0.7225    -599.2069  0.3403 
   00723    0.7300    -631.1152  0.3253 
   00724    0.7425    -630.9528  0.3083 
   00725    0.6900    -665.4957  0.3495 
   00726    0.7100    -651.8958  0.3506 
   00727    0.7050    -678.7605  0.3801 
   00728    0.7475    -686.9708  0.3501 
   00729    0.6850    -654.8038  0.3552 
   00730    0.7250    -646.2802  0.2920 
   00731    0.7150    -651.7555  0.2710 
   00732    0.7150    -638.3406  0.2907 
   00733    0.6600    -654.1365  0.3099 
   00734    0.7175    -706.4604  0.3404 
   00735    0.7050    -634.0502  0.3447 
   00736    0.6850    -634.5439  0.3269 
   00737    0.6925    -670.5063  0.3581 
   00738    0.7025    -631.0160  0.3030 
   00739    0.7325    -627.9373  0.3407 
   00740    0.7475    -610.5804  0.3230 
   00741    0.7225    -643.5236  0.3224 
   00742    0.7300    -599.2352  0.3533 
   00743    0.7500    -604.0754  0.3364 
   00744    0.7550    -667.8502  0.3225 
   00745    0.7250    -661.6899  0.3734 
   00746    0.7000    -629.0858  0.3695 
   00747    0.7400    -612.8816  0.3309 
   00748    0.7450    -611.6829  0.3250 
   00749    0.7075    -611.6586  0.3428 
   00750    0.7100    -598.0652  0.3222 
   00751    0.7325    -633.4712  0.3044 
   00752    0.7800    -601.8885  0.2894 
   00753    0.7325    -636.6339  0.2891 
   00754    0.7575    -648.9689  0.2644 
   00755    0.7350    -625.5192  0.2781 
   00756    0.7475    -617.1281  0.2739 
   00757    0.7525    -646.7336  0.2813 
   00758    0.7125    -597.0633  0.2706 
   00759    0.7475    -650.0833  0.3298 
   00760    0.7225    -645.6953  0.3313 
   00761    0.7225    -645.8937  0.3100 
   00762    0.7075    -624.9083  0.3115 
   00763    0.7750    -606.8519  0.2892 
   00764    0.6975    -656.1997  0.3088 
   00765    0.7325    -660.3840  0.2747 
   00766    0.7100    -646.6595  0.2964 
   00767    0.6925    -651.1328  0.3002 
   00768    0.7375    -686.1004  0.3142 
   00769    0.7175    -640.3477  0.2964 
   00770    0.7050    -656.3909  0.2902 
   00771    0.7325    -575.1372  0.3199 
   00772    0.7100    -623.5480  0.3306 
   00773    0.7500    -593.0926  0.3371 
   00774    0.7150    -627.8637  0.3375 
   00775    0.7475    -651.6578  0.2895 
   00776    0.7725    -594.9084  0.2659 
   00777    0.7225    -596.6130  0.2785 
   00778    0.7625    -617.0932  0.3103 
   00779    0.7150    -661.8888  0.3175 
   00780    0.7050    -663.3279  0.2961 
   00781    0.7125    -637.7283  0.3049 
   00782    0.7325    -629.8559  0.2839 
   00783    0.7600    -649.8739  0.2974 
   00784    0.6900    -632.4964  0.2854 
   00785    0.7575    -607.9566  0.2731 
   00786    0.7525    -622.9984  0.2863 
   00787    0.7200    -636.0414  0.3108 
   00788    0.7275    -611.6200  0.2937 
   00789    0.7150    -628.0967  0.2783 
   00790    0.7200    -641.1683  0.2903 
   00791    0.7550    -667.3444  0.3082 
   00792    0.7150    -677.8008  0.3098 
   00793    0.7175    -694.4094  0.3510 
   00794    0.7325    -624.9957  0.3081 
   00795    0.7425    -650.1101  0.3448 
   00796    0.7150    -630.6834  0.3240 
   00797    0.7100    -643.8405  0.3272 
   00798    0.7025    -643.2129  0.3479 
   00799    0.7750    -646.3551  0.3415 
   00800    0.7200    -638.2556  0.3583 
   00801    0.7275    -644.0353  0.3088 
   00802    0.7350    -592.5578  0.3012 
   00803    0.7500    -644.0450  0.2608 
   00804    0.7350    -681.1503  0.2869 
   00805    0.7000    -647.7985  0.3109 
   00806    0.7100    -655.6868  0.2886 
   00807    0.6800    -673.5000  0.2809 
   00808    0.6800    -680.1074  0.2871 
   00809    0.7375    -644.4038  0.2816 
   00810    0.7350    -647.5728  0.3435 
   00811    0.7775    -636.9707  0.2971 
   00812    0.7625    -659.0473  0.2907 
   00813    0.7150    -650.1818  0.3043 
   00814    0.7375    -614.0031  0.3204 
   00815    0.7475    -592.1336  0.2963 
   00816    0.7525    -648.8992  0.2860 
   00817    0.7400    -660.4386  0.2747 
   00818    0.6575    -645.4610  0.3187 
   00819    0.6975    -681.3794  0.3173 
   00820    0.7025    -681.9259  0.2822 
   00821    0.7100    -701.4685  0.2819 
   00822    0.7125    -674.4597  0.2733 
   00823    0.7275    -677.9391  0.2690 
   00824    0.7350    -677.2874  0.2807 
   00825    0.7525    -677.3036  0.3097 
   00826    0.7250    -640.5556  0.2876 
   00827    0.7750    -646.8621  0.2730 
   00828    0.7150    -623.3370  0.2735 
   00829    0.7125    -642.7356  0.3089 
   00830    0.7200    -604.2449  0.2900 
   00831    0.7100    -662.6759  0.3011 
   00832    0.7125    -638.2735  0.2880 
   00833    0.7525    -615.7140  0.2730 
   00834    0.7075    -592.6890  0.2906 
   00835    0.7625    -622.9143  0.2836 
   00836    0.6600    -678.7934  0.2947 
   00837    0.7350    -637.7085  0.2940 
   00838    0.6975    -659.0374  0.3011 
   00839    0.6950    -655.0932  0.2955 
   00840    0.7100    -645.9910  0.2767 
   00841    0.7250    -680.1679  0.2589 
   00842    0.6825    -694.5910  0.2899 
   00843    0.7100    -702.1719  0.3484 
   00844    0.6850    -728.4024  0.3507 
   00845    0.7200    -676.3066  0.3451 
   00846    0.7450    -657.6407  0.2685 
   00847    0.7425    -634.1336  0.2936 
   00848    0.7225    -603.2761  0.2868 
   00849    0.7275    -611.5321  0.3171 
   00850    0.7750    -617.3520  0.3112 
   00851    0.6725    -620.5743  0.3089 
   00852    0.7375    -643.8878  0.3134 
   00853    0.7350    -581.5295  0.2684 
   00854    0.7250    -563.3900  0.3290 
   00855    0.7325    -637.1635  0.3190 
   00856    0.7225    -654.7428  0.3183 
   00857    0.6800    -607.8657  0.3064 
   00858    0.7100    -618.6336  0.2589 
   00859    0.7025    -610.4458  0.3092 
   00860    0.7450    -613.2283  0.2773 
   00861    0.7425    -634.3488  0.3085 
   00862    0.7300    -663.9020  0.2727 
   00863    0.7050    -671.2110  0.2880 
   00864    0.7425    -641.8901  0.2957 
   00865    0.7500    -647.7272  0.3032 
   00866    0.7175    -618.9244  0.2961 
   00867    0.7300    -599.9065  0.3043 
   00868    0.7600    -698.7304  0.2759 
   00869    0.7050    -667.7761  0.3077 
   00870    0.6825    -592.1979  0.3152 
   00871    0.7375    -661.3150  0.3276 
   00872    0.7700    -643.4493  0.2789 
   00873    0.7675    -623.9086  0.2975 
   00874    0.7275    -647.1129  0.2895 
   00875    0.7350    -599.7050  0.3013 
   00876    0.7550    -606.9947  0.2538 
   00877    0.7650    -621.4151  0.2859 
   00878    0.7375    -610.6507  0.2681 
   00879    0.7275    -604.5638  0.2967 
   00880    0.7300    -616.2789  0.3218 
   00881    0.7175    -645.4008  0.3218 
   00882    0.7350    -615.1125  0.3028 
   00883    0.7200    -599.6917  0.3105 
   00884    0.7350    -622.2550  0.2981 
   00885    0.7225    -635.2592  0.3482 
   00886    0.7075    -653.5911  0.3446 
   00887    0.7050    -652.8861  0.3227 
   00888    0.7200    -641.1870  0.3053 
   00889    0.7150    -660.7629  0.3618 
   00890    0.7150    -652.6853  0.3532 
   00891    0.7175    -623.4519  0.3171 
   00892    0.7250    -596.7100  0.3209 
   00893    0.7350    -607.5923  0.2829 
   00894    0.7800    -600.4665  0.2729 
   00895    0.7100    -683.0726  0.2680 
   00896    0.7225    -607.7427  0.2757 
   00897    0.7500    -655.0228  0.2782 
   00898    0.7225    -583.7904  0.2936 
   00899    0.7325    -579.1879  0.2827 
   00900    0.7275    -653.4375  0.3210 
   00901    0.7200    -635.3190  0.2946 
   00902    0.7200    -671.9622  0.2972 
   00903    0.7450    -631.1803  0.2892 
   00904    0.7525    -642.1717  0.2607 
   00905    0.7475    -615.6470  0.2883 
   00906    0.6650    -646.3411  0.2718 
   00907    0.7100    -612.5414  0.2693 
   00908    0.6925    -670.2673  0.2916 
   00909    0.7650    -583.3962  0.2793 
   00910    0.7650    -619.1639  0.2955 
   00911    0.7300    -606.1668  0.2592 
   00912    0.7400    -665.2627  0.2696 
   00913    0.7200    -641.3310  0.2772 
   00914    0.7500    -609.3882  0.2728 
   00915    0.7200    -628.7733  0.3111 
   00916    0.7350    -664.3911  0.3289 
   00917    0.6800    -670.0903  0.2974 
   00918    0.7175    -635.2455  0.2764 
   00919    0.7325    -617.2380  0.2898 
   00920    0.7625    -625.6279  0.2918 
   00921    0.7000    -638.2134  0.3025 
   00922    0.7600    -637.4674  0.2960 
   00923    0.7175    -632.0411  0.3198 
   00924    0.6875    -596.4818  0.2969 
   00925    0.7500    -636.4739  0.2807 
   00926    0.7150    -636.4637  0.2944 
   00927    0.7050    -639.8017  0.2746 
   00928    0.7450    -613.5412  0.2909 
   00929    0.7475    -571.6876  0.2993 
   00930    0.7525    -605.5857  0.2975 
   00931    0.7250    -605.5230  0.2974 
   00932    0.7150    -655.6175  0.2810 
   00933    0.7550    -612.5249  0.2987 
   00934    0.7100    -647.6807  0.3122 
   00935    0.7000    -617.8294  0.3140 
   00936    0.7150    -600.3761  0.2919 
   00937    0.7125    -655.3473  0.2924 
   00938    0.7525    -682.0674  0.3243 
   00939    0.6550    -652.8191  0.3071 
   00940    0.6950    -677.8950  0.3302 
   00941    0.6850    -651.0366  0.3335 
   00942    0.7350    -630.1445  0.3554 
   00943    0.7225    -615.8543  0.3672 
   00944    0.7775    -628.3230  0.3443 
   00945    0.7300    -632.5012  0.3269 
   00946    0.7625    -672.5845  0.2566 
   00947    0.7250    -663.3506  0.2982 
   00948    0.7175    -676.4103  0.2724 
   00949    0.6950    -637.6547  0.3050 
   00950    0.7475    -629.0717  0.2785 
   00951    0.7575    -629.3692  0.2653 
   00952    0.7250    -650.4684  0.2857 
   00953    0.6875    -650.9474  0.3031 
   00954    0.7450    -640.3525  0.3191 
   00955    0.7625    -655.1924  0.3233 
   00956    0.7200    -686.3047  0.3180 
   00957    0.7375    -657.1265  0.2907 
   00958    0.7025    -670.8919  0.2692 
   00959    0.7425    -696.0755  0.2878 
   00960    0.6700    -663.5027  0.2811 
   00961    0.7575    -682.4881  0.2891 
   00962    0.7250    -681.2543  0.2630 
   00963    0.7100    -639.5448  0.2923 
   00964    0.6925    -649.5162  0.2843 
   00965    0.7125    -655.6600  0.3007 
   00966    0.7150    -659.3798  0.3209 
   00967    0.7225    -637.8212  0.3327 
   00968    0.7050    -653.9580  0.3417 
   00969    0.7350    -606.4247  0.3014 
   00970    0.7450    -673.9868  0.2780 
   00971    0.7525    -608.5636  0.2563 
   00972    0.7025    -670.1578  0.3454 
   00973    0.7325    -677.0391  0.3791 
   00974    0.7125    -697.6224  0.3430 
   00975    0.6675    -662.0965  0.3740 
   00976    0.7225    -612.1505  0.2965 
   00977    0.7525    -579.4847  0.2802 
   00978    0.7550    -594.1944  0.2778 
   00979    0.7525    -666.1241  0.2966 
   00980    0.7700    -623.1088  0.2815 
   00981    0.7350    -586.7780  0.2909 
   00982    0.7600    -585.7873  0.3287 
   00983    0.7425    -567.2251  0.2858 
   00984    0.7450    -621.3191  0.2800 
   00985    0.7225    -674.9636  0.2677 
   00986    0.7225    -663.6470  0.2801 
   00987    0.7250    -645.1176  0.2632 
   00988    0.7125    -633.5461  0.3052 
   00989    0.7300    -606.3009  0.2722 
   00990    0.7300    -588.1462  0.2988 
   00991    0.7550    -628.3999  0.3033 
   00992    0.7325    -610.2481  0.3216 
   00993    0.7475    -608.4672  0.3043 
   00994    0.6975    -637.3010  0.2628 
   00995    0.7025    -613.0182  0.2982 
   00996    0.6925    -572.9148  0.3029 
   00997    0.7400    -646.1074  0.2840 
   00998    0.7375    -644.1385  0.3217 
   00999    0.7625    -676.3330  0.3581 
   01000    0.7000    -656.6257  0.3274 
