#=====================================================
# File created:        Mon-06-Nov-2023-at-03-20-07PM
# Size of lattice:     60x60
# Number of MC steps:  1000
# Reduced temperature: 2.000
# Run time (s):        17.407083
#=====================================================
# MC step:  Ratio:     Energy:   Order:
#=====================================================
   00000    0.5000   -3524.4261  0.2603 
   00001    0.7900   -5052.8516  0.2701 
   00002    0.7511   -5494.8235  0.2757 
   00003    0.7394   -5658.5950  0.2610 
   00004    0.7242   -5725.4860  0.2536 
   00005    0.7175   -5691.9492  0.2601 
   00006    0.7378   -5591.5075  0.2559 
   00007    0.7336   -5738.9271  0.2632 
   00008    0.7258   -5847.3661  0.2644 
   00009    0.7403   -5806.7738  0.2669 
   00010    0.7194   -5821.7360  0.2748 
   00011    0.7275   -5831.3819  0.2608 
   00012    0.7250   -5729.0065  0.2605 
   00013    0.7075   -5818.7049  0.2587 
   00014    0.7247   -5922.3002  0.2648 
   00015    0.7339   -5998.3644  0.2637 
   00016    0.7269   -5753.5048  0.2578 
   00017    0.7286   -5887.9208  0.2572 
   00018    0.7317   -5850.9913  0.2671 
   00019    0.7344   -5557.7269  0.2637 
   00020    0.7325   -5688.5804  0.2544 
   00021    0.7386   -5701.9615  0.2606 
   00022    0.7117   -5933.1020  0.2673 
   00023    0.7147   -5693.0948  0.2736 
   00024    0.7200   -5735.2342  0.2745 
   00025    0.7206   -5845.4661  0.2711 
   00026    0.7139   -5768.6263  0.2566 
   00027    0.7331   -5812.2564  0.2524 
   00028    0.7131   -5721.5773  0.2563 
   00029    0.7311   -5851.4181  0.2716 
   00030    0.7231   -5824.5994  0.2670 
   00031    0.7294   -5810.2925  0.2579 
   00032    0.7339   -5928.3777  0.2669 
   00033    0.7258   -5776.5693  0.2685 
   00034    0.7261   -5777.2998  0.2570 
   00035    0.7297   -5772.1127  0.2581 
   00036    0.7286   -5632.6440  0.2649 
   00037    0.7139   -5725.2069  0.2671 
   00038    0.7264   -5723.7418  0.2606 
   00039    0.7369   -5701.2424  0.2571 
   00040    0.7383   -5675.2981  0.2606 
   00041    0.7294   -5694.6066  0.2680 
   00042    0.7236   -5572.1470  0.2570 
   00043    0.7303   -5607.2837  0.2591 
   00044    0.7275   -5644.9566  0.2722 
   00045    0.7297   -5720.7019  0.2606 
   00046    0.7247   -5700.1772  0.2664 
   00047    0.7189   -5847.9133  0.2728 
   00048    0.7300   -5794.3269  0.2852 
   00049    0.7208   -5659.3464  0.2692 
   00050    0.7297   -5645.6828  0.2560 
   00051    0.7281   -5755.2427  0.2696 
   00052    0.7156   -5707.5657  0.2700 
   00053    0.7294   -5786.5044  0.2844 
   00054    0.7189   -5641.2444  0.2865 
   00055    0.7467   -5509.4342  0.2912 
   00056    0.7336   -5670.7071  0.2892 
   00057    0.7247   -5611.5028  0.2702 
   00058    0.7247   -5628.2061  0.2766 
   00059    0.7300   -5627.5031  0.2634 
   00060    0.7339   -5752.5766  0.2644 
   00061    0.7158   -5577.6891  0.2627 
   00062    0.7314   -5742.2277  0.2593 
   00063    0.7125   -5789.3809  0.2748 
   00064    0.7175   -5900.1545  0.2688 
   00065    0.7228   -5788.1935  0.2867 
   00066    0.7331   -5914.1211  0.2955 
   00067    0.7186   -5692.9443  0.2783 
   00068    0.7283   -5739.6945  0.2850 
   00069    0.7308   -5861.4170  0.2857 
   00070    0.7133   -5752.1430  0.2775 
   00071    0.7286   -5834.0360  0.2821 
   00072    0.7219   -5706.1920  0.2803 
   00073    0.7242   -5625.9123  0.2825 
   00074    0.7333   -5717.2255  0.2805 
   00075    0.7222   -5858.1494  0.2801 
   00076    0.7214   -5932.0800  0.2745 
   00077    0.7294   -5876.2940  0.2739 
   00078    0.7061   -5791.8441  0.2665 
   00079    0.7225   -5857.2699  0.2670 
   00080    0.7450   -5776.8460  0.2631 
   00081    0.7247   -5640.0486  0.2781 
   00082    0.7267   -5701.3241  0.2669 
   00083    0.7367   -5736.5022  0.2524 
   00084    0.7244   -5824.4010  0.2603 
   00085    0.7256   -5813.1382  0.2647 
   00086    0.7339   -5638.9623  0.2748 
   00087    0.7347   -5722.5633  0.2690 
   00088    0.7261   -5831.4381  0.2611 
   00089    0.7186   -5748.4130  0.2646 
   00090    0.7139   -5878.5292  0.2650 
   00091    0.7325   -5918.8206  0.2565 
   00092    0.7197   -5773.5772  0.2609 
   00093    0.7325   -5830.1417  0.2531 
   00094    0.7158   -5863.7766  0.2637 
   00095    0.7225   -5686.4821  0.2547 
   00096    0.7200   -5722.1206  0.2637 
   00097    0.7219   -5740.7598  0.2702 
   00098    0.7306   -5689.7489  0.2693 
   00099    0.7256   -5702.5771  0.2597 
   00100    0.7339   -5868.9963  0.2595 
   00101    0.7214   -5827.6352  0.2625 
   00102    0.7242   -5723.3327  0.2561 
   00103    0.7286   -5793.2398  0.2523 
   00104    0.7133   -5780.3961  0.2594 
   00105    0.7144   -5777.6131  0.2538 
   00106    0.7314   -5636.7022  0.2527 
   00107    0.7367   -5673.5691  0.2618 
   00108    0.7339   -5788.0322  0.2673 
   00109    0.7208   -5852.7569  0.2650 
   00110    0.7203   -5789.1183  0.2677 
   00111    0.7258   -5758.8444  0.2594 
   00112    0.7344   -5674.4361  0.2592 
   00113    0.7286   -5758.4814  0.2634 
   00114    0.7325   -5592.3295  0.2681 
   00115    0.7347   -5658.0696  0.2650 
   00116    0.7300   -5697.6719  0.2716 
   00117    0.7192   -5752.1041  0.2530 
   00118    0.7389   -5664.9230  0.2606 
   00119    0.7183   -5649.7106  0.2582 
   00120    0.7325   -5678.6019  0.2545 
   00121    0.7392   -5917.9080  0.2641 
   00122    0.7058   -5858.5772  0.2760 
   00123    0.7256   -5747.8506  0.2777 
   00124    0.7356   -5659.1703  0.2675 
   00125    0.7186   -5574.1920  0.2661 
   00126    0.7361   -5540.4547  0.2577 
   00127    0.7294   -5693.6063  0.2524 
   00128    0.7264   -5705.8454  0.2602 
   00129    0.7331   -5715.1221  0.2530 
   00130    0.7478   -5692.8192  0.2655 
   00131    0.7336   -5713.8376  0.2693 
   00132    0.7389   -5662.6653  0.2645 
   00133    0.7347   -5656.5386  0.2606 
   00134    0.7353   -5651.5042  0.2596 
   00135    0.7236   -5771.1614  0.2687 
   00136    0.7275   -5785.2436  0.2630 
   00137    0.7250   -5872.1703  0.2633 
   00138    0.7275   -5750.4853  0.2569 
   00139    0.7383   -5755.6014  0.2555 
   00140    0.7283   -5662.7682  0.2549 
   00141    0.7269   -5824.4952  0.2577 
   00142    0.7119   -5792.4143  0.2522 
   00143    0.7294   -5743.1404  0.2698 
   00144    0.7161   -5715.9753  0.2683 
   00145    0.7164   -5740.3168  0.2626 
   00146    0.7219   -5654.9702  0.2756 
   00147    0.7339   -5773.7774  0.2809 
   00148    0.7175   -5703.8142  0.2673 
   00149    0.7250   -5753.0530  0.2629 
   00150    0.7264   -5712.6322  0.2673 
   00151    0.7339   -5712.2445  0.2679 
   00152    0.7217   -5629.6226  0.2589 
   00153    0.7178   -5757.0268  0.2645 
   00154    0.7264   -5739.1399  0.2718 
   00155    0.7286   -5698.1787  0.2701 
   00156    0.7106   -5698.9037  0.2824 
   00157    0.7322   -5895.7022  0.2921 
   00158    0.7158   -5961.5040  0.2720 
   00159    0.7242   -5791.8520  0.2518 
   00160    0.7408   -5669.2655  0.2729 
   00161    0.7317   -5840.3349  0.2718 
   00162    0.7103   -5707.6872  0.2596 
   00163    0.7269   -5749.3808  0.2645 
   00164    0.7356   -5636.1726  0.2751 
   00165    0.7297   -5658.6854  0.2659 
   00166    0.7233   -5606.8027  0.2696 
   00167    0.7208   -5741.3935  0.2588 
   00168    0.7375   -5803.0390  0.2565 
   00169    0.7286   -5629.0417  0.2663 
   00170    0.7408   -5637.9969  0.2569 
   00171    0.7350   -5669.9406  0.2701 
   00172    0.7217   -5602.9730  0.2844 
   00173    0.7161   -5623.4194  0.2798 
   00174    0.7289   -5697.5483  0.2536 
   00175    0.7456   -5561.7100  0.2527 
   00176    0.7336   -5653.9015  0.2622 
   00177    0.7347   -5733.7849  0.2692 
   00178    0.7192   -5806.1845  0.2821 
   00179    0.7217   -5673.6793  0.2804 
   00180    0.7306   -5810.3875  0.2749 
   00181    0.7267   -5789.6678  0.2737 
   00182    0.7217   -5715.8872  0.2673 
   00183    0.7339   -5668.6765  0.2616 
   00184    0.7344   -5657.2448  0.2590 
   00185    0.7381   -5717.3643  0.2691 
   00186    0.7278   -5657.6635  0.2523 
   00187    0.7411   -5659.8398  0.2523 
   00188    0.7272   -5563.3612  0.2542 
   00189    0.7333   -5714.0175  0.2567 
   00190    0.7375   -5724.5435  0.2579 
   00191    0.7150   -5596.4777  0.2578 
   00192    0.7333   -5635.7857  0.2608 
   00193    0.7269   -5697.0131  0.2609 
   00194    0.7436   -5662.5311  0.2559 
   00195    0.7264   -5789.8327  0.2589 
   00196    0.7300   -5682.4031  0.2617 
   00197    0.7325   -5699.9755  0.2725 
   00198    0.7161   -5635.4121  0.2737 
   00199    0.7303   -5739.2998  0.2755 
   00200    0.7294   -5693.5326  0.2615 
   00201    0.7167   -5668.6898  0.2575 
   00202    0.7344   -5658.8397  0.2716 
   00203    0.7364   -5592.1218  0.2696 
   00204    0.7311   -5624.8831  0.2617 
   00205    0.7303   -5435.3076  0.2511 
   00206    0.7589   -5445.3609  0.2585 
   00207    0.7442   -5463.3950  0.2731 
   00208    0.7381   -5712.9428  0.2724 
   00209    0.7219   -5558.8749  0.2753 
   00210    0.7281   -5553.9386  0.2694 
   00211    0.7400   -5670.0158  0.2801 
   00212    0.7250   -5659.1617  0.2718 
   00213    0.7222   -5789.3962  0.2774 
   00214    0.7308   -5780.1999  0.2568 
   00215    0.7294   -5701.7951  0.2592 
   00216    0.7242   -5886.2212  0.2712 
   00217    0.7261   -5843.1078  0.2681 
   00218    0.7219   -5903.4640  0.2674 
   00219    0.7144   -5889.3554  0.2693 
   00220    0.7278   -5721.4046  0.2744 
   00221    0.7297   -5603.7163  0.2769 
   00222    0.7317   -5778.3827  0.2779 
   00223    0.7092   -5691.8135  0.2656 
   00224    0.7347   -5748.0506  0.2796 
   00225    0.7267   -5781.9365  0.2808 
   00226    0.7264   -5837.3368  0.2796 
   00227    0.7339   -5757.1342  0.2717 
   00228    0.7328   -5601.3216  0.2562 
   00229    0.7206   -5663.0400  0.2637 
   00230    0.7219   -5775.9510  0.2582 
   00231    0.7378   -5778.5838  0.2640 
   00232    0.7294   -5837.9714  0.2697 
   00233    0.7242   -5720.3227  0.2606 
   00234    0.7394   -5622.3774  0.2669 
   00235    0.7292   -5761.6897  0.2520 
   00236    0.7436   -5745.4225  0.2709 
   00237    0.7242   -5745.0031  0.2549 
   00238    0.7325   -5738.3314  0.2568 
   00239    0.7306   -5662.0256  0.2634 
   00240    0.7283   -5771.9417  0.2567 
   00241    0.7356   -5641.7918  0.2588 
   00242    0.7386   -5789.3440  0.2625 
   00243    0.7222   -5625.6908  0.2710 
   00244    0.7269   -5630.1362  0.2591 
   00245    0.7319   -5506.9447  0.2612 
   00246    0.7400   -5634.1008  0.2600 
   00247    0.7331   -5705.7250  0.2625 
   00248    0.7222   -5730.1279  0.2765 
   00249    0.7267   -5606.5143  0.2655 
   00250    0.7261   -5660.4080  0.2606 
   00251    0.7250   -5715.3471  0.2605 
   00252    0.7208   -5687.7345  0.2730 
   00253    0.7350   -5644.6094  0.2773 
   00254    0.7186   -5728.1377  0.2872 
   00255    0.7325   -5756.6657  0.2831 
   00256    0.7222   -5715.3725  0.2791 
   00257    0.7211   -5687.1907  0.2654 
   00258    0.7239   -5708.7532  0.2681 
   00259    0.7375   -5664.9755  0.2590 
   00260    0.7175   -5695.6296  0.2706 
   00261    0.7386   -5634.7108  0.2675 
   00262    0.7297   -5513.0335  0.2788 
   00263    0.7322   -5595.7257  0.2761 
   00264    0.7342   -5570.0314  0.2594 
   00265    0.7314   -5718.9890  0.2622 
   00266    0.7214   -5703.5661  0.2689 
   00267    0.7444   -5638.6273  0.2756 
   00268    0.7428   -5749.2255  0.2854 
   00269    0.7297   -5816.8543  0.2771 
   00270    0.7328   -5628.9526  0.2765 
   00271    0.7142   -5734.6603  0.2679 
   00272    0.7081   -5736.9805  0.2751 
   00273    0.7269   -5665.8437  0.2728 
   00274    0.7411   -5672.7400  0.2669 
   00275    0.7436   -5632.9828  0.2653 
   00276    0.7306   -5520.4692  0.2515 
   00277    0.7378   -5820.3352  0.2538 
   00278    0.7361   -5871.5031  0.2561 
   00279    0.7194   -5721.1016  0.2590 
   00280    0.7294   -5665.1923  0.2672 
   00281    0.7228   -5605.7266  0.2755 
   00282    0.7408   -5664.7289  0.2739 
   00283    0.7244   -5883.5584  0.2872 
   00284    0.7347   -5670.4246  0.2879 
   00285    0.7267   -5647.9808  0.3049 
   00286    0.7297   -5726.8110  0.2946 
   00287    0.7214   -5859.6779  0.2780 
   00288    0.7319   -5763.6709  0.2760 
   00289    0.7433   -5658.6353  0.2593 
   00290    0.7417   -5622.0884  0.2545 
   00291    0.7261   -5708.3866  0.2636 
   00292    0.7236   -5786.3632  0.2707 
   00293    0.7292   -5865.2790  0.2715 
   00294    0.7239   -5609.4376  0.2761 
   00295    0.7397   -5613.8340  0.2717 
   00296    0.7269   -5671.6244  0.2676 
   00297    0.7431   -5659.2747  0.2865 
   00298    0.7203   -5699.8840  0.2674 
   00299    0.7219   -5769.5612  0.2552 
   00300    0.7231   -5541.4957  0.2724 
   00301    0.7397   -5535.4065  0.2652 
   00302    0.7228   -5642.9755  0.2659 
   00303    0.7344   -5662.0178  0.2690 
   00304    0.7353   -5522.3296  0.2603 
   00305    0.7325   -5578.6008  0.2826 
   00306    0.7239   -5811.5530  0.2736 
   00307    0.7244   -5861.5865  0.2803 
   00308    0.7278   -5746.3078  0.2775 
   00309    0.7136   -5742.6408  0.2629 
   00310    0.7331   -5744.5091  0.2700 
   00311    0.7272   -5818.1587  0.2601 
   00312    0.7258   -5882.3644  0.2623 
   00313    0.7267   -5746.6052  0.2586 
   00314    0.7389   -5716.8461  0.2577 
   00315    0.7275   -5708.9814  0.2544 
   00316    0.7300   -5862.8476  0.2511 
   00317    0.7217   -5789.9629  0.2682 
   00318    0.7256   -5718.8549  0.2593 
   00319    0.7297   -5641.3750  0.2596 
   00320    0.7331   -5572.2026  0.2596 
   00321    0.7303   -5647.6056  0.2572 
   00322    0.7328   -5623.1371  0.2674 
   00323    0.7447   -5804.0430  0.2519 
   00324    0.7206   -5814.0327  0.2720 
   00325    0.7186   -5597.6637  0.2662 
   00326    0.7364   -5629.0879  0.2623 
   00327    0.7253   -5653.6517  0.2583 
   00328    0.7261   -5820.3531  0.2593 
   00329    0.7364   -5585.2344  0.2762 
   00330    0.7356   -5760.5365  0.2832 
   00331    0.7131   -5806.4057  0.2764 
   00332    0.7217   -5714.8935  0.2649 
   00333    0.7256   -5661.0311  0.2665 
   00334    0.7283   -5660.1294  0.2717 
   00335    0.7419   -5618.1233  0.2708 
   00336    0.7261   -5730.7712  0.2841 
   00337    0.7269   -5748.9380  0.2703 
   00338    0.7106   -5974.6726  0.2597 
   00339    0.7275   -5858.5777  0.2659 
   00340    0.7317   -5724.5464  0.2681 
   00341    0.7300   -5721.7489  0.2629 
   00342    0.7417   -5651.1356  0.2537 
   00343    0.7281   -5802.0144  0.2592 
   00344    0.7339   -5753.4396  0.2595 
   00345    0.7303   -5745.8325  0.2523 
   00346    0.7242   -5826.2903  0.2562 
   00347    0.7142   -5896.7049  0.2664 
   00348    0.7197   -5897.6022  0.2593 
   00349    0.7203   -5802.5370  0.2547 
   00350    0.7119   -5742.3306  0.2575 
   00351    0.7333   -5715.9079  0.2632 
   00352    0.7219   -5660.6237  0.2616 
   00353    0.7258   -5666.4056  0.2544 
   00354    0.7333   -5662.1029  0.2673 
   00355    0.7417   -5786.6061  0.2709 
   00356    0.7175   -5707.2975  0.2622 
   00357    0.7247   -5644.4428  0.2543 
   00358    0.7289   -5770.6851  0.2605 
   00359    0.7283   -5758.3008  0.2704 
   00360    0.7178   -5816.5549  0.2701 
   00361    0.7364   -5746.4322  0.2682 
   00362    0.7258   -5744.7487  0.2548 
   00363    0.7142   -5926.7141  0.2557 
   00364    0.7294   -5743.5358  0.2620 
   00365    0.7267   -5762.3959  0.2690 
   00366    0.7289   -5782.3561  0.2639 
   00367    0.7147   -5766.6499  0.2724 
   00368    0.7389   -5751.7566  0.2745 
   00369    0.7161   -5771.0243  0.2599 
   00370    0.7208   -5883.5793  0.2616 
   00371    0.7283   -5656.1587  0.2766 
   00372    0.7317   -5763.5347  0.2772 
   00373    0.7156   -5778.9054  0.2605 
   00374    0.7161   -5879.0178  0.2561 
   00375    0.7156   -5819.0795  0.2650 
   00376    0.7297   -5781.4562  0.2662 
   00377    0.7264   -5788.3964  0.2610 
   00378    0.7075   -5935.9630  0.2560 
   00379    0.7206   -5707.1484  0.2576 
   00380    0.7214   -5874.1973  0.2608 
   00381    0.7100   -5798.5608  0.2668 
   00382    0.7175   -5831.8953  0.2670 
   00383    0.7219   -5706.2795  0.2562 
   00384    0.7353   -5730.0135  0.2623 
   00385    0.7192   -5844.6981  0.2713 
   00386    0.7242   -5806.9605  0.2668 
   00387    0.7242   -5774.8846  0.2656 
   00388    0.7192   -5815.8148  0.2682 
   00389    0.7167   -5886.6014  0.2614 
   00390    0.7261   -5910.1718  0.2637 
   00391    0.7244   -5888.4762  0.2660 
   00392    0.7258   -5795.3892  0.2607 
   00393    0.7233   -5740.8704  0.2586 
   00394    0.7250   -5777.2339  0.2687 
   00395    0.7244   -5994.0404  0.2735 
   00396    0.7333   -5896.7025  0.2787 
   00397    0.7325   -5668.7409  0.2675 
   00398    0.7208   -5570.2929  0.2657 
   00399    0.7436   -5681.0612  0.2652 
   00400    0.7292   -5618.4895  0.2676 
   00401    0.7378   -5667.6120  0.2722 
   00402    0.7344   -5637.8179  0.2652 
   00403    0.7347   -5818.0804  0.2653 
   00404    0.7475   -5699.4213  0.2773 
   00405    0.7269   -5664.9608  0.2717 
   00406    0.7300   -5763.9100  0.2672 
   00407    0.7172   -5787.7965  0.2660 
   00408    0.7286   -5695.6887  0.2650 
   00409    0.7272   -5615.7485  0.2551 
   00410    0.7464   -5551.8037  0.2589 
   00411    0.7414   -5574.8016  0.2562 
   00412    0.7350   -5780.3454  0.2624 
   00413    0.7300   -5790.1584  0.2628 
   00414    0.7258   -5805.3207  0.2632 
   00415    0.7161   -5727.2384  0.2721 
   00416    0.7292   -5812.7853  0.2615 
   00417    0.7431   -5730.8246  0.2565 
   00418    0.7261   -5734.4263  0.2535 
   00419    0.7336   -5777.0076  0.2599 
   00420    0.7244   -5819.2340  0.2616 
   00421    0.7264   -5844.8534  0.2826 
   00422    0.7353   -5665.7484  0.2733 
   00423    0.7328   -5708.9626  0.2713 
   00424    0.7194   -5757.0364  0.2695 
   00425    0.7242   -5758.9822  0.2713 
   00426    0.7292   -5746.6035  0.2748 
   00427    0.7333   -5675.3327  0.2668 
   00428    0.7275   -5646.1538  0.2767 
   00429    0.7258   -5748.9709  0.2724 
   00430    0.7228   -5837.8272  0.2670 
   00431    0.7414   -5828.3312  0.2762 
   00432    0.7303   -5761.4427  0.2586 
   00433    0.7389   -5844.7253  0.2735 
   00434    0.7036   -5783.0125  0.2740 
   00435    0.7286   -5734.6858  0.2828 
   00436    0.7167   -5747.6749  0.2763 
   00437    0.7294   -5817.1837  0.2670 
   00438    0.7267   -5751.6749  0.2610 
   00439    0.7039   -5815.9554  0.2731 
   00440    0.7336   -5858.0923  0.2788 
   00441    0.7247   -5700.5695  0.2766 
   00442    0.7294   -5509.0084  0.2743 
   00443    0.7292   -5714.8938  0.2557 
   00444    0.7375   -5530.6948  0.2725 
   00445    0.7314   -5592.7527  0.2689 
   00446    0.7292   -5734.9574  0.2663 
   00447    0.7267   -5672.3094  0.2753 
   00448    0.7175   -5688.1089  0.2673 
   00449    0.7242   -5913.2107  0.2739 
   00450    0.7231   -5933.6416  0.2753 
   00451    0.7189   -5755.4755  0.2786 
   00452    0.7289   -5758.8016  0.2747 
   00453    0.7375   -5729.8324  0.2787 
   00454    0.7203   -5814.1534  0.2726 
   00455    0.7489   -5731.6902  0.2756 
   00456    0.7242   -5588.8921  0.2789 
   00457    0.7275   -5735.6829  0.2750 
   00458    0.7253   -5745.1709  0.2789 
   00459    0.7297   -5741.1091  0.2739 
   00460    0.7256   -5622.9337  0.2817 
   00461    0.7333   -5736.2020  0.2814 
   00462    0.7400   -5645.9986  0.2749 
   00463    0.7203   -5691.3587  0.2873 
   00464    0.7244   -5742.2134  0.2858 
   00465    0.7264   -5693.7396  0.2814 
   00466    0.7286   -5682.6488  0.2760 
   00467    0.7356   -5809.4161  0.2857 
   00468    0.7397   -5607.9164  0.2768 
   00469    0.7367   -5765.7580  0.2652 
   00470    0.7347   -5710.3463  0.2679 
   00471    0.7172   -5857.2845  0.2717 
   00472    0.7111   -5700.6142  0.2607 
   00473    0.7353   -5432.6547  0.2621 
   00474    0.7458   -5556.3226  0.2544 
   00475    0.7417   -5545.9307  0.2600 
   00476    0.7217   -5715.2378  0.2732 
   00477    0.7397   -5712.1741  0.2839 
   00478    0.7297   -5794.3363  0.2772 
   00479    0.7253   -5626.3809  0.2764 
   00480    0.7358   -5723.0704  0.2748 
   00481    0.7314   -5599.8811  0.2753 
   00482    0.7328   -5883.2189  0.2727 
   00483    0.7261   -5783.8136  0.2728 
   00484    0.7206   -5835.3572  0.2718 
   00485    0.7161   -5746.1353  0.2620 
   00486    0.7381   -5613.2468  0.2697 
   00487    0.7300   -5704.7348  0.2536 
   00488    0.7253   -5815.2434  0.2591 
   00489    0.7231   -5883.9423  0.2588 
   00490    0.7175   -5859.3894  0.2586 
   00491    0.7339   -5730.9947  0.2585 
   00492    0.7283   -5854.9133  0.2580 
   00493    0.7167   -5864.2897  0.2578 
   00494    0.7167   -5907.0419  0.2650 
   00495    0.7125   -5783.1917  0.2678 
   00496    0.7231   -5855.5485  0.2749 
   00497    0.7139   -5848.1100  0.2766 
   00498    0.7281   -5799.7556  0.2836 
   00499    0.7200   -5803.9897  0.2798 
   00500    0.7272   -5658.6784  0.2695 
   00501    0.7242   -5676.5061  0.2569 
   00502    0.7367   -5770.5817  0.2643 
   00503    0.7217   -5811.1529  0.2704 
   00504    0.7236   -5903.2750  0.2734 
   00505    0.7281   -5826.8625  0.2648 
   00506    0.7269   -5779.4900  0.2702 
   00507    0.7169   -5725.0463  0.2605 
   00508    0.7281   -5652.0297  0.2566 
   00509    0.7311   -5743.4556  0.2631 
   00510    0.7258   -5798.4632  0.2884 
   00511    0.7267   -5775.8262  0.2859 
   00512    0.7333   -5769.0940  0.2823 
   00513    0.7275   -5763.6870  0.2730 
   00514    0.7328   -5727.3214  0.2755 
   00515    0.7247   -5694.5017  0.2635 
   00516    0.7208   -5735.9034  0.2702 
   00517    0.7197   -5756.9829  0.2677 
   00518    0.7300   -5628.3005  0.2584 
   00519    0.7367   -5656.2044  0.2575 
   00520    0.7353   -5683.7766  0.2518 
   00521    0.7317   -5801.8548  0.2605 
   00522    0.7200   -5795.7939  0.2546 
   00523    0.7289   -5898.0169  0.2603 
   00524    0.7203   -5883.1330  0.2566 
   00525    0.7072   -5967.6301  0.2581 
   00526    0.7122   -5878.5789  0.2619 
   00527    0.7331   -5828.9778  0.2786 
   00528    0.7256   -5628.2153  0.2820 
   00529    0.7303   -5602.0860  0.2785 
   00530    0.7244   -5755.2529  0.2762 
   00531    0.7342   -5799.0717  0.2644 
   00532    0.7289   -5953.5302  0.2721 
   00533    0.7283   -5890.6954  0.2671 
   00534    0.7186   -5744.2836  0.2603 
   00535    0.7267   -5676.6304  0.2669 
   00536    0.7342   -5671.6211  0.2589 
   00537    0.7331   -5760.4284  0.2527 
   00538    0.7314   -5728.5455  0.2601 
   00539    0.7297   -5658.2404  0.2693 
   00540    0.7328   -5583.5884  0.2535 
   00541    0.7200   -5753.1071  0.2795 
   00542    0.7175   -5803.9201  0.2687 
   00543    0.7161   -5662.0292  0.2672 
   00544    0.7342   -5718.6195  0.2667 
   00545    0.7194   -5766.2919  0.2810 
   00546    0.7167   -5809.2376  0.2788 
   00547    0.7286   -5818.9699  0.2798 
   00548    0.7275   -5736.1825  0.2685 
   00549    0.7286   -5655.5452  0.2746 
   00550    0.7317   -5755.2684  0.2815 
   00551    0.7264   -5733.1536  0.2669 
   00552    0.7325   -5724.7369  0.2652 
   00553    0.7181   -5769.1712  0.2684 
   00554    0.7311   -5729.1971  0.2804 
   00555    0.7167   -5629.6861  0.2810 
   00556    0.7253   -5722.2408  0.2720 
   00557    0.7206   -5632.8023  0.2762 
   00558    0.7367   -5823.0145  0.2845 
   00559    0.7219   -5700.2593  0.2667 
   00560    0.7153   -5680.7604  0.2698 
   00561    0.7172   -5693.5003  0.2663 
   00562    0.7317   -5650.3185  0.2585 
   00563    0.7411   -5665.5133  0.2675 
   00564    0.7314   -5843.7119  0.2710 
   00565    0.7281   -5692.3724  0.2537 
   00566    0.7272   -5668.4449  0.2559 
   00567    0.7356   -5812.3973  0.2616 
   00568    0.7072   -5902.3584  0.2681 
   00569    0.7217   -5869.7761  0.2584 
   00570    0.7300   -5847.8041  0.2599 
   00571    0.7136   -5784.8064  0.2630 
   00572    0.7203   -5773.1111  0.2614 
   00573    0.7372   -5742.6795  0.2576 
   00574    0.7211   -5752.4162  0.2583 
   00575    0.7250   -5451.1983  0.2650 
   00576    0.7228   -5590.0947  0.2516 
   00577    0.7511   -5542.8945  0.2648 
   00578    0.7286   -5557.1434  0.2607 
   00579    0.7319   -5632.1013  0.2682 
   00580    0.7369   -5653.6924  0.2678 
   00581    0.7358   -5750.8963  0.2631 
   00582    0.7239   -5738.6432  0.2613 
   00583    0.7297   -5756.7227  0.2545 
   00584    0.7328   -5908.2494  0.2590 
   00585    0.7317   -5713.6686  0.2582 
   00586    0.7286   -5767.1798  0.2622 
   00587    0.7336   -5811.2106  0.2685 
   00588    0.7297   -5711.9801  0.2608 
   00589    0.7353   -5778.7772  0.2724 
   00590    0.7325   -5705.9423  0.2768 
   00591    0.7494   -5516.5182  0.2632 
   00592    0.7381   -5499.3717  0.2598 
   00593    0.7394   -5612.0549  0.2585 
   00594    0.7400   -5773.1050  0.2697 
   00595    0.7186   -5721.2710  0.2652 
   00596    0.7333   -5700.6016  0.2690 
   00597    0.7289   -5800.7805  0.2777 
   00598    0.7275   -5756.4511  0.2899 
   00599    0.7158   -5869.6062  0.2622 
   00600    0.7294   -5873.1282  0.2611 
   00601    0.7200   -5700.1266  0.2748 
   00602    0.7222   -5828.5311  0.2834 
   00603    0.7242   -5723.8774  0.2719 
   00604    0.7286   -5794.0944  0.2654 
   00605    0.7269   -5767.2327  0.2794 
   00606    0.7231   -5642.1872  0.2651 
   00607    0.7347   -5654.6039  0.2719 
   00608    0.7375   -5839.0513  0.2735 
   00609    0.7233   -5697.4906  0.2608 
   00610    0.7331   -5590.7054  0.2720 
   00611    0.7225   -5604.0675  0.2742 
   00612    0.7244   -5674.4269  0.2900 
   00613    0.7353   -5639.3953  0.2582 
   00614    0.7236   -5787.0391  0.2696 
   00615    0.7250   -5733.4914  0.2679 
   00616    0.7308   -5652.4111  0.2713 
   00617    0.7339   -5637.9844  0.2683 
   00618    0.7281   -5701.5372  0.2624 
   00619    0.7247   -5798.6633  0.2656 
   00620    0.7169   -5830.4012  0.2603 
   00621    0.7503   -5627.7058  0.2650 
   00622    0.7256   -5633.4747  0.2720 
   00623    0.7281   -5619.8285  0.2719 
   00624    0.7344   -5712.0282  0.2599 
   00625    0.7331   -5772.9505  0.2542 
   00626    0.7328   -5699.7682  0.2617 
   00627    0.7353   -5521.1595  0.2626 
   00628    0.7192   -5714.5269  0.2693 
   00629    0.7311   -5746.2179  0.2539 
   00630    0.7217   -5684.3562  0.2676 
   00631    0.7339   -5692.2845  0.2611 
   00632    0.7261   -5637.8522  0.2764 
   00633    0.7386   -5662.7961  0.2690 
   00634    0.7239   -5668.6523  0.2707 
   00635    0.7117   -5823.7812  0.2787 
   00636    0.7147   -5859.6526  0.2866 
   00637    0.7319   -5667.1716  0.2775 
   00638    0.7253   -5673.0956  0.2808 
   00639    0.7192   -5833.6445  0.2588 
   00640    0.7114   -5827.0138  0.2530 
   00641    0.7103   -5858.3039  0.2675 
   00642    0.7306   -5798.1255  0.2678 
   00643    0.7281   -5820.4480  0.2724 
   00644    0.7100   -5792.9024  0.2751 
   00645    0.7244   -5746.1924  0.2734 
   00646    0.7211   -5796.9508  0.2826 
   00647    0.7222   -5846.4915  0.2732 
   00648    0.7125   -6002.3368  0.2701 
   00649    0.7078   -5858.4592  0.2649 
   00650    0.7103   -5829.1788  0.2722 
   00651    0.7144   -5852.3794  0.2551 
   00652    0.7136   -5696.7412  0.2607 
   00653    0.7403   -5582.8757  0.2548 
   00654    0.7317   -5580.5903  0.2714 
   00655    0.7278   -5570.5311  0.2632 
   00656    0.7239   -5653.2690  0.2781 
   00657    0.7319   -5678.0035  0.2813 
   00658    0.7425   -5560.9521  0.2692 
   00659    0.7292   -5629.1198  0.2641 
   00660    0.7403   -5707.3608  0.2583 
   00661    0.7300   -5863.8017  0.2748 
   00662    0.7247   -5772.3059  0.2724 
   00663    0.7292   -5851.9473  0.2825 
   00664    0.7225   -5642.7688  0.2842 
   00665    0.7442   -5715.0110  0.2781 
   00666    0.7208   -5624.3200  0.2818 
   00667    0.7156   -5611.9299  0.2816 
   00668    0.7417   -5661.5756  0.2831 
   00669    0.7361   -5644.4064  0.2635 
   00670    0.7125   -5807.4171  0.2762 
   00671    0.7217   -5859.2021  0.2775 
   00672    0.7217   -5741.9524  0.2623 
   00673    0.7203   -5791.2557  0.2523 
   00674    0.7183   -5606.0095  0.2581 
   00675    0.7275   -5654.8853  0.2540 
   00676    0.7206   -5798.3439  0.2647 
   00677    0.7353   -5720.0825  0.2749 
   00678    0.7294   -5764.0782  0.2664 
   00679    0.7306   -5661.4261  0.2649 
   00680    0.7300   -5740.9706  0.2715 
   00681    0.7417   -5781.3466  0.2730 
   00682    0.7114   -5753.4205  0.2790 
   00683    0.7317   -5741.1258  0.2745 
   00684    0.7172   -5770.0035  0.2714 
   00685    0.7308   -5889.7027  0.2782 
   00686    0.7306   -5837.0927  0.2641 
   00687    0.7119   -5784.2996  0.2832 
   00688    0.7219   -5826.9602  0.2739 
   00689    0.7300   -5874.8974  0.2679 
   00690    0.7153   -5852.7729  0.2749 
   00691    0.7081   -5756.1328  0.2792 
   00692    0.7272   -5794.1947  0.2655 
   00693    0.7183   -5785.2556  0.2717 
   00694    0.7258   -5738.5600  0.2646 
   00695    0.7192   -5815.1073  0.2565 
   00696    0.7300   -5810.6420  0.2547 
   00697    0.7300   -5694.0143  0.2560 
   00698    0.7222   -5910.7959  0.2595 
   00699    0.7225   -5902.9209  0.2536 
   00700    0.7211   -5723.9067  0.2561 
   00701    0.7372   -5548.1994  0.2689 
   00702    0.7383   -5545.6009  0.2657 
   00703    0.7353   -5502.8385  0.2633 
   00704    0.7419   -5514.6184  0.2633 
   00705    0.7308   -5641.8188  0.2683 
   00706    0.7456   -5756.6065  0.2632 
   00707    0.7258   -5749.7637  0.2738 
   00708    0.7303   -5783.4618  0.2740 
   00709    0.7119   -5777.9456  0.2836 
   00710    0.7275   -5652.7779  0.2758 
   00711    0.7311   -5773.6310  0.2746 
   00712    0.7264   -5658.0688  0.2671 
   00713    0.7244   -5783.0296  0.2715 
   00714    0.7311   -5644.7740  0.2727 
   00715    0.7308   -5546.4894  0.2666 
   00716    0.7247   -5701.0307  0.2645 
   00717    0.7344   -5808.4680  0.2564 
   00718    0.7167   -5859.5651  0.2677 
   00719    0.7217   -5819.4706  0.2651 
   00720    0.7392   -5769.9703  0.2589 
   00721    0.7269   -5625.5414  0.2571 
   00722    0.7356   -5694.9509  0.2712 
   00723    0.7344   -5675.6085  0.2707 
   00724    0.7253   -5685.8328  0.2723 
   00725    0.7167   -5849.0267  0.2787 
   00726    0.7300   -5703.3631  0.2795 
   00727    0.7303   -5664.1672  0.2684 
   00728    0.7264   -5622.4647  0.2585 
   00729    0.7247   -5890.6826  0.2522 
   00730    0.7222   -5854.9456  0.2715 
   00731    0.7244   -5829.4115  0.2645 
   00732    0.7256   -5746.8157  0.2587 
   00733    0.7353   -5625.4548  0.2666 
   00734    0.7436   -5578.5481  0.2703 
   00735    0.7317   -5662.6038  0.2831 
   00736    0.7247   -5602.0071  0.2780 
   00737    0.7367   -5662.5926  0.2795 
   00738    0.7233   -5734.9684  0.2681 
   00739    0.7244   -5802.0723  0.2551 
   00740    0.7258   -5745.1345  0.2629 
   00741    0.7353   -5643.1038  0.2540 
   00742    0.7378   -5856.0140  0.2549 
   00743    0.7186   -5982.1446  0.2611 
   00744    0.7228   -5898.2125  0.2733 
   00745    0.7008   -5913.4730  0.2672 
   00746    0.7325   -5870.1859  0.2734 
   00747    0.7275   -5675.6918  0.2647 
   00748    0.7208   -5762.3464  0.2721 
   00749    0.7214   -5745.9492  0.2841 
   00750    0.7261   -5670.2090  0.2929 
   00751    0.7344   -5694.8679  0.2846 
   00752    0.7331   -5879.9408  0.2789 
   00753    0.7150   -5794.9475  0.2647 
   00754    0.7156   -5788.2469  0.2630 
   00755    0.7481   -5678.5448  0.2641 
   00756    0.7181   -5724.7562  0.2672 
   00757    0.7167   -5763.5050  0.2683 
   00758    0.7136   -5821.3021  0.2666 
   00759    0.7117   -5769.5436  0.2639 
   00760    0.7278   -5705.8634  0.2741 
   00761    0.7278   -5630.7644  0.2748 
   00762    0.7225   -5730.6087  0.2682 
   00763    0.7333   -5628.1034  0.2699 
   00764    0.7183   -5732.7837  0.2742 
   00765    0.7308   -5666.3909  0.2885 
   00766    0.7289   -5543.1297  0.2725 
   00767    0.7261   -5602.6585  0.2618 
   00768    0.7219   -5688.5016  0.2640 
   00769    0.7253   -5558.0353  0.2758 
   00770    0.7325   -5757.1411  0.2645 
   00771    0.7300   -5695.9226  0.2512 
   00772    0.7189   -5767.8897  0.2561 
   00773    0.7258   -5663.9532  0.2694 
   00774    0.7325   -5648.7274  0.2738 
   00775    0.7269   -5624.4141  0.2759 
   00776    0.7394   -5569.0653  0.2734 
   00777    0.7400   -5696.6693  0.2532 
   00778    0.7197   -5784.9424  0.2586 
   00779    0.7261   -5592.7969  0.2635 
   00780    0.7353   -5820.8708  0.2670 
   00781    0.7203   -5762.5477  0.2724 
   00782    0.7131   -5738.7392  0.2719 
   00783    0.7247   -5703.1055  0.2701 
   00784    0.7381   -5738.8157  0.2699 
   00785    0.7336   -5590.5940  0.2612 
   00786    0.7333   -5654.1702  0.2717 
   00787    0.7283   -5865.8737  0.2711 
   00788    0.7203   -5825.3137  0.2653 
   00789    0.7431   -5729.7471  0.2636 
   00790    0.7358   -5659.6944  0.2856 
   00791    0.7383   -5795.2877  0.2877 
   00792    0.7217   -6021.8660  0.2827 
   00793    0.7222   -5827.9388  0.2773 
   00794    0.7286   -5727.2120  0.2803 
   00795    0.7281   -5738.3925  0.2761 
   00796    0.7314   -5809.9906  0.2690 
   00797    0.7375   -5772.2988  0.2624 
   00798    0.7275   -5835.8112  0.2677 
   00799    0.7164   -5708.1002  0.2586 
   00800    0.7250   -5612.8114  0.2652 
   00801    0.7397   -5643.6007  0.2741 
   00802    0.7236   -5661.1239  0.2771 
   00803    0.7308   -5627.9711  0.2822 
   00804    0.7158   -5811.8225  0.2694 
   00805    0.7186   -5822.6187  0.2656 
   00806    0.7364   -5728.5010  0.2547 
   00807    0.7453   -5662.4783  0.2566 
   00808    0.7406   -5694.4389  0.2581 
   00809    0.7194   -5670.6769  0.2554 
   00810    0.7433   -5610.1397  0.2587 
   00811    0.7442   -5679.6881  0.2634 
   00812    0.7283   -5646.4302  0.2627 
   00813    0.7269   -5814.7654  0.2665 
   00814    0.7108   -5737.4323  0.2633 
   00815    0.7331   -5708.4866  0.2577 
   00816    0.7200   -5668.7409  0.2585 
   00817    0.7244   -5873.8373  0.2567 
   00818    0.7253   -5741.9823  0.2702 
   00819    0.7347   -5720.1705  0.2579 
   00820    0.7222   -5595.4648  0.2583 
   00821    0.7283   -5687.5649  0.2574 
   00822    0.7314   -5705.9728  0.2704 
   00823    0.7186   -5895.2647  0.2727 
   00824    0.7039   -5861.3267  0.2797 
   00825    0.7194   -5704.1571  0.2785 
   00826    0.7306   -5695.5004  0.2695 
   00827    0.7381   -5734.2003  0.2718 
   00828    0.7183   -5705.0950  0.2818 
   00829    0.7228   -5821.5335  0.2757 
   00830    0.7211   -5793.8270  0.2824 
   00831    0.7178   -5750.8672  0.2723 
   00832    0.7156   -5857.8537  0.2690 
   00833    0.7278   -5706.0145  0.2600 
   00834    0.7292   -5605.8104  0.2631 
   00835    0.7361   -5689.2260  0.2714 
   00836    0.7258   -5737.6423  0.2733 
   00837    0.7231   -5706.7414  0.2722 
   00838    0.7194   -5628.1892  0.2659 
   00839    0.7197   -5747.9944  0.2566 
   00840    0.7306   -5813.3033  0.2643 
   00841    0.7308   -5706.8061  0.2676 
   00842    0.7244   -5670.9117  0.2606 
   00843    0.7244   -5719.2212  0.2706 
   00844    0.7308   -5705.1910  0.2553 
   00845    0.7406   -5745.5845  0.2589 
   00846    0.7217   -5699.2573  0.2719 
   00847    0.7186   -5609.1021  0.2751 
   00848    0.7294   -5847.0927  0.2553 
   00849    0.7231   -5720.4006  0.2690 
   00850    0.7258   -5689.9410  0.2870 
   00851    0.7197   -5707.7296  0.2850 
   00852    0.7300   -5743.0076  0.2832 
   00853    0.7261   -5771.2926  0.2758 
   00854    0.7358   -5703.4908  0.2614 
   00855    0.7239   -5695.5074  0.2637 
   00856    0.7275   -5634.1360  0.2572 
   00857    0.7186   -5847.0621  0.2647 
   00858    0.7261   -5720.7222  0.2620 
   00859    0.7292   -5756.9590  0.2553 
   00860    0.7400   -5618.1345  0.2638 
   00861    0.7172   -5693.2250  0.2653 
   00862    0.7258   -5840.8139  0.2859 
   00863    0.7383   -5677.3182  0.2782 
   00864    0.7436   -5660.7839  0.2945 
   00865    0.7269   -5797.2632  0.2723 
   00866    0.7381   -5723.1038  0.2584 
   00867    0.7289   -5752.1176  0.2657 
   00868    0.7319   -5903.0763  0.2665 
   00869    0.7203   -5697.4936  0.2743 
   00870    0.7322   -5766.9241  0.2675 
   00871    0.7242   -6016.0728  0.2765 
   00872    0.7058   -5800.8086  0.2616 
   00873    0.7175   -5692.5709  0.2763 
   00874    0.7319   -5635.7334  0.2657 
   00875    0.7358   -5668.0312  0.2605 
   00876    0.7408   -5686.9784  0.2569 
   00877    0.7411   -5581.1685  0.2670 
   00878    0.7314   -5622.2812  0.2666 
   00879    0.7300   -5730.8658  0.2756 
   00880    0.7239   -5843.3745  0.2655 
   00881    0.7350   -5662.8177  0.2742 
   00882    0.7183   -5752.3471  0.2681 
   00883    0.7164   -5778.6092  0.2745 
   00884    0.7306   -5783.6457  0.2801 
   00885    0.7114   -5831.9313  0.2682 
   00886    0.7278   -5657.6767  0.2738 
   00887    0.7222   -5695.7593  0.2822 
   00888    0.7286   -5710.0651  0.2816 
   00889    0.7350   -5567.2200  0.2828 
   00890    0.7283   -5621.5544  0.2723 
   00891    0.7219   -5753.4576  0.2672 
   00892    0.7108   -5768.5015  0.2792 
   00893    0.7283   -5788.6045  0.2612 
   00894    0.7208   -5769.4903  0.2729 
   00895    0.7339   -5786.3875  0.2760 
   00896    0.7283   -5868.4044  0.2754 
   00897    0.7067   -5614.0227  0.2724 
   00898    0.7269   -5766.0558  0.2763 
   00899    0.7228   -5660.8570  0.2646 
   00900    0.7272   -5769.1455  0.2671 
   00901    0.7222   -5807.2417  0.2617 
   00902    0.7200   -5795.0526  0.2583 
   00903    0.7275   -5824.0344  0.2601 
   00904    0.7281   -5767.7890  0.2722 
   00905    0.7158   -5846.7986  0.2699 
   00906    0.7283   -5756.8545  0.2682 
   00907    0.7239   -5473.8833  0.2642 
   00908    0.7353   -5590.8466  0.2574 
   00909    0.7372   -5664.2376  0.2931 
   00910    0.7378   -5735.9516  0.2956 
   00911    0.7139   -5689.3123  0.2882 
   00912    0.7172   -5526.8763  0.2788 
   00913    0.7375   -5634.7224  0.2780 
   00914    0.7356   -5684.1971  0.2718 
   00915    0.7242   -5730.9960  0.2651 
   00916    0.7317   -5716.2361  0.2528 
   00917    0.7297   -5666.1330  0.2668 
   00918    0.7256   -5753.7447  0.2767 
   00919    0.7289   -5765.3191  0.2780 
   00920    0.7228   -5743.8151  0.2830 
   00921    0.7339   -5759.4860  0.2638 
   00922    0.7247   -5779.0373  0.2733 
   00923    0.7319   -5759.9686  0.2751 
   00924    0.7267   -5796.4560  0.2647 
   00925    0.7278   -5795.0242  0.2613 
   00926    0.7256   -5922.2304  0.2565 
   00927    0.7186   -5772.4545  0.2579 
   00928    0.7164   -5887.4093  0.2594 
   00929    0.7167   -5850.8214  0.2649 
   00930    0.7272   -5799.7884  0.2661 
   00931    0.7286   -5767.8323  0.2628 
   00932    0.7328   -5809.7182  0.2721 
   00933    0.7306   -5693.0412  0.2833 
   00934    0.7194   -5664.7176  0.2794 
   00935    0.7247   -5703.3234  0.2800 
   00936    0.7314   -5613.9987  0.2953 
   00937    0.7397   -5662.5949  0.2942 
   00938    0.7247   -5693.2057  0.2800 
   00939    0.7458   -5707.9801  0.2795 
   00940    0.7194   -5806.8719  0.2692 
   00941    0.7186   -5820.6962  0.2640 
   00942    0.7133   -5994.7381  0.2687 
   00943    0.7236   -5924.2726  0.2724 
   00944    0.7286   -5868.6164  0.2704 
   00945    0.7136   -5827.1900  0.2620 
   00946    0.7386   -5719.5527  0.2598 
   00947    0.7061   -5735.8408  0.2723 
   00948    0.7231   -5787.7831  0.2682 
   00949    0.7211   -5762.0992  0.2652 
   00950    0.7244   -5739.3720  0.2667 
   00951    0.7328   -5702.1656  0.2570 
   00952    0.7272   -5743.3126  0.2619 
   00953    0.7094   -5869.2287  0.2677 
   00954    0.7239   -5869.7926  0.2631 
   00955    0.7275   -5822.7604  0.2614 
   00956    0.7228   -5610.6722  0.2744 
   00957    0.7375   -5682.0388  0.2593 
   00958    0.7414   -5639.5897  0.2574 
   00959    0.7289   -5724.7779  0.2653 
   00960    0.7244   -5684.8396  0.2581 
   00961    0.7356   -5695.1607  0.2590 
   00962    0.7322   -5692.2048  0.2725 
   00963    0.7431   -5682.7950  0.2747 
   00964    0.7142   -5735.5988  0.2636 
   00965    0.7292   -5765.3418  0.2569 
   00966    0.7358   -5705.9052  0.2615 
   00967    0.7358   -5635.6093  0.2660 
   00968    0.7311   -5884.6521  0.2650 
   00969    0.7136   -5772.5634  0.2731 
   00970    0.7181   -5822.3050  0.2665 
   00971    0.7325   -5888.7848  0.2736 
   00972    0.7261   -5740.1737  0.2892 
   00973    0.7125   -5820.7933  0.2920 
   00974    0.7219   -5812.8889  0.2864 
   00975    0.7331   -5712.7109  0.2930 
   00976    0.7308   -5589.5225  0.2743 
   00977    0.7278   -5576.2363  0.2712 
   00978    0.7333   -5716.4377  0.2680 
   00979    0.7236   -5807.6970  0.2639 
   00980    0.7375   -5930.7231  0.2649 
   00981    0.7169   -5735.0118  0.2592 
   00982    0.7286   -5646.9916  0.2569 
   00983    0.7367   -5535.1912  0.2658 
   00984    0.7292   -5475.6156  0.2817 
   00985    0.7278   -5768.1445  0.2849 
   00986    0.7244   -5906.9485  0.2752 
   00987    0.7133   -5799.5140  0.2618 
   00988    0.7311   -5572.0928  0.2555 
   00989    0.7189   -5867.7880  0.2549 
   00990    0.7278   -5835.8120  0.2655 
   00991    0.7417   -5698.6775  0.2672 
   00992    0.7292   -5590.8889  0.2706 
   00993    0.7306   -5711.8551  0.2717 
   00994    0.7278   -5757.2857  0.2610 
   00995    0.7194   -5845.9415  0.2602 
   00996    0.7222   -5927.9169  0.2678 
   00997    0.7283   -5876.9853  0.2696 
   00998    0.7153   -5839.6337  0.2772 
   00999    0.7347   -5611.4981  0.2784 
   01000    0.7203   -5663.1789  0.2721 
