#=====================================================
# File created:        Mon-06-Nov-2023-at-10-56-40AM
# Size of lattice:     40x40
# Number of MC steps:  1000
# Reduced temperature: 0.800
# Run time (s):        38.854460
#=====================================================
# MC step:  Ratio:     Energy:   Order:
#=====================================================
   00000    0.5000   -1615.2420  0.2823 
   00001    0.6400   -1869.8599  0.2732 
   00002    0.6275   -2081.1440  0.2658 
   00003    0.5925   -2256.2238  0.2764 
   00004    0.5625   -2429.3572  0.2815 
   00005    0.5650   -2537.2596  0.2865 
   00006    0.5425   -2614.1254  0.2794 
   00007    0.5750   -2752.9255  0.2823 
   00008    0.5500   -2842.1683  0.2815 
   00009    0.5050   -2942.7864  0.2808 
   00010    0.5400   -3038.1826  0.2780 
   00011    0.5325   -3081.9466  0.2818 
   00012    0.5100   -3153.1843  0.2733 
   00013    0.4800   -3217.8354  0.2752 
   00014    0.4700   -3255.7110  0.2763 
   00015    0.4750   -3294.3241  0.2893 
   00016    0.4900   -3346.2357  0.2906 
   00017    0.4950   -3391.8577  0.2958 
   00018    0.4775   -3431.5119  0.3010 
   00019    0.5200   -3414.0177  0.2949 
   00020    0.4925   -3422.0189  0.2978 
   00021    0.4575   -3449.9520  0.2996 
   00022    0.4700   -3532.4061  0.3019 
   00023    0.4575   -3568.3258  0.3076 
   00024    0.4100   -3596.8661  0.3099 
   00025    0.4200   -3606.3124  0.3073 
   00026    0.4400   -3625.7957  0.2998 
   00027    0.4750   -3694.4846  0.2999 
   00028    0.4225   -3714.9386  0.3040 
   00029    0.4500   -3779.3991  0.3031 
   00030    0.4775   -3759.6449  0.3107 
   00031    0.4400   -3783.3915  0.3076 
   00032    0.4550   -3789.5708  0.3098 
   00033    0.4625   -3789.3740  0.3143 
   00034    0.4600   -3817.8609  0.3168 
   00035    0.3875   -3866.1431  0.3105 
   00036    0.4175   -3892.7111  0.3074 
   00037    0.4325   -3912.4834  0.3051 
   00038    0.4875   -3936.7449  0.3063 
   00039    0.4475   -3931.5798  0.3115 
   00040    0.3975   -3945.4041  0.3123 
   00041    0.3725   -3992.5607  0.3136 
   00042    0.4425   -3984.3556  0.3128 
   00043    0.4325   -3990.1851  0.3146 
   00044    0.4400   -4004.5473  0.3168 
   00045    0.4275   -3988.9104  0.3152 
   00046    0.4225   -4022.4885  0.3119 
   00047    0.4050   -4037.8147  0.3141 
   00048    0.4425   -4035.5979  0.3237 
   00049    0.4075   -4035.5620  0.3165 
   00050    0.3825   -4056.6413  0.3160 
   00051    0.4000   -4049.7883  0.3198 
   00052    0.3875   -4047.0572  0.3120 
   00053    0.3950   -4049.2610  0.3080 
   00054    0.4100   -4056.3534  0.3145 
   00055    0.4025   -4058.0584  0.3126 
   00056    0.4075   -4095.2214  0.3121 
   00057    0.4300   -4135.8886  0.3068 
   00058    0.4475   -4137.5419  0.2991 
   00059    0.4125   -4094.3382  0.2951 
   00060    0.3725   -4076.9268  0.2932 
   00061    0.4175   -4044.4437  0.2861 
   00062    0.4425   -4042.5246  0.2780 
   00063    0.3900   -4033.9832  0.2794 
   00064    0.4475   -4020.8695  0.2836 
   00065    0.4100   -4025.0891  0.2789 
   00066    0.4075   -4018.7495  0.2753 
   00067    0.3925   -3989.5981  0.2775 
   00068    0.4000   -3972.8209  0.2792 
   00069    0.4425   -3983.7407  0.2818 
   00070    0.4200   -3990.6349  0.2860 
   00071    0.4175   -4011.3066  0.2913 
   00072    0.4450   -4010.1277  0.2970 
   00073    0.4275   -4001.4831  0.3025 
   00074    0.3850   -4008.0743  0.3028 
   00075    0.4025   -4033.8157  0.3056 
   00076    0.4050   -4034.6908  0.3050 
   00077    0.4325   -4042.9149  0.3004 
   00078    0.4200   -4042.1289  0.3072 
   00079    0.3825   -4054.1090  0.3026 
   00080    0.4300   -4066.4142  0.2988 
   00081    0.3900   -4072.9787  0.2975 
   00082    0.4225   -4104.1030  0.2979 
   00083    0.4175   -4084.8530  0.3014 
   00084    0.3775   -4073.3759  0.3050 
   00085    0.4250   -4087.2181  0.3080 
   00086    0.4350   -4112.4669  0.3029 
   00087    0.3900   -4118.9594  0.3068 
   00088    0.4500   -4128.3588  0.3113 
   00089    0.3975   -4134.4591  0.3101 
   00090    0.4225   -4133.9880  0.3101 
   00091    0.4150   -4105.0618  0.3070 
   00092    0.4450   -4133.3427  0.3123 
   00093    0.4000   -4154.4808  0.3148 
   00094    0.4200   -4154.5304  0.3142 
   00095    0.4300   -4169.6531  0.3207 
   00096    0.4150   -4157.5795  0.3279 
   00097    0.4225   -4171.1868  0.3304 
   00098    0.3750   -4159.1943  0.3255 
   00099    0.4075   -4174.6218  0.3283 
   00100    0.3550   -4214.9705  0.3206 
   00101    0.3925   -4239.6685  0.3225 
   00102    0.3700   -4223.1001  0.3239 
   00103    0.4225   -4267.0699  0.3275 
   00104    0.3750   -4274.1527  0.3269 
   00105    0.3850   -4274.6542  0.3245 
   00106    0.4200   -4276.5239  0.3186 
   00107    0.3625   -4277.5065  0.3187 
   00108    0.3900   -4274.6565  0.3135 
   00109    0.4200   -4263.7053  0.3150 
   00110    0.3825   -4262.3855  0.3123 
   00111    0.4175   -4239.7425  0.3157 
   00112    0.4150   -4275.3577  0.3191 
   00113    0.4150   -4277.3613  0.3213 
   00114    0.4000   -4276.4282  0.3235 
   00115    0.3700   -4283.7234  0.3188 
   00116    0.4050   -4280.6799  0.3180 
   00117    0.3525   -4305.7566  0.3187 
   00118    0.3775   -4308.2994  0.3178 
   00119    0.4000   -4314.1388  0.3241 
   00120    0.4100   -4333.0442  0.3207 
   00121    0.4475   -4333.4806  0.3201 
   00122    0.3875   -4347.6762  0.3158 
   00123    0.3950   -4364.8298  0.3167 
   00124    0.4125   -4382.9052  0.3130 
   00125    0.3625   -4349.0762  0.3095 
   00126    0.3825   -4339.9422  0.3145 
   00127    0.3850   -4303.3943  0.3145 
   00128    0.3900   -4336.4978  0.3097 
   00129    0.4100   -4327.9436  0.3094 
   00130    0.3900   -4305.2703  0.3121 
   00131    0.3950   -4329.9235  0.3136 
   00132    0.3500   -4325.4212  0.3125 
   00133    0.4075   -4358.2771  0.3093 
   00134    0.3675   -4365.3640  0.3107 
   00135    0.3850   -4365.7211  0.3119 
   00136    0.3775   -4384.6586  0.3140 
   00137    0.4050   -4402.9616  0.3134 
   00138    0.4250   -4399.4218  0.3124 
   00139    0.4025   -4424.7374  0.3179 
   00140    0.3925   -4396.9862  0.3182 
   00141    0.3625   -4409.3091  0.3173 
   00142    0.4275   -4399.5662  0.3146 
   00143    0.3950   -4396.5819  0.3166 
   00144    0.4025   -4405.9354  0.3182 
   00145    0.4000   -4376.9285  0.3187 
   00146    0.4075   -4380.5370  0.3152 
   00147    0.3900   -4392.3002  0.3165 
   00148    0.4250   -4414.4023  0.3175 
   00149    0.4175   -4439.2931  0.3182 
   00150    0.3825   -4421.9319  0.3164 
   00151    0.3400   -4426.4444  0.3190 
   00152    0.3550   -4405.5955  0.3191 
   00153    0.3875   -4400.8113  0.3224 
   00154    0.3750   -4390.7638  0.3202 
   00155    0.3950   -4381.9928  0.3191 
   00156    0.3575   -4427.3264  0.3178 
   00157    0.3675   -4428.0828  0.3159 
   00158    0.3775   -4437.9648  0.3188 
   00159    0.3575   -4448.0058  0.3139 
   00160    0.4150   -4406.0534  0.3121 
   00161    0.3650   -4418.6607  0.3155 
   00162    0.3900   -4410.1083  0.3190 
   00163    0.3625   -4378.9761  0.3216 
   00164    0.4125   -4359.2184  0.3206 
   00165    0.4050   -4364.9375  0.3220 
   00166    0.4075   -4402.1689  0.3229 
   00167    0.4025   -4379.0790  0.3144 
   00168    0.4100   -4381.6057  0.3072 
   00169    0.3750   -4363.5416  0.3078 
   00170    0.3900   -4320.4734  0.3072 
   00171    0.3950   -4297.2489  0.3101 
   00172    0.4025   -4303.5054  0.3135 
   00173    0.4175   -4305.8764  0.3110 
   00174    0.3975   -4289.0686  0.3133 
   00175    0.3975   -4296.9656  0.3127 
   00176    0.4000   -4321.8702  0.3124 
   00177    0.3625   -4309.1362  0.3116 
   00178    0.4125   -4338.3216  0.3123 
   00179    0.4125   -4357.8035  0.3092 
   00180    0.3950   -4348.9395  0.3112 
   00181    0.3825   -4358.9586  0.3156 
   00182    0.4000   -4344.2239  0.3151 
   00183    0.4150   -4328.7622  0.3203 
   00184    0.3775   -4339.1161  0.3156 
   00185    0.3475   -4355.1289  0.3156 
   00186    0.3900   -4310.4888  0.3183 
   00187    0.3850   -4335.7091  0.3186 
   00188    0.4025   -4344.4074  0.3178 
   00189    0.3800   -4332.5055  0.3143 
   00190    0.3750   -4331.7102  0.3177 
   00191    0.4025   -4329.3540  0.3163 
   00192    0.3825   -4350.4222  0.3116 
   00193    0.3800   -4362.7265  0.3132 
   00194    0.4050   -4387.8242  0.3152 
   00195    0.3925   -4359.5810  0.3157 
   00196    0.3250   -4354.6720  0.3127 
   00197    0.4000   -4325.6542  0.3094 
   00198    0.4250   -4333.3209  0.3074 
   00199    0.3950   -4324.0655  0.3031 
   00200    0.3925   -4315.0252  0.3061 
   00201    0.3950   -4330.0704  0.3085 
   00202    0.4075   -4363.3387  0.3035 
   00203    0.3950   -4346.8653  0.2992 
   00204    0.4300   -4339.1505  0.3004 
   00205    0.3900   -4370.8908  0.3060 
   00206    0.3650   -4374.1654  0.3088 
   00207    0.4125   -4397.3866  0.3074 
   00208    0.4100   -4375.7290  0.3078 
   00209    0.3725   -4391.5697  0.3079 
   00210    0.3800   -4427.4683  0.3120 
   00211    0.3850   -4435.6774  0.3072 
   00212    0.3750   -4455.3877  0.3068 
   00213    0.4050   -4458.9615  0.3079 
   00214    0.4025   -4407.5584  0.3144 
   00215    0.3850   -4436.0658  0.3155 
   00216    0.3625   -4439.9872  0.3130 
   00217    0.4025   -4407.2707  0.3088 
   00218    0.3725   -4391.7678  0.3142 
   00219    0.3900   -4394.9263  0.3194 
   00220    0.3775   -4400.4492  0.3199 
   00221    0.3325   -4410.3683  0.3224 
   00222    0.3950   -4396.6468  0.3113 
   00223    0.4200   -4428.8101  0.3152 
   00224    0.4175   -4435.9321  0.3236 
   00225    0.3975   -4416.1545  0.3239 
   00226    0.3750   -4415.9753  0.3191 
   00227    0.3725   -4424.4267  0.3178 
   00228    0.3850   -4417.5855  0.3166 
   00229    0.3625   -4401.2045  0.3185 
   00230    0.3850   -4412.3773  0.3215 
   00231    0.4100   -4430.5414  0.3290 
   00232    0.4225   -4423.9810  0.3343 
   00233    0.4125   -4411.0836  0.3318 
   00234    0.3950   -4377.8960  0.3338 
   00235    0.3875   -4378.8026  0.3325 
   00236    0.4025   -4364.2537  0.3307 
   00237    0.3900   -4360.6303  0.3341 
   00238    0.4050   -4364.8202  0.3365 
   00239    0.3900   -4392.3543  0.3410 
   00240    0.3725   -4383.2978  0.3489 
   00241    0.3825   -4402.7541  0.3561 
   00242    0.3500   -4407.3717  0.3572 
   00243    0.3800   -4403.0280  0.3578 
   00244    0.3825   -4397.3905  0.3562 
   00245    0.3850   -4401.7940  0.3582 
   00246    0.3750   -4410.4394  0.3541 
   00247    0.4075   -4428.1538  0.3583 
   00248    0.3950   -4453.0217  0.3622 
   00249    0.4075   -4432.8529  0.3667 
   00250    0.4100   -4443.7354  0.3688 
   00251    0.3450   -4444.0189  0.3679 
   00252    0.3625   -4416.2301  0.3691 
   00253    0.3850   -4436.2845  0.3689 
   00254    0.4100   -4440.8543  0.3655 
   00255    0.3700   -4424.6959  0.3719 
   00256    0.3850   -4418.9259  0.3731 
   00257    0.4225   -4401.4874  0.3747 
   00258    0.3900   -4397.3956  0.3724 
   00259    0.3600   -4447.1686  0.3683 
   00260    0.4275   -4385.2135  0.3646 
   00261    0.3925   -4408.1842  0.3694 
   00262    0.3800   -4395.8552  0.3762 
   00263    0.4475   -4402.4729  0.3774 
   00264    0.3675   -4396.6018  0.3685 
   00265    0.3800   -4386.9068  0.3636 
   00266    0.3850   -4403.6155  0.3616 
   00267    0.4475   -4386.9023  0.3616 
   00268    0.3925   -4351.5921  0.3639 
   00269    0.3975   -4330.4985  0.3551 
   00270    0.3875   -4365.7599  0.3555 
   00271    0.4150   -4385.1285  0.3608 
   00272    0.3800   -4422.9582  0.3703 
   00273    0.4525   -4427.4985  0.3657 
   00274    0.3300   -4411.1897  0.3642 
   00275    0.3800   -4427.6324  0.3667 
   00276    0.3900   -4418.2123  0.3676 
   00277    0.4275   -4404.9839  0.3645 
   00278    0.3675   -4395.3875  0.3622 
   00279    0.3900   -4399.9962  0.3671 
   00280    0.3775   -4419.7960  0.3710 
   00281    0.3600   -4400.9436  0.3750 
   00282    0.3725   -4400.7951  0.3791 
   00283    0.4050   -4390.9588  0.3790 
   00284    0.4425   -4416.6586  0.3821 
   00285    0.3725   -4436.9841  0.3804 
   00286    0.3875   -4443.9913  0.3827 
   00287    0.4175   -4449.1714  0.3845 
   00288    0.3575   -4450.9887  0.3792 
   00289    0.3950   -4463.0343  0.3774 
   00290    0.3850   -4480.0414  0.3820 
   00291    0.4025   -4457.2714  0.3801 
   00292    0.4175   -4463.9888  0.3788 
   00293    0.3875   -4453.5262  0.3793 
   00294    0.4050   -4459.2052  0.3814 
   00295    0.3650   -4440.0477  0.3814 
   00296    0.3850   -4421.8458  0.3790 
   00297    0.3700   -4404.9055  0.3811 
   00298    0.3875   -4403.0798  0.3855 
   00299    0.3875   -4383.8883  0.3892 
   00300    0.3300   -4397.4099  0.3892 
   00301    0.3975   -4410.3203  0.3887 
   00302    0.3450   -4419.3456  0.3926 
   00303    0.3725   -4426.4861  0.4022 
   00304    0.3950   -4457.6178  0.4015 
   00305    0.4150   -4432.3474  0.3977 
   00306    0.3975   -4459.0455  0.3969 
   00307    0.3775   -4469.1810  0.4000 
   00308    0.3550   -4485.8799  0.4026 
   00309    0.4100   -4498.8353  0.4017 
   00310    0.3700   -4494.9500  0.3999 
   00311    0.4000   -4510.6878  0.4014 
   00312    0.4025   -4492.9053  0.4034 
   00313    0.3525   -4510.6354  0.4057 
   00314    0.4200   -4497.3286  0.4047 
   00315    0.3875   -4528.8929  0.4127 
   00316    0.3400   -4524.8991  0.4128 
   00317    0.4325   -4504.6450  0.4120 
   00318    0.3850   -4453.9633  0.4124 
   00319    0.3625   -4468.1816  0.4100 
   00320    0.3475   -4470.1387  0.4100 
   00321    0.3375   -4464.7197  0.4081 
   00322    0.4100   -4485.1829  0.4067 
   00323    0.3625   -4485.1208  0.4025 
   00324    0.4150   -4474.2560  0.4089 
   00325    0.3875   -4479.3957  0.4141 
   00326    0.3750   -4493.3212  0.4103 
   00327    0.3450   -4534.6301  0.4124 
   00328    0.3825   -4522.0874  0.4190 
   00329    0.3675   -4530.6658  0.4158 
   00330    0.3800   -4533.5290  0.4155 
   00331    0.3725   -4530.4016  0.4111 
   00332    0.3625   -4513.8321  0.4102 
   00333    0.3975   -4504.3596  0.4204 
   00334    0.3800   -4510.3210  0.4171 
   00335    0.3875   -4505.8519  0.4186 
   00336    0.3900   -4495.9866  0.4199 
   00337    0.4000   -4483.8343  0.4191 
   00338    0.4225   -4495.8219  0.4213 
   00339    0.3725   -4501.7564  0.4243 
   00340    0.3775   -4541.5426  0.4329 
   00341    0.3650   -4546.1855  0.4373 
   00342    0.3675   -4572.1827  0.4397 
   00343    0.3675   -4583.4122  0.4411 
   00344    0.3700   -4604.5550  0.4420 
   00345    0.3550   -4564.2716  0.4400 
   00346    0.3775   -4547.6783  0.4436 
   00347    0.3575   -4544.6369  0.4463 
   00348    0.4000   -4527.6314  0.4486 
   00349    0.4225   -4520.2754  0.4473 
   00350    0.3900   -4518.1782  0.4440 
   00351    0.3600   -4495.3375  0.4413 
   00352    0.4075   -4518.3733  0.4419 
   00353    0.4000   -4548.8773  0.4526 
   00354    0.3975   -4575.7707  0.4546 
   00355    0.3725   -4575.8348  0.4598 
   00356    0.4000   -4541.7071  0.4576 
   00357    0.4050   -4515.5959  0.4593 
   00358    0.3800   -4518.6685  0.4567 
   00359    0.3400   -4513.7358  0.4582 
   00360    0.4200   -4524.8982  0.4626 
   00361    0.4050   -4515.0451  0.4667 
   00362    0.3825   -4501.1952  0.4641 
   00363    0.3900   -4515.9485  0.4640 
   00364    0.3875   -4481.6434  0.4624 
   00365    0.3975   -4475.7350  0.4574 
   00366    0.3825   -4461.8525  0.4592 
   00367    0.3900   -4466.0139  0.4561 
   00368    0.3800   -4485.6263  0.4536 
   00369    0.3550   -4492.6025  0.4532 
   00370    0.3625   -4487.8585  0.4564 
   00371    0.3900   -4476.3341  0.4584 
   00372    0.4125   -4456.9374  0.4511 
   00373    0.3525   -4425.2254  0.4511 
   00374    0.3950   -4430.4389  0.4474 
   00375    0.3725   -4424.2120  0.4454 
   00376    0.3850   -4405.7117  0.4474 
   00377    0.4200   -4406.3137  0.4450 
   00378    0.3525   -4386.7961  0.4424 
   00379    0.4100   -4366.0287  0.4452 
   00380    0.4425   -4360.2496  0.4393 
   00381    0.3950   -4384.4262  0.4431 
   00382    0.3850   -4427.6034  0.4471 
   00383    0.3900   -4405.9121  0.4403 
   00384    0.3750   -4416.7419  0.4389 
   00385    0.4150   -4431.3412  0.4388 
   00386    0.3375   -4429.7697  0.4379 
   00387    0.3700   -4456.0632  0.4432 
   00388    0.3700   -4484.4745  0.4453 
   00389    0.4200   -4482.3874  0.4421 
   00390    0.4000   -4481.1258  0.4350 
   00391    0.3775   -4477.0340  0.4337 
   00392    0.4225   -4474.0840  0.4298 
   00393    0.3800   -4497.3268  0.4354 
   00394    0.4000   -4506.2571  0.4323 
   00395    0.3600   -4504.1176  0.4344 
   00396    0.3775   -4501.5202  0.4373 
   00397    0.3550   -4554.2594  0.4383 
   00398    0.4000   -4544.5483  0.4318 
   00399    0.3950   -4500.1765  0.4330 
   00400    0.4000   -4492.4410  0.4340 
   00401    0.3525   -4502.9456  0.4385 
   00402    0.4325   -4491.3183  0.4365 
   00403    0.3800   -4495.5950  0.4318 
   00404    0.3875   -4469.5994  0.4309 
   00405    0.3475   -4476.9608  0.4264 
   00406    0.3475   -4470.8406  0.4272 
   00407    0.4175   -4477.2974  0.4291 
   00408    0.3750   -4455.6706  0.4309 
   00409    0.3775   -4411.6847  0.4277 
   00410    0.4200   -4394.3661  0.4278 
   00411    0.3675   -4422.7252  0.4274 
   00412    0.3975   -4473.1103  0.4294 
   00413    0.3575   -4504.2746  0.4291 
   00414    0.4175   -4486.6934  0.4346 
   00415    0.4000   -4466.0761  0.4366 
   00416    0.3550   -4452.0627  0.4345 
   00417    0.3750   -4473.0559  0.4391 
   00418    0.3825   -4483.1911  0.4410 
   00419    0.3900   -4491.5047  0.4447 
   00420    0.4125   -4503.6459  0.4472 
   00421    0.3800   -4510.7589  0.4479 
   00422    0.3450   -4488.5429  0.4476 
   00423    0.3875   -4461.3846  0.4425 
   00424    0.3600   -4501.2996  0.4423 
   00425    0.3150   -4498.2406  0.4410 
   00426    0.4300   -4501.2152  0.4361 
   00427    0.4325   -4494.8168  0.4422 
   00428    0.4050   -4501.8367  0.4437 
   00429    0.3675   -4510.1724  0.4464 
   00430    0.3500   -4473.0189  0.4431 
   00431    0.3925   -4494.8118  0.4444 
   00432    0.3675   -4500.5391  0.4427 
   00433    0.3725   -4473.0900  0.4448 
   00434    0.3900   -4492.6681  0.4448 
   00435    0.3800   -4520.0816  0.4421 
   00436    0.3750   -4534.3719  0.4399 
   00437    0.4000   -4531.2260  0.4358 
   00438    0.3825   -4532.2208  0.4413 
   00439    0.4025   -4521.6398  0.4473 
   00440    0.3700   -4502.8624  0.4463 
   00441    0.3925   -4490.1753  0.4464 
   00442    0.3750   -4449.1053  0.4432 
   00443    0.3975   -4445.0392  0.4404 
   00444    0.3525   -4430.5426  0.4373 
   00445    0.4000   -4432.3731  0.4393 
   00446    0.4100   -4436.7898  0.4376 
   00447    0.3850   -4417.3223  0.4398 
   00448    0.3475   -4407.4919  0.4412 
   00449    0.4450   -4410.3845  0.4410 
   00450    0.3975   -4408.6858  0.4455 
   00451    0.3725   -4416.1254  0.4486 
   00452    0.3725   -4418.2168  0.4471 
   00453    0.3850   -4438.2258  0.4469 
   00454    0.4200   -4458.8659  0.4449 
   00455    0.3725   -4431.7901  0.4417 
   00456    0.3725   -4451.5910  0.4410 
   00457    0.3700   -4412.2290  0.4386 
   00458    0.4325   -4396.6876  0.4383 
   00459    0.3875   -4360.5047  0.4398 
   00460    0.3925   -4366.5763  0.4363 
   00461    0.4150   -4373.4895  0.4366 
   00462    0.4125   -4393.7707  0.4416 
   00463    0.4400   -4435.6200  0.4370 
   00464    0.3525   -4461.5676  0.4357 
   00465    0.3775   -4461.2489  0.4373 
   00466    0.4250   -4500.0610  0.4332 
   00467    0.3700   -4474.8352  0.4329 
   00468    0.4225   -4507.8820  0.4338 
   00469    0.3425   -4513.9415  0.4336 
   00470    0.4000   -4516.0575  0.4390 
   00471    0.3475   -4497.7460  0.4361 
   00472    0.3975   -4496.0494  0.4312 
   00473    0.3900   -4451.2024  0.4286 
   00474    0.3650   -4444.7327  0.4291 
   00475    0.3875   -4452.6479  0.4277 
   00476    0.3650   -4451.2330  0.4276 
   00477    0.3975   -4449.6698  0.4176 
   00478    0.4075   -4447.4292  0.4180 
   00479    0.3525   -4431.3734  0.4128 
   00480    0.4100   -4409.6789  0.4167 
   00481    0.3875   -4406.2416  0.4207 
   00482    0.4050   -4396.0112  0.4099 
   00483    0.3875   -4374.5106  0.4070 
   00484    0.4375   -4370.9926  0.4006 
   00485    0.3725   -4360.7282  0.4024 
   00486    0.3800   -4368.9918  0.4068 
   00487    0.3975   -4381.2471  0.4053 
   00488    0.3300   -4398.3519  0.4004 
   00489    0.4125   -4402.5388  0.3986 
   00490    0.3925   -4411.2467  0.3974 
   00491    0.3625   -4433.1383  0.3982 
   00492    0.3850   -4437.3703  0.3961 
   00493    0.3775   -4434.5095  0.3941 
   00494    0.4450   -4455.9104  0.3940 
   00495    0.3875   -4421.0796  0.3919 
   00496    0.4225   -4416.5665  0.3959 
   00497    0.4100   -4454.4845  0.3994 
   00498    0.3975   -4430.2258  0.4055 
   00499    0.4325   -4410.0300  0.4057 
   00500    0.3875   -4401.7144  0.4041 
   00501    0.4050   -4386.8787  0.4035 
   00502    0.4250   -4387.9047  0.4073 
   00503    0.4025   -4387.1357  0.4110 
   00504    0.4250   -4378.8788  0.4093 
   00505    0.4225   -4348.4942  0.4063 
   00506    0.4050   -4375.8279  0.4022 
   00507    0.4175   -4345.1212  0.4025 
   00508    0.4150   -4370.4148  0.4024 
   00509    0.3625   -4392.9157  0.4027 
   00510    0.3400   -4351.5016  0.4003 
   00511    0.4000   -4376.4854  0.4059 
   00512    0.4100   -4355.6240  0.4030 
   00513    0.3875   -4380.9057  0.4008 
   00514    0.3850   -4382.6541  0.4002 
   00515    0.4050   -4400.6606  0.3995 
   00516    0.4075   -4398.2771  0.3977 
   00517    0.4125   -4406.2610  0.4036 
   00518    0.3950   -4415.5889  0.4099 
   00519    0.3950   -4427.0954  0.4080 
   00520    0.3850   -4422.1752  0.4028 
   00521    0.3700   -4423.2814  0.4011 
   00522    0.4050   -4418.8391  0.4017 
   00523    0.3525   -4448.1130  0.4029 
   00524    0.3525   -4464.2025  0.4013 
   00525    0.3700   -4449.4873  0.4045 
   00526    0.3700   -4445.9355  0.4074 
   00527    0.3625   -4459.5448  0.4026 
   00528    0.4175   -4480.4246  0.4018 
   00529    0.3900   -4530.5514  0.4005 
   00530    0.3600   -4509.9414  0.4020 
   00531    0.3300   -4508.9019  0.3993 
   00532    0.3850   -4532.2991  0.4071 
   00533    0.3775   -4567.5467  0.4110 
   00534    0.3800   -4550.2324  0.4102 
   00535    0.4050   -4553.9803  0.4081 
   00536    0.3975   -4542.6652  0.4111 
   00537    0.3650   -4515.9837  0.4138 
   00538    0.3900   -4504.8611  0.4140 
   00539    0.3950   -4502.0760  0.4135 
   00540    0.3750   -4480.5104  0.4143 
   00541    0.3625   -4492.7457  0.4109 
   00542    0.4125   -4490.7730  0.4154 
   00543    0.3950   -4468.3475  0.4103 
   00544    0.3325   -4436.2294  0.4134 
   00545    0.3800   -4437.4368  0.4193 
   00546    0.3775   -4440.1490  0.4236 
   00547    0.3750   -4456.4080  0.4229 
   00548    0.3625   -4414.1046  0.4262 
   00549    0.3775   -4400.9274  0.4191 
   00550    0.4250   -4401.6280  0.4278 
   00551    0.3750   -4378.7370  0.4217 
   00552    0.3675   -4390.1062  0.4192 
   00553    0.3950   -4418.3018  0.4168 
   00554    0.4050   -4434.9786  0.4194 
   00555    0.3600   -4474.2416  0.4196 
   00556    0.3700   -4472.8253  0.4161 
   00557    0.3750   -4481.1029  0.4169 
   00558    0.4250   -4463.4150  0.4179 
   00559    0.3750   -4447.3801  0.4170 
   00560    0.3625   -4428.0285  0.4195 
   00561    0.4275   -4419.7000  0.4230 
   00562    0.3675   -4439.8316  0.4229 
   00563    0.3975   -4418.6800  0.4245 
   00564    0.4500   -4402.6830  0.4247 
   00565    0.3950   -4412.9963  0.4273 
   00566    0.4050   -4402.5684  0.4271 
   00567    0.4025   -4415.2368  0.4273 
   00568    0.3650   -4417.7539  0.4329 
   00569    0.4075   -4436.9173  0.4333 
   00570    0.3775   -4417.7257  0.4287 
   00571    0.4200   -4401.5882  0.4234 
   00572    0.4000   -4397.0163  0.4198 
   00573    0.3875   -4387.3603  0.4198 
   00574    0.4100   -4382.2157  0.4173 
   00575    0.3925   -4371.7808  0.4149 
   00576    0.3600   -4355.2257  0.4185 
   00577    0.3650   -4355.6088  0.4148 
   00578    0.4175   -4374.5078  0.4142 
   00579    0.4175   -4393.9153  0.4228 
   00580    0.3825   -4381.8772  0.4215 
   00581    0.4225   -4386.3205  0.4299 
   00582    0.3550   -4400.9738  0.4314 
   00583    0.4050   -4443.0147  0.4320 
   00584    0.3650   -4460.0585  0.4327 
   00585    0.3900   -4439.4364  0.4339 
   00586    0.3875   -4425.6877  0.4321 
   00587    0.3775   -4396.3858  0.4296 
   00588    0.3775   -4401.3161  0.4201 
   00589    0.4050   -4412.2444  0.4254 
   00590    0.4050   -4432.2858  0.4286 
   00591    0.4100   -4387.7350  0.4206 
   00592    0.3925   -4390.0414  0.4286 
   00593    0.4025   -4376.3339  0.4261 
   00594    0.3825   -4370.7598  0.4215 
   00595    0.4450   -4364.1585  0.4193 
   00596    0.4175   -4366.1534  0.4212 
   00597    0.4125   -4367.7833  0.4189 
   00598    0.4075   -4395.9194  0.4175 
   00599    0.4000   -4418.6122  0.4172 
   00600    0.3475   -4406.3703  0.4160 
   00601    0.3675   -4451.0157  0.4192 
   00602    0.3775   -4436.8947  0.4178 
   00603    0.3425   -4452.3218  0.4212 
   00604    0.4050   -4451.4474  0.4225 
   00605    0.4200   -4450.5931  0.4272 
   00606    0.3800   -4453.0532  0.4264 
   00607    0.3825   -4482.6052  0.4240 
   00608    0.4125   -4506.9460  0.4255 
   00609    0.3825   -4469.7910  0.4240 
   00610    0.3975   -4484.7534  0.4216 
   00611    0.3925   -4481.0925  0.4247 
   00612    0.3800   -4508.7289  0.4275 
   00613    0.4025   -4510.0478  0.4281 
   00614    0.3925   -4506.4655  0.4294 
   00615    0.3875   -4493.4765  0.4231 
   00616    0.4525   -4492.0261  0.4227 
   00617    0.4150   -4465.0327  0.4228 
   00618    0.3675   -4467.2479  0.4235 
   00619    0.4250   -4467.4954  0.4231 
   00620    0.3950   -4485.6124  0.4241 
   00621    0.3800   -4465.3550  0.4238 
   00622    0.3925   -4465.7170  0.4218 
   00623    0.4150   -4448.1808  0.4218 
   00624    0.3775   -4413.8514  0.4201 
   00625    0.3900   -4407.5992  0.4173 
   00626    0.4125   -4419.6144  0.4202 
   00627    0.4400   -4428.7999  0.4207 
   00628    0.3900   -4423.6362  0.4150 
   00629    0.4175   -4429.9826  0.4098 
   00630    0.3600   -4434.7812  0.4098 
   00631    0.3975   -4446.6650  0.4128 
   00632    0.3800   -4467.1045  0.4099 
   00633    0.3850   -4498.9413  0.4119 
   00634    0.4150   -4501.8712  0.4064 
   00635    0.4175   -4484.0690  0.4066 
   00636    0.4050   -4492.8555  0.4023 
   00637    0.3775   -4495.3960  0.4044 
   00638    0.3500   -4495.5334  0.4081 
   00639    0.3875   -4474.4568  0.4061 
   00640    0.3575   -4484.2276  0.4063 
   00641    0.3900   -4513.9621  0.4083 
   00642    0.4075   -4510.8042  0.4101 
   00643    0.3875   -4502.9702  0.4123 
   00644    0.3875   -4481.4588  0.4060 
   00645    0.3675   -4471.3917  0.4062 
   00646    0.4250   -4470.4850  0.4063 
   00647    0.3800   -4466.4755  0.4023 
   00648    0.3925   -4454.2701  0.4010 
   00649    0.3750   -4448.2639  0.3995 
   00650    0.3725   -4449.9124  0.3951 
   00651    0.3750   -4474.5916  0.3972 
   00652    0.4100   -4488.3118  0.4009 
   00653    0.4125   -4477.3905  0.4005 
   00654    0.3675   -4461.3037  0.4028 
   00655    0.3900   -4471.1872  0.4022 
   00656    0.3925   -4466.0668  0.4065 
   00657    0.3650   -4475.5349  0.4117 
   00658    0.3950   -4495.3893  0.4154 
   00659    0.3525   -4518.2745  0.4136 
   00660    0.3825   -4488.5117  0.4169 
   00661    0.3950   -4517.3240  0.4215 
   00662    0.4375   -4509.9154  0.4177 
   00663    0.3250   -4483.6078  0.4121 
   00664    0.4000   -4480.8392  0.4070 
   00665    0.3825   -4468.6704  0.4129 
   00666    0.3750   -4488.6039  0.4121 
   00667    0.4150   -4498.0902  0.4116 
   00668    0.3575   -4515.6673  0.4160 
   00669    0.3900   -4549.4139  0.4198 
   00670    0.4000   -4554.4789  0.4168 
   00671    0.3925   -4529.4427  0.4146 
   00672    0.4000   -4476.0174  0.4135 
   00673    0.4075   -4450.0787  0.4065 
   00674    0.3975   -4492.7063  0.4089 
   00675    0.3850   -4494.6040  0.4061 
   00676    0.3500   -4534.7737  0.4018 
   00677    0.3950   -4501.1465  0.4021 
   00678    0.3925   -4513.0675  0.4097 
   00679    0.3725   -4510.3890  0.4088 
   00680    0.3925   -4512.0555  0.4043 
   00681    0.3800   -4499.3738  0.4032 
   00682    0.3925   -4514.0902  0.4024 
   00683    0.3850   -4542.9863  0.3986 
   00684    0.3975   -4534.6300  0.4028 
   00685    0.3700   -4507.2700  0.4087 
   00686    0.3600   -4493.4356  0.4075 
   00687    0.3925   -4516.1907  0.4092 
   00688    0.3600   -4489.0059  0.4136 
   00689    0.4050   -4497.9356  0.4216 
   00690    0.3750   -4518.3152  0.4216 
   00691    0.4125   -4527.1672  0.4281 
   00692    0.3750   -4532.0732  0.4257 
   00693    0.3800   -4515.8883  0.4234 
   00694    0.3700   -4519.5142  0.4240 
   00695    0.3850   -4533.2593  0.4206 
   00696    0.4000   -4520.4147  0.4174 
   00697    0.3750   -4499.3315  0.4165 
   00698    0.3650   -4476.8348  0.4143 
   00699    0.3975   -4455.1010  0.4181 
   00700    0.4000   -4471.8256  0.4187 
   00701    0.3800   -4470.8299  0.4191 
   00702    0.3900   -4527.9470  0.4172 
   00703    0.4200   -4534.6985  0.4165 
   00704    0.3950   -4534.9203  0.4187 
   00705    0.3475   -4529.3465  0.4173 
   00706    0.3725   -4473.1637  0.4193 
   00707    0.4325   -4459.2213  0.4197 
   00708    0.3650   -4451.6730  0.4146 
   00709    0.3625   -4486.7657  0.4131 
   00710    0.3600   -4458.2873  0.4145 
   00711    0.4200   -4438.1683  0.4113 
   00712    0.3925   -4485.5217  0.4080 
   00713    0.4025   -4500.1836  0.4049 
   00714    0.3800   -4516.0997  0.4065 
   00715    0.3825   -4550.4006  0.4071 
   00716    0.3700   -4556.8245  0.4037 
   00717    0.3700   -4556.7070  0.4023 
   00718    0.3675   -4520.1214  0.4047 
   00719    0.4150   -4521.7684  0.4073 
   00720    0.3725   -4523.3732  0.4111 
   00721    0.4125   -4507.5318  0.4070 
   00722    0.4050   -4514.6266  0.4079 
   00723    0.4050   -4502.1504  0.4040 
   00724    0.4200   -4500.9768  0.3992 
   00725    0.3600   -4474.2006  0.3977 
   00726    0.3800   -4465.9088  0.3988 
   00727    0.4175   -4468.3046  0.3997 
   00728    0.3400   -4455.6318  0.4005 
   00729    0.3825   -4499.3347  0.4010 
   00730    0.3725   -4483.9970  0.4068 
   00731    0.3925   -4458.4618  0.4081 
   00732    0.3850   -4432.6430  0.4092 
   00733    0.3575   -4448.5675  0.4119 
   00734    0.3775   -4453.2462  0.4089 
   00735    0.4000   -4422.4878  0.4047 
   00736    0.3800   -4420.2225  0.4100 
   00737    0.3875   -4431.5621  0.4185 
   00738    0.3900   -4432.0745  0.4218 
   00739    0.3850   -4432.8525  0.4202 
   00740    0.3900   -4424.1759  0.4245 
   00741    0.3750   -4411.6452  0.4216 
   00742    0.3650   -4387.6043  0.4229 
   00743    0.3950   -4404.5211  0.4286 
   00744    0.3875   -4402.8831  0.4261 
   00745    0.4025   -4390.8910  0.4277 
   00746    0.3700   -4367.3588  0.4245 
   00747    0.3800   -4335.7230  0.4250 
   00748    0.4050   -4374.5072  0.4269 
   00749    0.4175   -4414.1505  0.4250 
   00750    0.3700   -4478.0933  0.4243 
   00751    0.3950   -4462.0303  0.4270 
   00752    0.3825   -4458.1230  0.4280 
   00753    0.4125   -4477.9899  0.4280 
   00754    0.3775   -4482.3752  0.4290 
   00755    0.3725   -4482.2017  0.4239 
   00756    0.3975   -4430.2828  0.4240 
   00757    0.3725   -4383.8147  0.4224 
   00758    0.4125   -4406.3381  0.4248 
   00759    0.4125   -4419.2030  0.4252 
   00760    0.3950   -4453.9863  0.4300 
   00761    0.3875   -4479.2394  0.4274 
   00762    0.3350   -4495.3901  0.4292 
   00763    0.4000   -4495.7726  0.4301 
   00764    0.3675   -4488.8884  0.4321 
   00765    0.3825   -4470.3435  0.4380 
   00766    0.3450   -4490.2375  0.4368 
   00767    0.3450   -4501.9900  0.4403 
   00768    0.3175   -4501.2687  0.4470 
   00769    0.4350   -4470.9784  0.4464 
   00770    0.3750   -4471.9795  0.4466 
   00771    0.4000   -4494.0771  0.4490 
   00772    0.3650   -4495.1655  0.4511 
   00773    0.4000   -4486.0303  0.4508 
   00774    0.3775   -4500.6097  0.4569 
   00775    0.3775   -4479.3611  0.4539 
   00776    0.3950   -4479.2899  0.4562 
   00777    0.4300   -4448.4593  0.4531 
   00778    0.3450   -4474.2315  0.4552 
   00779    0.4100   -4446.1131  0.4529 
   00780    0.4150   -4457.9922  0.4506 
   00781    0.4025   -4495.1028  0.4543 
   00782    0.3500   -4480.4165  0.4593 
   00783    0.3575   -4515.7601  0.4638 
   00784    0.3825   -4553.7065  0.4672 
   00785    0.3900   -4557.7668  0.4658 
   00786    0.4075   -4571.6524  0.4666 
   00787    0.3850   -4550.9431  0.4648 
   00788    0.3600   -4564.3845  0.4633 
   00789    0.3950   -4556.9520  0.4669 
   00790    0.3950   -4523.0871  0.4682 
   00791    0.4175   -4531.7717  0.4648 
   00792    0.3725   -4541.1242  0.4655 
   00793    0.3750   -4540.5703  0.4690 
   00794    0.3825   -4523.5202  0.4664 
   00795    0.3675   -4527.0906  0.4681 
   00796    0.4025   -4510.4597  0.4672 
   00797    0.4025   -4506.4625  0.4713 
   00798    0.4000   -4519.1331  0.4721 
   00799    0.3975   -4519.0856  0.4693 
   00800    0.3675   -4518.3266  0.4698 
   00801    0.3925   -4509.2162  0.4699 
   00802    0.4025   -4490.2948  0.4724 
   00803    0.3950   -4476.6211  0.4720 
   00804    0.3850   -4462.4459  0.4694 
   00805    0.3650   -4434.4126  0.4708 
   00806    0.3950   -4365.6580  0.4686 
   00807    0.3475   -4397.7253  0.4665 
   00808    0.3850   -4390.6099  0.4671 
   00809    0.4175   -4405.8351  0.4647 
   00810    0.4150   -4409.9245  0.4612 
   00811    0.3925   -4427.8842  0.4588 
   00812    0.3550   -4450.7372  0.4588 
   00813    0.3700   -4482.6144  0.4594 
   00814    0.3900   -4468.6352  0.4592 
   00815    0.3850   -4461.4952  0.4545 
   00816    0.3575   -4502.4723  0.4626 
   00817    0.3925   -4493.8791  0.4604 
   00818    0.3775   -4483.8062  0.4613 
   00819    0.3375   -4491.7048  0.4665 
   00820    0.3875   -4526.4999  0.4677 
   00821    0.3775   -4522.2073  0.4693 
   00822    0.3875   -4525.2121  0.4765 
   00823    0.3475   -4542.6968  0.4806 
   00824    0.3575   -4513.5482  0.4815 
   00825    0.3825   -4496.7957  0.4807 
   00826    0.3850   -4527.0393  0.4830 
   00827    0.4275   -4503.0810  0.4829 
   00828    0.3925   -4535.0134  0.4866 
   00829    0.4100   -4547.8859  0.4879 
   00830    0.3750   -4497.6981  0.4901 
   00831    0.3775   -4495.4272  0.4946 
   00832    0.4025   -4507.9075  0.4945 
   00833    0.3600   -4516.0862  0.4972 
   00834    0.4100   -4501.9441  0.4984 
   00835    0.4075   -4473.1254  0.4963 
   00836    0.3625   -4487.1746  0.4979 
   00837    0.3650   -4499.6047  0.4945 
   00838    0.3750   -4532.1869  0.4938 
   00839    0.3725   -4517.4410  0.4900 
   00840    0.3725   -4520.8696  0.4958 
   00841    0.3625   -4542.5262  0.4980 
   00842    0.4050   -4502.0810  0.4996 
   00843    0.3600   -4497.4902  0.4950 
   00844    0.3700   -4499.1136  0.4960 
   00845    0.3725   -4507.8182  0.5014 
   00846    0.4025   -4492.4852  0.4975 
   00847    0.4275   -4495.2293  0.4957 
   00848    0.3400   -4459.7993  0.4927 
   00849    0.3400   -4453.5176  0.4911 
   00850    0.3600   -4482.9490  0.4844 
   00851    0.3950   -4464.0691  0.4834 
   00852    0.3975   -4418.0427  0.4786 
   00853    0.4600   -4400.1934  0.4771 
   00854    0.4125   -4401.5011  0.4758 
   00855    0.3775   -4415.4482  0.4735 
   00856    0.3850   -4413.6940  0.4731 
   00857    0.4225   -4415.6196  0.4721 
   00858    0.3925   -4444.1269  0.4782 
   00859    0.3600   -4418.8447  0.4818 
   00860    0.3875   -4441.3199  0.4781 
   00861    0.3775   -4461.0263  0.4749 
   00862    0.3525   -4444.8798  0.4726 
   00863    0.3525   -4477.1872  0.4656 
   00864    0.3950   -4444.9044  0.4632 
   00865    0.4175   -4431.0139  0.4624 
   00866    0.3575   -4425.9575  0.4617 
   00867    0.3950   -4464.4329  0.4692 
   00868    0.3850   -4455.9653  0.4646 
   00869    0.3575   -4453.9877  0.4594 
   00870    0.3700   -4461.3184  0.4591 
   00871    0.3625   -4465.7577  0.4590 
   00872    0.3825   -4477.2243  0.4559 
   00873    0.3750   -4470.9782  0.4488 
   00874    0.4025   -4467.6848  0.4471 
   00875    0.3850   -4471.3801  0.4472 
   00876    0.3975   -4452.8291  0.4471 
   00877    0.3750   -4450.5635  0.4474 
   00878    0.4100   -4465.4077  0.4494 
   00879    0.3650   -4450.7666  0.4498 
   00880    0.3900   -4480.2588  0.4575 
   00881    0.3675   -4497.8841  0.4582 
   00882    0.3975   -4514.3279  0.4543 
   00883    0.3925   -4503.2525  0.4570 
   00884    0.3875   -4497.3945  0.4561 
   00885    0.3700   -4504.4411  0.4567 
   00886    0.3375   -4529.6367  0.4591 
   00887    0.3800   -4532.6690  0.4543 
   00888    0.3650   -4550.1062  0.4595 
   00889    0.3800   -4550.1400  0.4649 
   00890    0.4150   -4591.6386  0.4662 
   00891    0.3700   -4588.1099  0.4654 
   00892    0.3600   -4572.5228  0.4620 
   00893    0.3750   -4585.2687  0.4639 
   00894    0.3550   -4577.7351  0.4713 
   00895    0.3675   -4577.9488  0.4720 
   00896    0.3825   -4575.4531  0.4692 
   00897    0.3875   -4550.3910  0.4696 
   00898    0.3950   -4507.2876  0.4690 
   00899    0.3875   -4507.0931  0.4642 
   00900    0.3675   -4495.9826  0.4615 
   00901    0.3750   -4494.7331  0.4642 
   00902    0.3425   -4472.9988  0.4681 
   00903    0.4150   -4477.9190  0.4719 
   00904    0.3875   -4474.0348  0.4735 
   00905    0.3800   -4484.0133  0.4725 
   00906    0.3750   -4505.2811  0.4673 
   00907    0.3900   -4517.7453  0.4684 
   00908    0.3900   -4496.7990  0.4680 
   00909    0.4425   -4497.3181  0.4726 
   00910    0.3800   -4481.7175  0.4737 
   00911    0.3775   -4483.9771  0.4705 
   00912    0.3975   -4467.7910  0.4739 
   00913    0.3950   -4480.5449  0.4762 
   00914    0.3800   -4490.1029  0.4799 
   00915    0.4050   -4500.2614  0.4811 
   00916    0.4100   -4494.6772  0.4772 
   00917    0.3400   -4502.0691  0.4773 
   00918    0.3825   -4467.5810  0.4773 
   00919    0.3850   -4481.1089  0.4820 
   00920    0.3675   -4501.3748  0.4836 
   00921    0.4050   -4494.4631  0.4879 
   00922    0.3975   -4488.9107  0.4840 
   00923    0.3675   -4477.6159  0.4866 
   00924    0.3925   -4501.0699  0.4887 
   00925    0.3875   -4522.7116  0.4913 
   00926    0.3825   -4549.9180  0.4911 
   00927    0.3875   -4523.3757  0.4829 
   00928    0.3850   -4553.4406  0.4783 
   00929    0.3525   -4552.7734  0.4798 
   00930    0.3400   -4560.8401  0.4806 
   00931    0.3650   -4555.2707  0.4782 
   00932    0.4200   -4509.8518  0.4758 
   00933    0.3850   -4516.1622  0.4724 
   00934    0.3725   -4543.7306  0.4727 
   00935    0.3950   -4543.5620  0.4775 
   00936    0.3825   -4534.4204  0.4790 
   00937    0.3675   -4544.9568  0.4818 
   00938    0.3700   -4553.7443  0.4822 
   00939    0.4125   -4567.9032  0.4781 
   00940    0.3650   -4595.3482  0.4786 
   00941    0.3700   -4578.6613  0.4721 
   00942    0.4125   -4591.0992  0.4718 
   00943    0.3775   -4589.8912  0.4666 
   00944    0.3725   -4616.7533  0.4694 
   00945    0.4050   -4616.1669  0.4683 
   00946    0.3575   -4601.8581  0.4660 
   00947    0.3675   -4606.9953  0.4669 
   00948    0.3500   -4625.2990  0.4706 
   00949    0.3950   -4579.0282  0.4707 
   00950    0.3750   -4582.4978  0.4667 
   00951    0.3550   -4536.0376  0.4607 
   00952    0.3950   -4566.1308  0.4547 
   00953    0.4100   -4574.8162  0.4553 
   00954    0.3575   -4606.0693  0.4603 
   00955    0.3875   -4611.9952  0.4623 
   00956    0.4025   -4584.6164  0.4549 
   00957    0.3700   -4584.8345  0.4515 
   00958    0.3875   -4620.5149  0.4544 
   00959    0.3600   -4593.9511  0.4488 
   00960    0.3925   -4551.2294  0.4477 
   00961    0.3550   -4517.3436  0.4460 
   00962    0.3850   -4472.2387  0.4394 
   00963    0.3700   -4495.0858  0.4370 
   00964    0.3850   -4508.4889  0.4389 
   00965    0.3850   -4513.4766  0.4409 
   00966    0.3500   -4504.9692  0.4393 
   00967    0.3875   -4482.1465  0.4390 
   00968    0.3875   -4479.0504  0.4345 
   00969    0.4250   -4456.0105  0.4303 
   00970    0.3750   -4430.7909  0.4343 
   00971    0.3500   -4391.6884  0.4307 
   00972    0.3800   -4395.7998  0.4423 
   00973    0.3875   -4420.8931  0.4477 
   00974    0.3875   -4379.5376  0.4493 
   00975    0.4225   -4398.0245  0.4512 
   00976    0.4325   -4388.6893  0.4501 
   00977    0.4525   -4382.2344  0.4518 
   00978    0.4100   -4351.0225  0.4476 
   00979    0.3600   -4365.4200  0.4506 
   00980    0.4000   -4338.1384  0.4531 
   00981    0.4100   -4358.8689  0.4520 
   00982    0.4250   -4355.0347  0.4529 
   00983    0.4025   -4389.0059  0.4523 
   00984    0.4025   -4393.7277  0.4462 
   00985    0.3700   -4415.6612  0.4452 
   00986    0.4025   -4403.0509  0.4472 
   00987    0.4050   -4415.8656  0.4492 
   00988    0.4150   -4399.3809  0.4476 
   00989    0.4225   -4410.4891  0.4464 
   00990    0.3625   -4421.2077  0.4401 
   00991    0.3700   -4416.9902  0.4339 
   00992    0.3875   -4408.3097  0.4322 
   00993    0.4200   -4395.2920  0.4317 
   00994    0.3800   -4410.5912  0.4319 
   00995    0.4400   -4416.7163  0.4309 
   00996    0.3775   -4477.2717  0.4329 
   00997    0.3725   -4499.7457  0.4304 
   00998    0.4400   -4494.9877  0.4295 
   00999    0.3775   -4479.3520  0.4247 
   01000    0.4100   -4445.7393  0.4227 
