#=====================================================
# File created:        Mon-06-Nov-2023-at-01-58-23PM
# Size of lattice:     60x60
# Number of MC steps:  1000
# Reduced temperature: 1.600
# Run time (s):        8.934797
#=====================================================
# MC step:  Ratio:     Energy:   Order:
#=====================================================
   00000    0.5000   -3609.1181  0.2597 
   00001    0.7628   -5056.4325  0.2626 
   00002    0.7086   -5526.0167  0.2633 
   00003    0.6814   -5997.8423  0.2662 
   00004    0.6722   -6066.6085  0.2678 
   00005    0.6783   -6114.6114  0.2774 
   00006    0.6625   -6139.8106  0.2888 
   00007    0.6683   -6253.3894  0.2960 
   00008    0.6819   -6336.0838  0.2822 
   00009    0.6589   -6363.7838  0.2714 
   00010    0.6575   -6440.1115  0.2748 
   00011    0.6533   -6538.9406  0.2786 
   00012    0.6667   -6374.8883  0.2742 
   00013    0.6658   -6384.8762  0.2789 
   00014    0.6567   -6286.2452  0.2700 
   00015    0.6608   -6289.3371  0.2530 
   00016    0.6753   -6275.7107  0.2731 
   00017    0.6606   -6215.3329  0.2733 
   00018    0.6756   -6315.1651  0.2611 
   00019    0.6569   -6353.9056  0.2551 
   00020    0.6700   -6320.8046  0.2705 
   00021    0.6517   -6284.5383  0.2649 
   00022    0.6653   -6424.8276  0.2679 
   00023    0.6553   -6308.9736  0.2708 
   00024    0.6619   -6320.4969  0.2772 
   00025    0.6717   -6207.6789  0.2884 
   00026    0.6700   -6120.2475  0.2958 
   00027    0.6742   -6247.5249  0.2869 
   00028    0.6756   -6322.4584  0.2810 
   00029    0.6631   -6238.7726  0.2844 
   00030    0.6797   -6266.7398  0.2803 
   00031    0.6633   -6392.6283  0.2704 
   00032    0.6669   -6330.0628  0.2694 
   00033    0.6658   -6267.1778  0.2756 
   00034    0.6631   -6235.2581  0.2795 
   00035    0.6625   -6265.9279  0.2706 
   00036    0.6653   -6363.3491  0.2927 
   00037    0.6583   -6417.8744  0.2839 
   00038    0.6597   -6401.0269  0.2826 
   00039    0.6581   -6403.1448  0.2856 
   00040    0.6642   -6337.3217  0.2697 
   00041    0.6708   -6408.1518  0.2659 
   00042    0.6544   -6529.9174  0.2783 
   00043    0.6581   -6440.9502  0.2863 
   00044    0.6750   -6382.5596  0.2800 
   00045    0.6669   -6288.2645  0.2796 
   00046    0.6522   -6243.3668  0.2727 
   00047    0.6608   -6524.2179  0.2842 
   00048    0.6606   -6301.6916  0.2810 
   00049    0.6597   -6197.0390  0.2871 
   00050    0.6569   -6293.7806  0.2883 
   00051    0.6575   -6360.5877  0.2673 
   00052    0.6622   -6333.2536  0.2759 
   00053    0.6594   -6345.0183  0.2737 
   00054    0.6389   -6441.2160  0.2672 
   00055    0.6397   -6327.2720  0.2624 
   00056    0.6675   -6207.2696  0.2590 
   00057    0.6556   -6324.5903  0.2662 
   00058    0.6569   -6339.7238  0.2754 
   00059    0.6553   -6270.7631  0.2723 
   00060    0.6614   -6384.0597  0.2769 
   00061    0.6558   -6231.0777  0.2876 
   00062    0.6614   -6294.6964  0.2851 
   00063    0.6544   -6335.1124  0.2905 
   00064    0.6656   -6270.2056  0.2797 
   00065    0.6553   -6236.8199  0.2821 
   00066    0.6644   -6266.7831  0.2778 
   00067    0.6592   -6250.9221  0.2785 
   00068    0.6622   -6276.3456  0.2811 
   00069    0.6739   -6440.5619  0.2825 
   00070    0.6525   -6461.7598  0.2929 
   00071    0.6578   -6400.6593  0.2934 
   00072    0.6675   -6291.2863  0.2943 
   00073    0.6597   -6387.2737  0.3014 
   00074    0.6528   -6321.8533  0.3040 
   00075    0.6617   -6321.2767  0.3036 
   00076    0.6703   -6323.0667  0.2853 
   00077    0.6708   -6292.1036  0.2846 
   00078    0.6611   -6227.3993  0.2927 
   00079    0.6639   -6257.1141  0.2811 
   00080    0.6558   -6357.3572  0.2892 
   00081    0.6511   -6440.5697  0.2723 
   00082    0.6419   -6423.9249  0.2768 
   00083    0.6514   -6446.3305  0.2858 
   00084    0.6458   -6490.1467  0.2837 
   00085    0.6383   -6330.0071  0.2707 
   00086    0.6597   -6418.9824  0.2746 
   00087    0.6481   -6457.2369  0.2621 
   00088    0.6567   -6364.9109  0.2667 
   00089    0.6633   -6274.4279  0.2692 
   00090    0.6656   -6350.1647  0.2751 
   00091    0.6672   -6264.8411  0.2820 
   00092    0.6719   -6275.3739  0.2753 
   00093    0.6539   -6345.5918  0.2776 
   00094    0.6536   -6301.5364  0.2845 
   00095    0.6503   -6429.3070  0.2923 
   00096    0.6506   -6449.6046  0.2832 
   00097    0.6608   -6371.3539  0.2790 
   00098    0.6600   -6244.8503  0.2756 
   00099    0.6783   -6165.4557  0.2783 
   00100    0.6778   -6168.0603  0.2777 
   00101    0.6850   -6173.5285  0.2829 
   00102    0.6672   -6149.6714  0.2839 
   00103    0.6861   -6300.1344  0.2766 
   00104    0.6656   -6260.2699  0.2837 
   00105    0.6694   -6403.2510  0.2863 
   00106    0.6667   -6219.1073  0.2754 
   00107    0.6664   -6196.5806  0.2763 
   00108    0.6825   -6203.0162  0.2698 
   00109    0.6589   -6227.1952  0.2716 
   00110    0.6683   -6455.8885  0.2754 
   00111    0.6514   -6218.8624  0.2658 
   00112    0.6636   -6198.5031  0.2597 
   00113    0.6539   -6382.5413  0.2658 
   00114    0.6558   -6339.2954  0.2669 
   00115    0.6586   -6281.1587  0.2586 
   00116    0.6600   -6399.0377  0.2603 
   00117    0.6561   -6421.1116  0.2564 
   00118    0.6464   -6463.6277  0.2665 
   00119    0.6664   -6355.5988  0.2637 
   00120    0.6644   -6354.2508  0.2666 
   00121    0.6464   -6537.5007  0.2690 
   00122    0.6517   -6502.5959  0.2776 
   00123    0.6464   -6546.6107  0.2689 
   00124    0.6444   -6391.4465  0.2648 
   00125    0.6558   -6375.4993  0.2698 
   00126    0.6606   -6498.8731  0.2585 
   00127    0.6642   -6507.8346  0.2538 
   00128    0.6394   -6349.7741  0.2664 
   00129    0.6514   -6504.1637  0.2662 
   00130    0.6625   -6384.1141  0.2730 
   00131    0.6542   -6287.2423  0.2548 
   00132    0.6656   -6231.7134  0.2710 
   00133    0.6669   -6216.0707  0.2666 
   00134    0.6606   -6319.0802  0.2560 
   00135    0.6489   -6341.1776  0.2542 
   00136    0.6606   -6420.4271  0.2646 
   00137    0.6344   -6296.3422  0.2755 
   00138    0.6575   -6133.4976  0.2842 
   00139    0.6697   -6289.4777  0.2730 
   00140    0.6608   -6276.0164  0.2764 
   00141    0.6664   -6402.8302  0.2704 
   00142    0.6694   -6324.5733  0.2562 
   00143    0.6589   -6376.6102  0.2585 
   00144    0.6725   -6263.1632  0.2633 
   00145    0.6544   -6468.7647  0.2726 
   00146    0.6672   -6416.7098  0.2598 
   00147    0.6586   -6466.3742  0.2561 
   00148    0.6483   -6402.6965  0.2536 
   00149    0.6719   -6281.5622  0.2576 
   00150    0.6667   -6284.0302  0.2552 
   00151    0.6664   -6290.0551  0.2641 
   00152    0.6614   -6460.7372  0.2613 
   00153    0.6656   -6305.0493  0.2688 
   00154    0.6581   -6356.7944  0.2775 
   00155    0.6486   -6451.3042  0.2572 
   00156    0.6544   -6440.4397  0.2578 
   00157    0.6586   -6366.5178  0.2715 
   00158    0.6683   -6384.6112  0.2694 
   00159    0.6503   -6360.6989  0.2758 
   00160    0.6522   -6374.3993  0.2694 
   00161    0.6589   -6334.0806  0.2675 
   00162    0.6581   -6350.4890  0.2699 
   00163    0.6544   -6339.7419  0.2619 
   00164    0.6561   -6313.8819  0.2551 
   00165    0.6536   -6291.8856  0.2609 
   00166    0.6578   -6345.3012  0.2642 
   00167    0.6494   -6404.3122  0.2840 
   00168    0.6567   -6351.0934  0.2739 
   00169    0.6703   -6314.1539  0.2715 
   00170    0.6575   -6365.2322  0.2563 
   00171    0.6531   -6386.6303  0.2608 
   00172    0.6603   -6413.4207  0.2609 
   00173    0.6519   -6318.1269  0.2649 
   00174    0.6550   -6322.1997  0.2546 
   00175    0.6597   -6286.9810  0.2615 
   00176    0.6669   -6288.2070  0.2696 
   00177    0.6664   -6177.2367  0.2876 
   00178    0.6700   -6233.8806  0.2822 
   00179    0.6544   -6265.1196  0.2799 
   00180    0.6653   -6157.1026  0.2698 
   00181    0.6747   -6280.1670  0.2666 
   00182    0.6650   -6423.2422  0.2670 
   00183    0.6553   -6335.4306  0.2642 
   00184    0.6647   -6384.6884  0.2601 
   00185    0.6639   -6351.5952  0.2649 
   00186    0.6553   -6423.3670  0.2645 
   00187    0.6656   -6393.1243  0.2748 
   00188    0.6425   -6349.6746  0.2636 
   00189    0.6608   -6439.3875  0.2723 
   00190    0.6389   -6503.1256  0.2564 
   00191    0.6403   -6297.8665  0.2576 
   00192    0.6736   -6301.1025  0.2659 
   00193    0.6556   -6656.7024  0.2579 
   00194    0.6356   -6499.2549  0.2730 
   00195    0.6539   -6359.2516  0.2799 
   00196    0.6592   -6272.3872  0.2937 
   00197    0.6589   -6258.0192  0.2909 
   00198    0.6472   -6409.9453  0.2965 
   00199    0.6611   -6414.3910  0.2835 
   00200    0.6658   -6225.4633  0.2770 
   00201    0.6550   -6320.2916  0.2754 
   00202    0.6814   -6128.7956  0.2768 
   00203    0.6694   -6278.5263  0.2732 
   00204    0.6647   -6210.9601  0.2840 
   00205    0.6825   -6231.3144  0.2785 
   00206    0.6772   -6304.6754  0.2748 
   00207    0.6675   -6213.0133  0.2714 
   00208    0.6717   -6200.4956  0.2698 
   00209    0.6556   -6170.0888  0.2783 
   00210    0.6503   -6332.1122  0.2845 
   00211    0.6506   -6353.6050  0.2855 
   00212    0.6467   -6268.9436  0.2811 
   00213    0.6600   -6331.3210  0.2776 
   00214    0.6689   -6212.6121  0.2607 
   00215    0.6628   -6125.7245  0.2609 
   00216    0.6736   -6287.4995  0.2609 
   00217    0.6558   -6261.5940  0.2748 
   00218    0.6692   -6273.3497  0.2673 
   00219    0.6739   -6261.2748  0.2650 
   00220    0.6531   -6393.5899  0.2657 
   00221    0.6650   -6331.1523  0.2633 
   00222    0.6692   -6331.8671  0.2623 
   00223    0.6781   -6178.9887  0.2568 
   00224    0.6611   -6276.6369  0.2565 
   00225    0.6631   -6341.6467  0.2717 
   00226    0.6644   -6289.2786  0.2687 
   00227    0.6542   -6324.3684  0.2581 
   00228    0.6717   -6333.5510  0.2696 
   00229    0.6467   -6515.1442  0.2773 
   00230    0.6403   -6468.8499  0.2918 
   00231    0.6611   -6338.1884  0.2995 
   00232    0.6583   -6335.2022  0.3070 
   00233    0.6581   -6274.2055  0.2943 
   00234    0.6547   -6263.0343  0.2734 
   00235    0.6681   -6334.8457  0.2723 
   00236    0.6494   -6259.4893  0.2705 
   00237    0.6686   -6365.8436  0.2605 
   00238    0.6622   -6264.2139  0.2540 
   00239    0.6617   -6367.6999  0.2611 
   00240    0.6722   -6363.6114  0.2681 
   00241    0.6494   -6270.4598  0.2670 
   00242    0.6633   -6317.1192  0.2715 
   00243    0.6569   -6250.4041  0.2648 
   00244    0.6556   -6201.0797  0.2592 
   00245    0.6642   -6349.9014  0.2554 
   00246    0.6497   -6346.5201  0.2687 
   00247    0.6531   -6224.9526  0.2757 
   00248    0.6569   -6282.0532  0.2794 
   00249    0.6728   -6266.8965  0.2741 
   00250    0.6750   -6352.9655  0.2814 
   00251    0.6525   -6330.3945  0.2776 
   00252    0.6658   -6308.3134  0.2814 
   00253    0.6778   -6254.7723  0.2844 
   00254    0.6636   -6261.1719  0.2731 
   00255    0.6581   -6483.2457  0.2730 
   00256    0.6664   -6430.1760  0.2650 
   00257    0.6628   -6424.6206  0.2735 
   00258    0.6592   -6220.5853  0.2818 
   00259    0.6681   -6377.5766  0.2914 
   00260    0.6681   -6430.8298  0.2800 
   00261    0.6611   -6275.3823  0.2826 
   00262    0.6706   -6451.4845  0.2749 
   00263    0.6550   -6416.0019  0.2801 
   00264    0.6503   -6337.6391  0.2906 
   00265    0.6622   -6401.7903  0.2807 
   00266    0.6578   -6376.4842  0.2764 
   00267    0.6539   -6265.6702  0.2596 
   00268    0.6675   -6394.5443  0.2606 
   00269    0.6564   -6370.1749  0.2599 
   00270    0.6667   -6433.0075  0.2665 
   00271    0.6453   -6510.2260  0.2547 
   00272    0.6417   -6452.2287  0.2591 
   00273    0.6694   -6427.2217  0.2612 
   00274    0.6494   -6491.7838  0.2581 
   00275    0.6431   -6421.1530  0.2693 
   00276    0.6708   -6190.0449  0.2685 
   00277    0.6553   -6278.1038  0.2637 
   00278    0.6622   -6299.7489  0.2661 
   00279    0.6711   -6145.6361  0.2594 
   00280    0.6658   -6301.9976  0.2723 
   00281    0.6775   -6256.9010  0.2585 
   00282    0.6531   -6257.0544  0.2612 
   00283    0.6542   -6277.3348  0.2626 
   00284    0.6678   -6358.6599  0.2653 
   00285    0.6589   -6394.1842  0.2607 
   00286    0.6536   -6458.4930  0.2638 
   00287    0.6594   -6472.9537  0.2608 
   00288    0.6439   -6359.5483  0.2598 
   00289    0.6428   -6244.9098  0.2509 
   00290    0.6586   -6391.5767  0.2580 
   00291    0.6392   -6384.3751  0.2529 
   00292    0.6633   -6283.5571  0.2615 
   00293    0.6706   -6293.0227  0.2685 
   00294    0.6614   -6485.1666  0.2799 
   00295    0.6575   -6373.0172  0.2714 
   00296    0.6536   -6253.6733  0.2743 
   00297    0.6697   -6237.0375  0.2774 
   00298    0.6753   -6291.0694  0.2814 
   00299    0.6731   -6315.9233  0.2852 
   00300    0.6686   -6358.3068  0.2633 
   00301    0.6528   -6305.4073  0.2647 
   00302    0.6747   -6300.2051  0.2635 
   00303    0.6658   -6208.5601  0.2783 
   00304    0.6536   -6383.1903  0.2734 
   00305    0.6592   -6345.0433  0.2904 
   00306    0.6692   -6230.8158  0.2784 
   00307    0.6631   -6387.6175  0.2797 
   00308    0.6639   -6330.2141  0.2791 
   00309    0.6625   -6179.7132  0.2824 
   00310    0.6714   -6276.2167  0.2791 
   00311    0.6789   -6376.4413  0.2818 
   00312    0.6456   -6428.0367  0.2848 
   00313    0.6528   -6334.5455  0.2862 
   00314    0.6497   -6391.6564  0.2691 
   00315    0.6572   -6327.7967  0.2704 
   00316    0.6436   -6379.6718  0.2810 
   00317    0.6433   -6356.6363  0.2693 
   00318    0.6669   -6202.5794  0.2671 
   00319    0.6792   -6245.4006  0.2620 
   00320    0.6675   -6305.4610  0.2630 
   00321    0.6544   -6447.5387  0.2628 
   00322    0.6553   -6402.2517  0.2826 
   00323    0.6414   -6538.1905  0.2749 
   00324    0.6481   -6405.3409  0.2606 
   00325    0.6408   -6474.9592  0.2656 
   00326    0.6672   -6380.8008  0.2582 
   00327    0.6506   -6465.8156  0.2769 
   00328    0.6542   -6225.1298  0.2692 
   00329    0.6744   -6136.5455  0.2630 
   00330    0.6547   -6256.4134  0.2634 
   00331    0.6633   -6253.8763  0.2666 
   00332    0.6661   -6371.5211  0.2644 
   00333    0.6489   -6489.7532  0.2723 
   00334    0.6525   -6476.3028  0.2753 
   00335    0.6492   -6584.0497  0.2760 
   00336    0.6567   -6477.5234  0.2686 
   00337    0.6564   -6280.8479  0.2748 
   00338    0.6733   -6410.8063  0.2705 
   00339    0.6614   -6362.8770  0.2690 
   00340    0.6617   -6450.1971  0.2653 
   00341    0.6461   -6428.0787  0.2621 
   00342    0.6569   -6440.0708  0.2638 
   00343    0.6492   -6460.1577  0.2535 
   00344    0.6478   -6403.8447  0.2683 
   00345    0.6508   -6457.2301  0.2710 
   00346    0.6636   -6528.0199  0.2684 
   00347    0.6675   -6421.7277  0.2581 
   00348    0.6725   -6366.0063  0.2572 
   00349    0.6603   -6429.9826  0.2717 
   00350    0.6483   -6495.0409  0.2666 
   00351    0.6508   -6393.3434  0.2756 
   00352    0.6503   -6440.8230  0.2666 
   00353    0.6536   -6432.4198  0.2588 
   00354    0.6628   -6317.4057  0.2617 
   00355    0.6697   -6369.8745  0.2609 
   00356    0.6667   -6365.0768  0.2642 
   00357    0.6478   -6342.8698  0.2656 
   00358    0.6556   -6313.7326  0.2637 
   00359    0.6583   -6387.2257  0.2667 
   00360    0.6681   -6309.7004  0.2806 
   00361    0.6669   -6379.3449  0.2817 
   00362    0.6603   -6296.0797  0.2769 
   00363    0.6550   -6115.6320  0.2732 
   00364    0.6794   -6189.7185  0.2699 
   00365    0.6697   -6248.2755  0.2670 
   00366    0.6756   -6169.9921  0.2745 
   00367    0.6692   -6242.9289  0.2751 
   00368    0.6775   -6421.0158  0.2815 
   00369    0.6531   -6472.4777  0.2814 
   00370    0.6472   -6382.6247  0.2663 
   00371    0.6600   -6403.4604  0.2708 
   00372    0.6475   -6557.4129  0.2675 
   00373    0.6539   -6437.6301  0.2678 
   00374    0.6583   -6503.3297  0.2774 
   00375    0.6494   -6424.0925  0.2789 
   00376    0.6433   -6439.2258  0.2675 
   00377    0.6603   -6307.3909  0.2749 
   00378    0.6564   -6167.3596  0.2675 
   00379    0.6700   -6352.4796  0.2816 
   00380    0.6647   -6324.2418  0.2803 
   00381    0.6522   -6427.3051  0.2900 
   00382    0.6567   -6313.8153  0.2968 
   00383    0.6547   -6386.9003  0.2868 
   00384    0.6583   -6396.0851  0.2794 
   00385    0.6411   -6436.0681  0.2888 
   00386    0.6544   -6425.0444  0.2710 
   00387    0.6586   -6364.5630  0.2599 
   00388    0.6544   -6314.2813  0.2569 
   00389    0.6714   -6303.6025  0.2562 
   00390    0.6578   -6265.8808  0.2523 
   00391    0.6731   -6279.2403  0.2507 
   00392    0.6681   -6425.8147  0.2578 
   00393    0.6475   -6403.5992  0.2691 
   00394    0.6461   -6522.3018  0.2623 
   00395    0.6536   -6577.1474  0.2609 
   00396    0.6514   -6430.2897  0.2584 
   00397    0.6528   -6470.8103  0.2566 
   00398    0.6550   -6341.0920  0.2558 
   00399    0.6650   -6197.6221  0.2624 
   00400    0.6558   -6405.0404  0.2614 
   00401    0.6628   -6358.6228  0.2554 
   00402    0.6553   -6357.6888  0.2604 
   00403    0.6581   -6466.5103  0.2563 
   00404    0.6600   -6460.1433  0.2636 
   00405    0.6547   -6456.2380  0.2722 
   00406    0.6636   -6238.1156  0.2707 
   00407    0.6647   -6257.6935  0.2797 
   00408    0.6800   -6192.7942  0.2819 
   00409    0.6756   -6239.6977  0.2898 
   00410    0.6575   -6435.6938  0.2988 
   00411    0.6531   -6408.5723  0.2838 
   00412    0.6642   -6290.1416  0.2786 
   00413    0.6747   -6132.7686  0.2880 
   00414    0.6744   -6250.0548  0.2772 
   00415    0.6603   -6309.1820  0.2799 
   00416    0.6492   -6575.5008  0.2887 
   00417    0.6578   -6460.5829  0.2998 
   00418    0.6658   -6525.2620  0.3054 
   00419    0.6442   -6463.2029  0.2977 
   00420    0.6525   -6401.0263  0.2978 
   00421    0.6567   -6212.4514  0.2925 
   00422    0.6569   -6319.7904  0.2977 
   00423    0.6569   -6318.0551  0.2897 
   00424    0.6469   -6332.7120  0.2779 
   00425    0.6561   -6532.1612  0.2681 
   00426    0.6522   -6373.7572  0.2651 
   00427    0.6442   -6409.3295  0.2578 
   00428    0.6622   -6345.4975  0.2631 
   00429    0.6683   -6317.9645  0.2593 
   00430    0.6519   -6393.3382  0.2568 
   00431    0.6414   -6465.7249  0.2694 
   00432    0.6511   -6493.6881  0.2781 
   00433    0.6542   -6402.8481  0.2820 
   00434    0.6425   -6436.9360  0.2711 
   00435    0.6642   -6281.3786  0.2659 
   00436    0.6747   -6122.6602  0.2624 
   00437    0.6611   -6373.2834  0.2682 
   00438    0.6506   -6390.9560  0.2767 
   00439    0.6475   -6403.0008  0.2723 
   00440    0.6578   -6348.8048  0.2706 
   00441    0.6678   -6297.4462  0.2757 
   00442    0.6667   -6249.8467  0.2758 
   00443    0.6542   -6381.7287  0.2801 
   00444    0.6608   -6376.1394  0.2835 
   00445    0.6642   -6359.5924  0.2813 
   00446    0.6408   -6407.1608  0.2836 
   00447    0.6628   -6348.4956  0.2774 
   00448    0.6581   -6275.3470  0.2693 
   00449    0.6642   -6406.2803  0.2657 
   00450    0.6625   -6377.4590  0.2740 
   00451    0.6589   -6317.1853  0.2819 
   00452    0.6703   -6287.4664  0.2716 
   00453    0.6642   -6326.2733  0.2721 
   00454    0.6681   -6294.8310  0.2696 
   00455    0.6619   -6345.5533  0.2782 
   00456    0.6656   -6529.2788  0.2692 
   00457    0.6661   -6352.5695  0.2519 
   00458    0.6656   -6296.3616  0.2640 
   00459    0.6592   -6405.2370  0.2682 
   00460    0.6692   -6423.8446  0.2572 
   00461    0.6567   -6454.0550  0.2599 
   00462    0.6447   -6536.2616  0.2583 
   00463    0.6453   -6516.7751  0.2592 
   00464    0.6422   -6471.3508  0.2679 
   00465    0.6678   -6370.7638  0.2605 
   00466    0.6519   -6313.4913  0.2606 
   00467    0.6536   -6323.8015  0.2599 
   00468    0.6608   -6369.9212  0.2743 
   00469    0.6614   -6305.1627  0.2550 
   00470    0.6508   -6450.9522  0.2744 
   00471    0.6589   -6432.5732  0.2661 
   00472    0.6547   -6264.1623  0.2659 
   00473    0.6731   -6195.3684  0.2723 
   00474    0.6706   -6147.6653  0.2653 
   00475    0.6647   -6378.3147  0.2831 
   00476    0.6356   -6301.2963  0.2889 
   00477    0.6650   -6190.0185  0.2757 
   00478    0.6619   -6340.7382  0.2867 
   00479    0.6708   -6397.0555  0.2829 
   00480    0.6572   -6548.4110  0.2892 
   00481    0.6392   -6565.7491  0.2903 
   00482    0.6564   -6468.6849  0.2898 
   00483    0.6536   -6344.7178  0.2835 
   00484    0.6539   -6297.2156  0.2801 
   00485    0.6483   -6255.7512  0.2731 
   00486    0.6644   -6301.4030  0.2682 
   00487    0.6631   -6322.0587  0.2641 
   00488    0.6625   -6152.0605  0.2794 
   00489    0.6642   -6156.5323  0.2804 
   00490    0.6583   -6245.4231  0.2964 
   00491    0.6686   -6419.5550  0.2878 
   00492    0.6661   -6275.5096  0.2829 
   00493    0.6831   -6207.9267  0.2766 
   00494    0.6517   -6231.8878  0.2693 
   00495    0.6697   -6252.4111  0.2645 
   00496    0.6642   -6325.8553  0.2613 
   00497    0.6592   -6426.3580  0.2558 
   00498    0.6758   -6431.7559  0.2619 
   00499    0.6572   -6555.7998  0.2544 
   00500    0.6642   -6462.5626  0.2599 
   00501    0.6547   -6419.3960  0.2578 
   00502    0.6656   -6352.3892  0.2593 
   00503    0.6619   -6337.1890  0.2674 
   00504    0.6519   -6421.6882  0.2632 
   00505    0.6536   -6445.0185  0.2736 
   00506    0.6494   -6355.2028  0.2773 
   00507    0.6517   -6400.8999  0.2765 
   00508    0.6528   -6401.7750  0.2662 
   00509    0.6628   -6393.3878  0.2687 
   00510    0.6592   -6483.6006  0.2759 
   00511    0.6561   -6367.9199  0.2821 
   00512    0.6508   -6454.7121  0.2779 
   00513    0.6564   -6588.9031  0.2637 
   00514    0.6353   -6574.4842  0.2631 
   00515    0.6572   -6403.2370  0.2620 
   00516    0.6706   -6513.8504  0.2621 
   00517    0.6478   -6332.7346  0.2636 
   00518    0.6664   -6383.7874  0.2653 
   00519    0.6433   -6288.3240  0.2633 
   00520    0.6594   -6293.4612  0.2575 
   00521    0.6569   -6221.9008  0.2579 
   00522    0.6778   -6341.3820  0.2707 
   00523    0.6517   -6417.3304  0.2880 
   00524    0.6614   -6314.2556  0.2676 
   00525    0.6539   -6240.4304  0.2582 
   00526    0.6619   -6370.1334  0.2537 
   00527    0.6592   -6389.3273  0.2601 
   00528    0.6569   -6381.1879  0.2610 
   00529    0.6497   -6397.0978  0.2599 
   00530    0.6581   -6550.4480  0.2594 
   00531    0.6575   -6509.4156  0.2621 
   00532    0.6628   -6493.0497  0.2712 
   00533    0.6467   -6594.3232  0.2776 
   00534    0.6631   -6508.0439  0.2650 
   00535    0.6425   -6431.2881  0.2630 
   00536    0.6525   -6353.1566  0.2702 
   00537    0.6556   -6541.6656  0.2676 
   00538    0.6572   -6408.0063  0.2783 
   00539    0.6639   -6539.2212  0.2736 
   00540    0.6433   -6445.3840  0.2680 
   00541    0.6656   -6341.1455  0.2703 
   00542    0.6531   -6415.1650  0.2723 
   00543    0.6492   -6510.8055  0.2809 
   00544    0.6453   -6461.4546  0.2824 
   00545    0.6544   -6343.6428  0.2701 
   00546    0.6581   -6319.6172  0.2807 
   00547    0.6511   -6265.1517  0.2683 
   00548    0.6633   -6266.1889  0.2564 
   00549    0.6697   -6293.5042  0.2628 
   00550    0.6739   -6169.1412  0.2686 
   00551    0.6711   -6237.0295  0.2674 
   00552    0.6458   -6336.6499  0.2577 
   00553    0.6697   -6339.5782  0.2691 
   00554    0.6422   -6297.4692  0.2590 
   00555    0.6539   -6542.8453  0.2691 
   00556    0.6508   -6360.1298  0.2748 
   00557    0.6528   -6410.3021  0.2699 
   00558    0.6556   -6343.8146  0.2699 
   00559    0.6594   -6196.7774  0.2640 
   00560    0.6722   -6164.4133  0.2624 
   00561    0.6775   -6298.7723  0.2640 
   00562    0.6644   -6370.7879  0.2634 
   00563    0.6686   -6265.2757  0.2732 
   00564    0.6603   -6403.8219  0.2823 
   00565    0.6647   -6367.1992  0.2701 
   00566    0.6611   -6285.5009  0.2649 
   00567    0.6536   -6472.8185  0.2630 
   00568    0.6542   -6510.4308  0.2597 
   00569    0.6517   -6394.3698  0.2678 
   00570    0.6572   -6427.4503  0.2701 
   00571    0.6381   -6336.7566  0.2685 
   00572    0.6639   -6450.4628  0.2734 
   00573    0.6542   -6389.4842  0.2823 
   00574    0.6531   -6319.8943  0.2743 
   00575    0.6714   -6366.1981  0.2777 
   00576    0.6703   -6370.6388  0.2677 
   00577    0.6542   -6376.6701  0.2762 
   00578    0.6631   -6380.7246  0.2704 
   00579    0.6697   -6413.8142  0.2809 
   00580    0.6622   -6328.2805  0.2713 
   00581    0.6647   -6452.8826  0.2840 
   00582    0.6592   -6462.3555  0.2740 
   00583    0.6486   -6487.2591  0.2590 
   00584    0.6475   -6311.3086  0.2584 
   00585    0.6806   -6182.0334  0.2646 
   00586    0.6731   -6386.4542  0.2634 
   00587    0.6517   -6455.8489  0.2729 
   00588    0.6556   -6360.1303  0.2673 
   00589    0.6494   -6527.6364  0.2688 
   00590    0.6519   -6398.3553  0.2604 
   00591    0.6589   -6341.4241  0.2687 
   00592    0.6578   -6445.7549  0.2640 
   00593    0.6575   -6516.5899  0.2545 
   00594    0.6572   -6380.4478  0.2557 
   00595    0.6525   -6411.6488  0.2673 
   00596    0.6656   -6360.4635  0.2697 
   00597    0.6619   -6308.5495  0.2689 
   00598    0.6711   -6417.1705  0.2664 
   00599    0.6653   -6511.6189  0.2842 
   00600    0.6447   -6450.7555  0.3018 
   00601    0.6603   -6406.9982  0.3052 
   00602    0.6639   -6261.0748  0.3072 
   00603    0.6614   -6375.0383  0.2940 
   00604    0.6453   -6325.2126  0.3004 
   00605    0.6578   -6437.5316  0.3108 
   00606    0.6497   -6341.7217  0.3016 
   00607    0.6553   -6333.8680  0.2969 
   00608    0.6650   -6349.2574  0.2748 
   00609    0.6733   -6219.0021  0.2793 
   00610    0.6575   -6223.4345  0.2705 
   00611    0.6667   -6123.1252  0.2679 
   00612    0.6636   -6245.8830  0.2841 
   00613    0.6578   -6267.8944  0.2698 
   00614    0.6667   -6279.5819  0.2674 
   00615    0.6606   -6187.0719  0.2695 
   00616    0.6547   -6217.7121  0.2610 
   00617    0.6853   -6134.2387  0.2740 
   00618    0.6647   -6098.0962  0.2677 
   00619    0.6703   -6143.7726  0.2679 
   00620    0.6769   -6172.9249  0.2745 
   00621    0.6675   -6205.3380  0.2699 
   00622    0.6653   -6306.1499  0.2694 
   00623    0.6572   -6334.1181  0.2580 
   00624    0.6544   -6403.4881  0.2643 
   00625    0.6672   -6293.8802  0.2559 
   00626    0.6628   -6252.0736  0.2576 
   00627    0.6692   -6132.4252  0.2705 
   00628    0.6767   -6148.6262  0.2634 
   00629    0.6822   -6226.4109  0.2551 
   00630    0.6697   -6384.1362  0.2578 
   00631    0.6564   -6436.3928  0.2577 
   00632    0.6542   -6371.1172  0.2579 
   00633    0.6642   -6250.9145  0.2710 
   00634    0.6681   -6154.0216  0.2620 
   00635    0.6708   -6374.9333  0.2573 
   00636    0.6539   -6441.6331  0.2523 
   00637    0.6442   -6487.6683  0.2567 
   00638    0.6472   -6467.6163  0.2618 
   00639    0.6514   -6278.2695  0.2519 
   00640    0.6697   -6184.1583  0.2617 
   00641    0.6631   -6342.4352  0.2692 
   00642    0.6550   -6281.6003  0.2657 
   00643    0.6700   -6463.7277  0.2783 
   00644    0.6497   -6519.6858  0.2750 
   00645    0.6394   -6365.1558  0.2699 
   00646    0.6625   -6513.9986  0.2693 
   00647    0.6414   -6397.1182  0.2686 
   00648    0.6683   -6303.7804  0.2578 
   00649    0.6569   -6497.6969  0.2660 
   00650    0.6539   -6419.7658  0.2763 
   00651    0.6769   -6402.6323  0.2565 
   00652    0.6519   -6248.3075  0.2767 
   00653    0.6492   -6355.5649  0.2627 
   00654    0.6511   -6445.3651  0.2741 
   00655    0.6444   -6453.6367  0.2671 
   00656    0.6583   -6457.2690  0.2725 
   00657    0.6472   -6353.9135  0.2936 
   00658    0.6525   -6313.3577  0.2875 
   00659    0.6611   -6343.3052  0.2873 
   00660    0.6558   -6416.7674  0.2852 
   00661    0.6561   -6337.5065  0.2876 
   00662    0.6592   -6472.3400  0.2875 
   00663    0.6611   -6370.5663  0.2878 
   00664    0.6719   -6252.5546  0.2870 
   00665    0.6614   -6527.8453  0.2746 
   00666    0.6597   -6397.1908  0.2850 
   00667    0.6519   -6349.2503  0.2747 
   00668    0.6447   -6310.8881  0.2748 
   00669    0.6650   -6333.5982  0.2683 
   00670    0.6633   -6285.0622  0.2635 
   00671    0.6647   -6285.7694  0.2757 
   00672    0.6578   -6205.3890  0.2951 
   00673    0.6697   -6330.9114  0.3003 
   00674    0.6531   -6417.5220  0.2930 
   00675    0.6475   -6318.3118  0.2927 
   00676    0.6625   -6322.9975  0.2916 
   00677    0.6650   -6258.4955  0.2905 
   00678    0.6792   -6368.5342  0.2892 
   00679    0.6611   -6516.4817  0.2924 
   00680    0.6403   -6626.7942  0.2843 
   00681    0.6608   -6431.2792  0.2858 
   00682    0.6644   -6266.3087  0.2791 
   00683    0.6664   -6451.0588  0.2772 
   00684    0.6550   -6416.1352  0.2844 
   00685    0.6681   -6391.4712  0.2745 
   00686    0.6581   -6451.9044  0.2676 
   00687    0.6511   -6438.2993  0.2617 
   00688    0.6514   -6353.4567  0.2607 
   00689    0.6692   -6261.3947  0.2779 
   00690    0.6558   -6292.8046  0.2693 
   00691    0.6533   -6292.4001  0.2649 
   00692    0.6625   -6211.1705  0.2554 
   00693    0.6850   -6329.3698  0.2593 
   00694    0.6539   -6360.8783  0.2573 
   00695    0.6761   -6312.5279  0.2626 
   00696    0.6722   -6419.6964  0.2573 
   00697    0.6539   -6351.6130  0.2562 
   00698    0.6589   -6389.2005  0.2695 
   00699    0.6475   -6411.9748  0.2690 
   00700    0.6436   -6538.4563  0.2730 
   00701    0.6561   -6411.1699  0.2651 
   00702    0.6511   -6420.3672  0.2599 
   00703    0.6494   -6374.9075  0.2641 
   00704    0.6631   -6265.0216  0.2743 
   00705    0.6500   -6311.5596  0.2709 
   00706    0.6522   -6307.0258  0.2785 
   00707    0.6717   -6308.3792  0.2707 
   00708    0.6522   -6409.9782  0.2705 
   00709    0.6536   -6306.0858  0.2788 
   00710    0.6786   -6141.7385  0.2706 
   00711    0.6619   -6355.0549  0.2627 
   00712    0.6489   -6359.3845  0.2778 
   00713    0.6567   -6362.6892  0.2817 
   00714    0.6628   -6253.2135  0.2783 
   00715    0.6736   -6274.7408  0.2741 
   00716    0.6594   -6385.1565  0.2731 
   00717    0.6617   -6308.6167  0.2704 
   00718    0.6617   -6411.5612  0.2685 
   00719    0.6556   -6295.5315  0.2581 
   00720    0.6739   -6310.5139  0.2620 
   00721    0.6733   -6279.5769  0.2644 
   00722    0.6650   -6289.8188  0.2571 
   00723    0.6631   -6327.6963  0.2700 
   00724    0.6539   -6353.8211  0.2660 
   00725    0.6592   -6186.8982  0.2630 
   00726    0.6708   -6254.7981  0.2660 
   00727    0.6672   -6371.2566  0.2824 
   00728    0.6567   -6368.0477  0.2879 
   00729    0.6581   -6327.9107  0.3021 
   00730    0.6544   -6432.4445  0.2988 
   00731    0.6522   -6461.9072  0.2905 
   00732    0.6669   -6384.7235  0.2915 
   00733    0.6594   -6234.8238  0.2923 
   00734    0.6744   -6231.1695  0.2913 
   00735    0.6694   -6418.5953  0.2791 
   00736    0.6569   -6484.7919  0.2860 
   00737    0.6708   -6380.0394  0.2903 
   00738    0.6656   -6351.9129  0.2987 
   00739    0.6550   -6402.6852  0.3007 
   00740    0.6689   -6286.2186  0.3059 
   00741    0.6772   -6302.8816  0.3030 
   00742    0.6619   -6212.3365  0.2819 
   00743    0.6611   -6229.2674  0.2735 
   00744    0.6800   -6239.1714  0.2915 
   00745    0.6603   -6351.7443  0.2868 
   00746    0.6533   -6370.6902  0.2797 
   00747    0.6647   -6254.2521  0.2794 
   00748    0.6794   -6259.3239  0.2821 
   00749    0.6508   -6373.3723  0.2807 
   00750    0.6742   -6384.9713  0.2694 
   00751    0.6706   -6426.6033  0.2695 
   00752    0.6556   -6231.9784  0.2792 
   00753    0.6758   -6335.5542  0.2844 
   00754    0.6564   -6323.7079  0.2800 
   00755    0.6594   -6431.6400  0.2695 
   00756    0.6500   -6482.3565  0.2736 
   00757    0.6392   -6389.1857  0.2658 
   00758    0.6683   -6441.8727  0.2616 
   00759    0.6594   -6272.0613  0.2650 
   00760    0.6653   -6289.9424  0.2691 
   00761    0.6667   -6242.2799  0.2826 
   00762    0.6583   -6245.0967  0.2709 
   00763    0.6447   -6342.5036  0.2650 
   00764    0.6622   -6350.5328  0.2768 
   00765    0.6525   -6226.8742  0.2656 
   00766    0.6664   -6308.3075  0.2738 
   00767    0.6619   -6326.4379  0.2709 
   00768    0.6642   -6464.6028  0.2716 
   00769    0.6539   -6444.1413  0.2755 
   00770    0.6539   -6416.6452  0.2729 
   00771    0.6589   -6386.8945  0.2599 
   00772    0.6739   -6378.6065  0.2579 
   00773    0.6519   -6338.9980  0.2664 
   00774    0.6650   -6405.5642  0.2604 
   00775    0.6558   -6284.5820  0.2635 
   00776    0.6619   -6292.6533  0.2575 
   00777    0.6525   -6516.2621  0.2711 
   00778    0.6508   -6364.9122  0.2739 
   00779    0.6508   -6349.5953  0.2884 
   00780    0.6375   -6385.3146  0.2760 
   00781    0.6636   -6381.1016  0.2820 
   00782    0.6603   -6487.7179  0.2690 
   00783    0.6614   -6270.0934  0.2686 
   00784    0.6600   -6347.5725  0.2745 
   00785    0.6664   -6397.4392  0.2748 
   00786    0.6586   -6366.4420  0.2663 
   00787    0.6606   -6252.9234  0.2629 
   00788    0.6603   -6297.9458  0.2649 
   00789    0.6722   -6231.0861  0.2615 
   00790    0.6603   -6358.1144  0.2617 
   00791    0.6464   -6253.7698  0.2630 
   00792    0.6767   -6284.1326  0.2521 
   00793    0.6572   -6356.0845  0.2541 
   00794    0.6508   -6388.6170  0.2614 
   00795    0.6614   -6423.2546  0.2631 
   00796    0.6636   -6471.0182  0.2702 
   00797    0.6600   -6388.8849  0.2798 
   00798    0.6522   -6325.4435  0.2762 
   00799    0.6447   -6355.5889  0.2581 
   00800    0.6467   -6335.3770  0.2541 
   00801    0.6556   -6405.1562  0.2549 
   00802    0.6703   -6375.1315  0.2598 
   00803    0.6528   -6439.2973  0.2551 
   00804    0.6661   -6333.2550  0.2732 
   00805    0.6636   -6275.8549  0.2697 
   00806    0.6569   -6307.1238  0.2806 
   00807    0.6628   -6387.6907  0.2821 
   00808    0.6733   -6422.9419  0.2864 
   00809    0.6547   -6337.3221  0.2822 
   00810    0.6642   -6274.5623  0.2915 
   00811    0.6672   -6130.9730  0.2714 
   00812    0.6592   -6221.1806  0.2598 
   00813    0.6594   -6429.4934  0.2657 
   00814    0.6553   -6511.0785  0.2676 
   00815    0.6614   -6331.9258  0.2788 
   00816    0.6458   -6407.2132  0.2875 
   00817    0.6433   -6349.5523  0.2959 
   00818    0.6597   -6469.0382  0.3029 
   00819    0.6542   -6304.3763  0.3039 
   00820    0.6644   -6277.1102  0.2914 
   00821    0.6672   -6404.0874  0.2805 
   00822    0.6703   -6270.8255  0.2630 
   00823    0.6639   -6240.0089  0.2553 
   00824    0.6614   -6313.6214  0.2532 
   00825    0.6531   -6420.0053  0.2541 
   00826    0.6492   -6443.4370  0.2663 
   00827    0.6525   -6365.1128  0.2650 
   00828    0.6553   -6381.8793  0.2682 
   00829    0.6614   -6159.9849  0.2610 
   00830    0.6789   -6130.8379  0.2636 
   00831    0.6661   -6298.1291  0.2644 
   00832    0.6639   -6321.9131  0.2720 
   00833    0.6517   -6273.2066  0.2755 
   00834    0.6625   -6385.6760  0.2746 
   00835    0.6539   -6312.6714  0.2775 
   00836    0.6661   -6391.1825  0.2637 
   00837    0.6389   -6444.8527  0.2670 
   00838    0.6575   -6370.4209  0.2826 
   00839    0.6536   -6365.8424  0.2936 
   00840    0.6636   -6264.5515  0.2869 
   00841    0.6653   -6188.5792  0.3034 
   00842    0.6511   -6231.1315  0.3029 
   00843    0.6692   -6309.6569  0.2933 
   00844    0.6736   -6314.0709  0.2888 
   00845    0.6483   -6431.4208  0.3048 
   00846    0.6664   -6378.4935  0.2948 
   00847    0.6653   -6348.9981  0.2926 
   00848    0.6514   -6376.2967  0.2966 
   00849    0.6644   -6345.4178  0.2927 
   00850    0.6300   -6505.1497  0.2886 
   00851    0.6514   -6405.0696  0.2878 
   00852    0.6575   -6403.5750  0.2930 
   00853    0.6481   -6375.7614  0.2852 
   00854    0.6506   -6394.8703  0.2897 
   00855    0.6481   -6433.5100  0.2759 
   00856    0.6556   -6463.4999  0.2744 
   00857    0.6483   -6475.3210  0.2809 
   00858    0.6461   -6379.4833  0.2849 
   00859    0.6594   -6449.2591  0.2817 
   00860    0.6550   -6504.3872  0.2851 
   00861    0.6439   -6456.3585  0.2780 
   00862    0.6617   -6561.0445  0.2724 
   00863    0.6403   -6422.6264  0.2720 
   00864    0.6575   -6397.7582  0.2672 
   00865    0.6536   -6409.3490  0.2697 
   00866    0.6517   -6349.1216  0.2748 
   00867    0.6578   -6412.0720  0.2681 
   00868    0.6450   -6315.9963  0.2604 
   00869    0.6589   -6211.7560  0.2565 
   00870    0.6817   -6064.4825  0.2719 
   00871    0.6817   -6131.9847  0.2645 
   00872    0.6719   -6286.9315  0.2725 
   00873    0.6608   -6136.6495  0.2809 
   00874    0.6611   -6268.5682  0.2858 
   00875    0.6667   -6385.8830  0.2816 
   00876    0.6575   -6330.5659  0.2830 
   00877    0.6683   -6420.1525  0.2821 
   00878    0.6561   -6237.1127  0.2806 
   00879    0.6522   -6243.6456  0.2810 
   00880    0.6644   -6336.8851  0.2721 
   00881    0.6592   -6462.4568  0.2610 
   00882    0.6456   -6473.1316  0.2565 
   00883    0.6506   -6317.7219  0.2645 
   00884    0.6486   -6485.8457  0.2878 
   00885    0.6550   -6357.3247  0.2819 
   00886    0.6650   -6342.1832  0.2747 
   00887    0.6467   -6404.4378  0.2786 
   00888    0.6508   -6256.2578  0.2769 
   00889    0.6642   -6161.3100  0.2809 
   00890    0.6661   -6268.9420  0.2831 
   00891    0.6611   -6420.5081  0.2716 
   00892    0.6506   -6455.5870  0.2730 
   00893    0.6647   -6333.4505  0.2709 
   00894    0.6517   -6264.1850  0.2679 
   00895    0.6544   -6308.6513  0.2667 
   00896    0.6678   -6321.4926  0.2669 
   00897    0.6508   -6327.3151  0.2635 
   00898    0.6714   -6210.7403  0.2660 
   00899    0.6828   -6313.8424  0.2604 
   00900    0.6606   -6050.4551  0.2565 
   00901    0.6786   -6110.2216  0.2642 
   00902    0.6536   -6446.4646  0.2676 
   00903    0.6492   -6530.4684  0.2759 
   00904    0.6528   -6257.7248  0.2784 
   00905    0.6650   -6271.4158  0.2703 
   00906    0.6672   -6267.4576  0.2743 
   00907    0.6575   -6357.0048  0.2715 
   00908    0.6625   -6433.2954  0.2569 
   00909    0.6533   -6320.1792  0.2753 
   00910    0.6683   -6247.5428  0.2685 
   00911    0.6714   -6387.8485  0.2692 
   00912    0.6594   -6270.3145  0.2552 
   00913    0.6575   -6364.5638  0.2595 
   00914    0.6511   -6454.5243  0.2600 
   00915    0.6628   -6545.5342  0.2724 
   00916    0.6614   -6357.5442  0.2676 
   00917    0.6489   -6348.5178  0.2806 
   00918    0.6611   -6335.8141  0.2698 
   00919    0.6639   -6333.4281  0.2713 
   00920    0.6683   -6364.0369  0.2761 
   00921    0.6522   -6358.6844  0.2734 
   00922    0.6508   -6408.0865  0.2732 
   00923    0.6542   -6316.7655  0.2556 
   00924    0.6614   -6284.7669  0.2693 
   00925    0.6725   -6309.3164  0.2559 
   00926    0.6581   -6266.1250  0.2634 
   00927    0.6600   -6457.8782  0.2736 
   00928    0.6636   -6405.9105  0.2888 
   00929    0.6617   -6384.2740  0.2832 
   00930    0.6722   -6307.7789  0.2742 
   00931    0.6717   -6364.5728  0.2675 
   00932    0.6664   -6227.4395  0.2636 
   00933    0.6761   -6128.0334  0.2611 
   00934    0.6722   -6246.2862  0.2587 
   00935    0.6700   -6122.1515  0.2632 
   00936    0.6747   -6283.2332  0.2575 
   00937    0.6547   -6273.9881  0.2680 
   00938    0.6631   -6242.2762  0.2688 
   00939    0.6697   -6097.6254  0.2643 
   00940    0.6800   -6113.7543  0.2701 
   00941    0.6700   -6243.9198  0.2761 
   00942    0.6672   -6318.4096  0.2889 
   00943    0.6458   -6378.1819  0.2879 
   00944    0.6594   -6472.2243  0.2987 
   00945    0.6553   -6456.9465  0.2890 
   00946    0.6686   -6426.5639  0.2649 
   00947    0.6414   -6431.7141  0.2767 
   00948    0.6594   -6404.1429  0.2768 
   00949    0.6572   -6442.3920  0.2801 
   00950    0.6561   -6364.9037  0.2733 
   00951    0.6625   -6470.8205  0.2805 
   00952    0.6589   -6583.8789  0.2629 
   00953    0.6514   -6517.5522  0.2610 
   00954    0.6400   -6509.6836  0.2626 
   00955    0.6508   -6415.1114  0.2636 
   00956    0.6539   -6340.6610  0.2670 
   00957    0.6789   -6116.5536  0.2601 
   00958    0.6667   -6285.7930  0.2684 
   00959    0.6742   -6288.7197  0.2560 
   00960    0.6678   -6191.3005  0.2629 
   00961    0.6575   -6328.9540  0.2662 
   00962    0.6478   -6520.9454  0.2559 
   00963    0.6500   -6501.2471  0.2704 
   00964    0.6478   -6445.3567  0.2553 
   00965    0.6536   -6449.3018  0.2676 
   00966    0.6611   -6488.4020  0.2613 
   00967    0.6589   -6427.1186  0.2730 
   00968    0.6639   -6245.1226  0.2572 
   00969    0.6681   -6209.0121  0.2573 
   00970    0.6589   -6304.2523  0.2673 
   00971    0.6647   -6377.2111  0.2723 
   00972    0.6581   -6393.5072  0.2937 
   00973    0.6567   -6374.0252  0.2773 
   00974    0.6608   -6459.2404  0.2787 
   00975    0.6506   -6301.6797  0.2950 
   00976    0.6669   -6456.7667  0.2795 
   00977    0.6436   -6389.9063  0.2782 
   00978    0.6608   -6318.7235  0.2783 
   00979    0.6542   -6528.8802  0.2680 
   00980    0.6669   -6444.3038  0.2600 
   00981    0.6564   -6476.4776  0.2508 
   00982    0.6564   -6419.0431  0.2559 
   00983    0.6569   -6410.1690  0.2554 
   00984    0.6478   -6237.9497  0.2626 
   00985    0.6653   -6415.4458  0.2598 
   00986    0.6536   -6378.5227  0.2776 
   00987    0.6553   -6286.0551  0.2766 
   00988    0.6469   -6504.6947  0.2728 
   00989    0.6453   -6492.8788  0.2679 
   00990    0.6522   -6445.6153  0.2612 
   00991    0.6525   -6318.2367  0.2586 
   00992    0.6572   -6410.4239  0.2695 
   00993    0.6628   -6460.8021  0.2782 
   00994    0.6686   -6386.0049  0.2865 
   00995    0.6583   -6343.5920  0.2712 
   00996    0.6428   -6493.0016  0.2834 
   00997    0.6486   -6304.6696  0.2924 
   00998    0.6611   -6245.2357  0.2839 
   00999    0.6700   -6187.1896  0.2823 
   01000    0.6486   -6343.0008  0.2825 
