#=====================================================
# File created:        Mon-06-Nov-2023-at-12-34-31PM
# Size of lattice:     60x60
# Number of MC steps:  1000
# Reduced temperature: 0.600
# Run time (s):        15.534288
#=====================================================
# MC step:  Ratio:     Energy:   Order:
#=====================================================
   00000    0.5000   -3403.9307  0.2602 
   00001    0.6972   -5314.5139  0.2526 
   00002    0.6297   -6444.9064  0.2576 
   00003    0.5853   -7167.3603  0.2599 
   00004    0.5592   -7782.2765  0.2615 
   00005    0.5108   -8257.5363  0.2767 
   00006    0.5250   -8660.0986  0.2820 
   00007    0.4986   -8985.5682  0.2772 
   00008    0.4806   -9236.8532  0.2851 
   00009    0.4789   -9386.8622  0.2859 
   00010    0.4758   -9528.8418  0.2878 
   00011    0.4642   -9540.0795  0.2850 
   00012    0.4642   -9707.6605  0.2833 
   00013    0.4625   -9809.5512  0.2859 
   00014    0.4650   -9910.1304  0.2808 
   00015    0.4447  -10045.9571  0.2806 
   00016    0.4589  -10158.4635  0.2819 
   00017    0.4433  -10211.7633  0.2849 
   00018    0.4436  -10286.0582  0.2888 
   00019    0.4569  -10330.2691  0.2891 
   00020    0.4511  -10382.8250  0.2918 
   00021    0.4372  -10489.4407  0.2834 
   00022    0.4408  -10586.5056  0.2825 
   00023    0.4400  -10596.1528  0.2870 
   00024    0.4289  -10571.9495  0.2877 
   00025    0.4314  -10611.4354  0.2872 
   00026    0.4533  -10617.6051  0.2847 
   00027    0.4333  -10657.0293  0.2886 
   00028    0.4375  -10666.3721  0.2825 
   00029    0.4389  -10663.2584  0.2820 
   00030    0.4383  -10725.7100  0.2891 
   00031    0.4342  -10770.3788  0.2902 
   00032    0.4236  -10763.0411  0.2963 
   00033    0.4347  -10813.4172  0.2971 
   00034    0.4344  -10831.4624  0.2970 
   00035    0.4239  -10927.8362  0.2932 
   00036    0.4364  -10930.3479  0.2865 
   00037    0.4358  -10969.5999  0.2817 
   00038    0.4369  -10987.2420  0.2884 
   00039    0.4331  -10976.6203  0.2931 
   00040    0.4217  -11034.8064  0.2963 
   00041    0.4367  -10993.2774  0.2961 
   00042    0.4211  -11021.2320  0.2978 
   00043    0.4356  -11040.5381  0.2972 
   00044    0.4328  -11126.0348  0.2966 
   00045    0.4258  -11068.9616  0.3001 
   00046    0.4244  -11062.2588  0.3137 
   00047    0.4267  -11189.7285  0.3160 
   00048    0.4222  -11196.5378  0.3133 
   00049    0.4292  -11185.6296  0.3161 
   00050    0.4192  -11219.8122  0.3142 
   00051    0.4367  -11142.4588  0.3142 
   00052    0.4239  -11174.6492  0.3167 
   00053    0.4133  -11188.2667  0.3199 
   00054    0.4256  -11198.7791  0.3247 
   00055    0.4383  -11198.1051  0.3222 
   00056    0.4206  -11187.7902  0.3211 
   00057    0.4092  -11209.8612  0.3219 
   00058    0.4261  -11212.8278  0.3188 
   00059    0.4189  -11201.4223  0.3215 
   00060    0.4117  -11192.5200  0.3181 
   00061    0.4122  -11196.5591  0.3193 
   00062    0.4175  -11241.9542  0.3130 
   00063    0.4025  -11334.1241  0.3159 
   00064    0.3953  -11290.6297  0.3204 
   00065    0.4025  -11341.2664  0.3247 
   00066    0.4117  -11287.6643  0.3278 
   00067    0.4089  -11239.0189  0.3253 
   00068    0.4047  -11251.5689  0.3196 
   00069    0.4036  -11235.0425  0.3118 
   00070    0.4169  -11264.5625  0.3104 
   00071    0.4264  -11310.0412  0.3117 
   00072    0.4150  -11308.6035  0.3125 
   00073    0.4064  -11310.5504  0.3091 
   00074    0.4253  -11363.2845  0.3134 
   00075    0.4108  -11377.2852  0.3115 
   00076    0.4161  -11479.8954  0.3109 
   00077    0.4158  -11474.2536  0.3157 
   00078    0.4092  -11470.0512  0.3153 
   00079    0.4072  -11458.6579  0.3219 
   00080    0.4289  -11440.1499  0.3196 
   00081    0.4194  -11381.4410  0.3175 
   00082    0.4153  -11357.3154  0.3087 
   00083    0.4222  -11400.6204  0.3134 
   00084    0.4175  -11413.4161  0.3114 
   00085    0.4078  -11448.6003  0.3124 
   00086    0.4111  -11488.6628  0.3141 
   00087    0.4125  -11489.9555  0.3184 
   00088    0.4128  -11547.0267  0.3220 
   00089    0.4136  -11554.0948  0.3215 
   00090    0.3997  -11553.2952  0.3170 
   00091    0.3958  -11546.9925  0.3196 
   00092    0.4128  -11514.9882  0.3210 
   00093    0.4244  -11479.1838  0.3269 
   00094    0.4175  -11488.9604  0.3252 
   00095    0.4078  -11505.9549  0.3345 
   00096    0.4056  -11528.7283  0.3355 
   00097    0.4058  -11533.6237  0.3337 
   00098    0.3983  -11525.0023  0.3361 
   00099    0.4069  -11564.9887  0.3382 
   00100    0.4089  -11542.4206  0.3379 
   00101    0.4172  -11563.2607  0.3348 
   00102    0.4056  -11536.8694  0.3325 
   00103    0.4139  -11575.6596  0.3325 
   00104    0.4314  -11580.7072  0.3235 
   00105    0.3922  -11563.6413  0.3206 
   00106    0.4014  -11523.6317  0.3153 
   00107    0.4089  -11518.8102  0.3194 
   00108    0.4036  -11581.0479  0.3062 
   00109    0.3844  -11544.6151  0.3115 
   00110    0.4164  -11598.1091  0.3092 
   00111    0.4125  -11633.8444  0.3056 
   00112    0.3939  -11623.4317  0.3047 
   00113    0.4056  -11596.7242  0.3080 
   00114    0.4042  -11540.9450  0.3091 
   00115    0.4058  -11570.9696  0.3129 
   00116    0.4000  -11527.3969  0.3132 
   00117    0.4125  -11435.0709  0.3095 
   00118    0.4083  -11488.4507  0.3110 
   00119    0.4178  -11536.1120  0.3146 
   00120    0.3861  -11494.2888  0.3123 
   00121    0.4139  -11523.7453  0.3173 
   00122    0.4183  -11518.9256  0.3203 
   00123    0.4086  -11601.3793  0.3206 
   00124    0.4072  -11671.9986  0.3229 
   00125    0.4114  -11640.1893  0.3312 
   00126    0.3956  -11615.6700  0.3320 
   00127    0.4167  -11662.3378  0.3339 
   00128    0.4094  -11610.0713  0.3320 
   00129    0.4044  -11643.5332  0.3290 
   00130    0.4106  -11665.4921  0.3292 
   00131    0.3933  -11660.8996  0.3373 
   00132    0.3958  -11650.4897  0.3395 
   00133    0.3950  -11678.5938  0.3393 
   00134    0.4028  -11677.4383  0.3453 
   00135    0.4056  -11685.3560  0.3460 
   00136    0.3853  -11600.9172  0.3488 
   00137    0.4094  -11532.5221  0.3463 
   00138    0.4058  -11545.8698  0.3458 
   00139    0.3992  -11585.7059  0.3530 
   00140    0.4103  -11548.5394  0.3435 
   00141    0.4053  -11564.7935  0.3521 
   00142    0.4075  -11567.4963  0.3519 
   00143    0.4033  -11641.3676  0.3523 
   00144    0.4022  -11624.8445  0.3538 
   00145    0.4069  -11603.7635  0.3528 
   00146    0.4006  -11573.5887  0.3508 
   00147    0.4122  -11582.3224  0.3559 
   00148    0.4078  -11590.1208  0.3553 
   00149    0.4081  -11579.1770  0.3585 
   00150    0.3975  -11573.3401  0.3586 
   00151    0.4042  -11605.1578  0.3536 
   00152    0.3956  -11572.3270  0.3579 
   00153    0.4031  -11555.3073  0.3541 
   00154    0.4081  -11565.6164  0.3592 
   00155    0.4025  -11547.0174  0.3562 
   00156    0.4000  -11533.4725  0.3546 
   00157    0.4144  -11542.7091  0.3549 
   00158    0.4297  -11503.8233  0.3632 
   00159    0.4172  -11524.4163  0.3621 
   00160    0.3953  -11558.3867  0.3639 
   00161    0.4108  -11554.6227  0.3651 
   00162    0.4142  -11507.9647  0.3611 
   00163    0.4011  -11589.9571  0.3635 
   00164    0.4067  -11592.6342  0.3578 
   00165    0.4061  -11633.7570  0.3576 
   00166    0.4153  -11638.5271  0.3549 
   00167    0.4047  -11613.6719  0.3625 
   00168    0.4067  -11558.7984  0.3626 
   00169    0.4139  -11569.1392  0.3640 
   00170    0.3958  -11537.4324  0.3606 
   00171    0.4161  -11557.7865  0.3681 
   00172    0.4044  -11570.6225  0.3737 
   00173    0.4228  -11491.0095  0.3726 
   00174    0.4158  -11423.3138  0.3747 
   00175    0.4081  -11492.6560  0.3727 
   00176    0.4047  -11478.2516  0.3690 
   00177    0.4000  -11476.7444  0.3715 
   00178    0.3989  -11545.2622  0.3677 
   00179    0.3989  -11534.2133  0.3712 
   00180    0.4250  -11542.5675  0.3659 
   00181    0.4025  -11514.1051  0.3635 
   00182    0.4256  -11458.9085  0.3616 
   00183    0.3986  -11465.0696  0.3618 
   00184    0.3900  -11553.0732  0.3657 
   00185    0.4083  -11610.0606  0.3732 
   00186    0.4036  -11638.8941  0.3752 
   00187    0.4142  -11638.9308  0.3719 
   00188    0.4264  -11620.5863  0.3703 
   00189    0.4075  -11591.3940  0.3740 
   00190    0.4108  -11575.7539  0.3741 
   00191    0.4028  -11508.5660  0.3727 
   00192    0.4028  -11485.4643  0.3645 
   00193    0.3989  -11551.1091  0.3661 
   00194    0.4158  -11577.3081  0.3671 
   00195    0.4069  -11677.7655  0.3714 
   00196    0.3961  -11658.7656  0.3718 
   00197    0.3981  -11678.3696  0.3750 
   00198    0.3967  -11604.6097  0.3779 
   00199    0.4114  -11644.3038  0.3768 
   00200    0.4019  -11657.1851  0.3842 
   00201    0.4069  -11609.3791  0.3871 
   00202    0.4047  -11633.5269  0.3890 
   00203    0.3953  -11604.2357  0.3896 
   00204    0.3983  -11605.7078  0.3939 
   00205    0.4125  -11605.3600  0.3949 
   00206    0.4131  -11595.4898  0.3874 
   00207    0.4094  -11582.8316  0.3883 
   00208    0.4122  -11604.1106  0.3889 
   00209    0.3964  -11630.1082  0.3902 
   00210    0.3956  -11586.0370  0.3872 
   00211    0.4158  -11526.8903  0.3878 
   00212    0.4114  -11499.1272  0.3828 
   00213    0.4186  -11511.3934  0.3821 
   00214    0.4192  -11515.1134  0.3799 
   00215    0.4225  -11591.6088  0.3863 
   00216    0.4058  -11492.5910  0.3813 
   00217    0.3989  -11558.0255  0.3840 
   00218    0.4000  -11598.1231  0.3940 
   00219    0.4150  -11494.8033  0.3932 
   00220    0.4144  -11503.9606  0.3917 
   00221    0.4050  -11568.1861  0.3907 
   00222    0.4108  -11604.7052  0.3908 
   00223    0.4017  -11686.0580  0.4015 
   00224    0.4031  -11622.3724  0.4015 
   00225    0.4022  -11622.9370  0.4020 
   00226    0.4136  -11605.3866  0.4060 
   00227    0.3947  -11617.8164  0.4094 
   00228    0.4067  -11660.4573  0.4087 
   00229    0.3961  -11605.7106  0.4077 
   00230    0.4139  -11645.5092  0.4029 
   00231    0.4094  -11662.4790  0.4095 
   00232    0.3981  -11701.7453  0.4037 
   00233    0.4075  -11631.9506  0.4092 
   00234    0.3944  -11671.6879  0.4039 
   00235    0.3928  -11618.1893  0.4029 
   00236    0.4031  -11554.4222  0.4078 
   00237    0.4181  -11588.3064  0.4088 
   00238    0.4017  -11601.6426  0.4070 
   00239    0.4069  -11569.1814  0.4076 
   00240    0.3961  -11635.2072  0.4105 
   00241    0.4083  -11638.1457  0.4085 
   00242    0.4114  -11588.2838  0.4054 
   00243    0.4094  -11564.6171  0.4071 
   00244    0.4161  -11606.4325  0.4155 
   00245    0.4000  -11643.6402  0.4151 
   00246    0.3911  -11655.9182  0.4101 
   00247    0.3958  -11685.1960  0.4134 
   00248    0.3961  -11615.7393  0.4139 
   00249    0.4094  -11629.4243  0.4115 
   00250    0.3983  -11586.3801  0.4126 
   00251    0.4083  -11607.0291  0.4116 
   00252    0.4036  -11658.1076  0.4142 
   00253    0.3989  -11650.2969  0.4185 
   00254    0.4078  -11664.7927  0.4154 
   00255    0.4019  -11689.1338  0.4135 
   00256    0.3992  -11693.6881  0.4218 
   00257    0.4119  -11707.1830  0.4263 
   00258    0.3972  -11683.2618  0.4285 
   00259    0.4225  -11698.4383  0.4270 
   00260    0.4200  -11712.9814  0.4245 
   00261    0.4075  -11700.2418  0.4253 
   00262    0.4097  -11674.8349  0.4277 
   00263    0.3889  -11676.3240  0.4268 
   00264    0.4006  -11657.0539  0.4281 
   00265    0.4006  -11686.2251  0.4301 
   00266    0.4031  -11702.9586  0.4281 
   00267    0.4025  -11648.3195  0.4361 
   00268    0.4044  -11655.0409  0.4403 
   00269    0.4072  -11685.9927  0.4419 
   00270    0.3881  -11666.1902  0.4378 
   00271    0.3831  -11671.3741  0.4358 
   00272    0.4208  -11649.2563  0.4381 
   00273    0.4053  -11703.4650  0.4403 
   00274    0.4117  -11662.3515  0.4389 
   00275    0.3942  -11602.2898  0.4384 
   00276    0.4072  -11621.8394  0.4400 
   00277    0.4075  -11575.8178  0.4475 
   00278    0.3994  -11627.8102  0.4493 
   00279    0.4133  -11698.3687  0.4430 
   00280    0.4050  -11727.7871  0.4423 
   00281    0.4094  -11703.5391  0.4434 
   00282    0.4125  -11710.7844  0.4509 
   00283    0.4022  -11800.3437  0.4486 
   00284    0.4000  -11755.7730  0.4490 
   00285    0.4031  -11663.1566  0.4439 
   00286    0.4225  -11629.3259  0.4450 
   00287    0.4144  -11658.4190  0.4359 
   00288    0.4006  -11670.2596  0.4355 
   00289    0.3986  -11619.2732  0.4335 
   00290    0.4047  -11646.9551  0.4344 
   00291    0.4042  -11650.9335  0.4330 
   00292    0.4017  -11696.1907  0.4351 
   00293    0.3944  -11695.3322  0.4355 
   00294    0.4094  -11692.6838  0.4272 
   00295    0.3956  -11743.4467  0.4264 
   00296    0.4108  -11732.3764  0.4249 
   00297    0.4006  -11645.4542  0.4241 
   00298    0.4033  -11618.9330  0.4220 
   00299    0.4033  -11583.9445  0.4203 
   00300    0.4044  -11567.9744  0.4207 
   00301    0.4142  -11642.7469  0.4257 
   00302    0.4069  -11569.7824  0.4229 
   00303    0.3903  -11535.0265  0.4248 
   00304    0.4111  -11635.5352  0.4269 
   00305    0.4042  -11635.2568  0.4258 
   00306    0.4058  -11615.9439  0.4236 
   00307    0.4086  -11633.8964  0.4249 
   00308    0.4053  -11595.5921  0.4358 
   00309    0.4106  -11675.2223  0.4329 
   00310    0.4025  -11662.9866  0.4309 
   00311    0.4089  -11664.6383  0.4370 
   00312    0.4133  -11642.2743  0.4314 
   00313    0.4067  -11674.5748  0.4369 
   00314    0.3978  -11696.3003  0.4426 
   00315    0.4111  -11700.1119  0.4442 
   00316    0.4017  -11670.5059  0.4475 
   00317    0.3964  -11703.5601  0.4470 
   00318    0.4078  -11681.0548  0.4462 
   00319    0.4322  -11607.9748  0.4492 
   00320    0.4153  -11508.5098  0.4408 
   00321    0.4058  -11517.0433  0.4403 
   00322    0.3994  -11594.8829  0.4407 
   00323    0.4075  -11610.6983  0.4426 
   00324    0.3989  -11686.8911  0.4480 
   00325    0.4047  -11697.7660  0.4532 
   00326    0.3975  -11723.7329  0.4488 
   00327    0.4067  -11722.2627  0.4470 
   00328    0.3975  -11663.4440  0.4436 
   00329    0.4092  -11659.0623  0.4450 
   00330    0.3981  -11693.1511  0.4408 
   00331    0.4033  -11646.6424  0.4367 
   00332    0.3964  -11608.3302  0.4375 
   00333    0.3978  -11626.3968  0.4452 
   00334    0.4269  -11634.2923  0.4507 
   00335    0.4186  -11627.2946  0.4461 
   00336    0.3950  -11644.9945  0.4486 
   00337    0.4192  -11708.4015  0.4472 
   00338    0.4069  -11760.0598  0.4485 
   00339    0.4133  -11703.3411  0.4509 
   00340    0.3972  -11774.8126  0.4512 
   00341    0.4153  -11782.7399  0.4530 
   00342    0.4014  -11772.5912  0.4546 
   00343    0.3978  -11717.1369  0.4539 
   00344    0.4028  -11645.5364  0.4505 
   00345    0.4044  -11607.3352  0.4453 
   00346    0.4139  -11754.5290  0.4454 
   00347    0.3894  -11711.0053  0.4391 
   00348    0.4094  -11682.9239  0.4390 
   00349    0.4119  -11585.8526  0.4448 
   00350    0.3981  -11680.9750  0.4457 
   00351    0.4033  -11682.8144  0.4458 
   00352    0.4092  -11568.8914  0.4478 
   00353    0.4161  -11581.5417  0.4461 
   00354    0.3978  -11603.0690  0.4439 
   00355    0.4100  -11586.9843  0.4482 
   00356    0.4164  -11606.0961  0.4544 
   00357    0.4139  -11674.7302  0.4544 
   00358    0.4039  -11678.8929  0.4550 
   00359    0.4103  -11616.7195  0.4621 
   00360    0.4169  -11615.8002  0.4609 
   00361    0.4156  -11718.3324  0.4623 
   00362    0.4100  -11767.6363  0.4675 
   00363    0.3917  -11667.8252  0.4687 
   00364    0.4142  -11677.6823  0.4728 
   00365    0.4169  -11678.6195  0.4647 
   00366    0.4078  -11657.1711  0.4629 
   00367    0.3969  -11687.2966  0.4596 
   00368    0.3883  -11699.1290  0.4617 
   00369    0.4167  -11715.4615  0.4641 
   00370    0.4092  -11628.8095  0.4631 
   00371    0.4053  -11592.5022  0.4702 
   00372    0.4100  -11626.0843  0.4700 
   00373    0.4139  -11608.3229  0.4721 
   00374    0.4142  -11701.1917  0.4725 
   00375    0.4069  -11707.3249  0.4728 
   00376    0.3958  -11722.7362  0.4773 
   00377    0.3956  -11743.6475  0.4711 
   00378    0.4150  -11706.6148  0.4730 
   00379    0.4028  -11704.4336  0.4714 
   00380    0.4225  -11713.9165  0.4779 
   00381    0.3986  -11705.6931  0.4762 
   00382    0.4136  -11712.2846  0.4736 
   00383    0.4039  -11714.4678  0.4736 
   00384    0.3925  -11676.0512  0.4725 
   00385    0.4125  -11581.6924  0.4709 
   00386    0.4078  -11617.5930  0.4744 
   00387    0.3944  -11664.3301  0.4784 
   00388    0.4044  -11669.8256  0.4751 
   00389    0.3986  -11663.3341  0.4752 
   00390    0.4086  -11614.0611  0.4755 
   00391    0.4161  -11611.2511  0.4724 
   00392    0.4181  -11620.1776  0.4749 
   00393    0.4042  -11629.0004  0.4756 
   00394    0.4114  -11696.4318  0.4766 
   00395    0.4086  -11697.6489  0.4759 
   00396    0.4142  -11735.2061  0.4690 
   00397    0.3944  -11632.7276  0.4692 
   00398    0.4164  -11597.6842  0.4719 
   00399    0.3986  -11573.8356  0.4750 
   00400    0.3994  -11596.3180  0.4766 
   00401    0.4083  -11624.5466  0.4838 
   00402    0.3992  -11586.3761  0.4853 
   00403    0.4008  -11549.0915  0.4786 
   00404    0.4003  -11511.3772  0.4783 
   00405    0.4136  -11494.6096  0.4783 
   00406    0.4081  -11546.6479  0.4791 
   00407    0.4053  -11550.0879  0.4845 
   00408    0.4050  -11552.7372  0.4837 
   00409    0.4067  -11488.4771  0.4809 
   00410    0.4083  -11522.9494  0.4849 
   00411    0.4053  -11499.3552  0.4814 
   00412    0.4086  -11544.0889  0.4860 
   00413    0.4078  -11466.0052  0.4885 
   00414    0.4017  -11507.3250  0.4878 
   00415    0.4203  -11468.7702  0.4814 
   00416    0.3906  -11552.9399  0.4818 
   00417    0.4119  -11453.6486  0.4733 
   00418    0.4128  -11522.7831  0.4716 
   00419    0.4019  -11541.3837  0.4742 
   00420    0.4022  -11616.9485  0.4761 
   00421    0.4014  -11658.1854  0.4717 
   00422    0.4047  -11644.2518  0.4718 
   00423    0.3989  -11664.6120  0.4747 
   00424    0.4106  -11674.1015  0.4743 
   00425    0.4069  -11659.5463  0.4782 
   00426    0.4186  -11650.4543  0.4726 
   00427    0.4003  -11624.2886  0.4792 
   00428    0.4100  -11575.6028  0.4739 
   00429    0.4203  -11601.0312  0.4781 
   00430    0.4183  -11565.3177  0.4814 
   00431    0.3872  -11599.6149  0.4830 
   00432    0.4047  -11600.5622  0.4825 
   00433    0.4006  -11607.2258  0.4816 
   00434    0.4072  -11597.6473  0.4828 
   00435    0.3986  -11598.1500  0.4802 
   00436    0.3992  -11612.7842  0.4803 
   00437    0.4047  -11546.9094  0.4840 
   00438    0.4025  -11595.2828  0.4928 
   00439    0.4131  -11632.0868  0.4934 
   00440    0.4267  -11628.8816  0.4979 
   00441    0.4119  -11636.2935  0.5037 
   00442    0.4089  -11628.0778  0.5019 
   00443    0.4006  -11623.0869  0.5075 
   00444    0.4047  -11643.7466  0.5062 
   00445    0.4103  -11614.0665  0.5101 
   00446    0.4053  -11662.6942  0.5109 
   00447    0.4122  -11628.9263  0.5115 
   00448    0.4108  -11624.0189  0.5119 
   00449    0.4011  -11715.4475  0.5125 
   00450    0.4139  -11655.9559  0.5170 
   00451    0.3986  -11650.1017  0.5173 
   00452    0.4119  -11702.5136  0.5151 
   00453    0.4008  -11776.7119  0.5183 
   00454    0.4025  -11707.3144  0.5152 
   00455    0.4075  -11672.7199  0.5217 
   00456    0.4019  -11714.5037  0.5230 
   00457    0.3950  -11730.4471  0.5221 
   00458    0.3967  -11691.4269  0.5257 
   00459    0.4047  -11691.9523  0.5293 
   00460    0.3797  -11695.3250  0.5288 
   00461    0.3992  -11643.2153  0.5271 
   00462    0.3989  -11599.1286  0.5274 
   00463    0.3942  -11606.8675  0.5260 
   00464    0.3958  -11593.2908  0.5262 
   00465    0.4069  -11585.6181  0.5280 
   00466    0.4133  -11561.3945  0.5304 
   00467    0.4081  -11581.6677  0.5369 
   00468    0.4125  -11513.8786  0.5340 
   00469    0.4103  -11547.3875  0.5350 
   00470    0.4186  -11500.8091  0.5381 
   00471    0.4286  -11546.2042  0.5403 
   00472    0.4219  -11622.2992  0.5455 
   00473    0.3983  -11681.1426  0.5464 
   00474    0.3983  -11671.1020  0.5420 
   00475    0.4044  -11640.6726  0.5466 
   00476    0.4128  -11676.2797  0.5447 
   00477    0.4036  -11709.5304  0.5451 
   00478    0.4017  -11719.2143  0.5464 
   00479    0.4058  -11795.9818  0.5573 
   00480    0.3997  -11812.0885  0.5557 
   00481    0.4097  -11737.4860  0.5584 
   00482    0.4025  -11769.1700  0.5602 
   00483    0.3978  -11743.0440  0.5575 
   00484    0.3994  -11727.0417  0.5644 
   00485    0.4092  -11758.1765  0.5671 
   00486    0.4056  -11759.8037  0.5676 
   00487    0.4097  -11744.1571  0.5699 
   00488    0.3997  -11651.0165  0.5725 
   00489    0.3961  -11655.4621  0.5680 
   00490    0.4175  -11684.3402  0.5735 
   00491    0.4019  -11686.3957  0.5729 
   00492    0.4108  -11764.0952  0.5728 
   00493    0.4022  -11716.9990  0.5774 
   00494    0.4169  -11685.6785  0.5773 
   00495    0.4006  -11692.4851  0.5799 
   00496    0.3894  -11723.3448  0.5793 
   00497    0.4122  -11809.3529  0.5756 
   00498    0.3969  -11719.6801  0.5724 
   00499    0.4092  -11741.3448  0.5763 
   00500    0.4275  -11685.8218  0.5761 
   00501    0.3981  -11776.2082  0.5771 
   00502    0.4097  -11787.4789  0.5777 
   00503    0.4111  -11815.3477  0.5767 
   00504    0.3986  -11795.0175  0.5731 
   00505    0.3914  -11815.0793  0.5731 
   00506    0.4100  -11784.1465  0.5713 
   00507    0.4133  -11721.0822  0.5640 
   00508    0.4136  -11682.6271  0.5587 
   00509    0.4039  -11696.2698  0.5594 
   00510    0.4025  -11735.9512  0.5582 
   00511    0.4083  -11741.1804  0.5659 
   00512    0.4017  -11664.9379  0.5633 
   00513    0.3975  -11640.5664  0.5656 
   00514    0.4131  -11666.3316  0.5663 
   00515    0.4053  -11733.7490  0.5697 
   00516    0.4186  -11734.7255  0.5746 
   00517    0.4072  -11757.3355  0.5763 
   00518    0.4169  -11756.1397  0.5759 
   00519    0.4003  -11735.3024  0.5749 
   00520    0.4125  -11787.6720  0.5789 
   00521    0.4047  -11687.8862  0.5732 
   00522    0.4119  -11706.1230  0.5721 
   00523    0.3994  -11724.4726  0.5751 
   00524    0.3894  -11676.7208  0.5731 
   00525    0.3997  -11691.0314  0.5708 
   00526    0.4033  -11661.0909  0.5730 
   00527    0.3986  -11709.9694  0.5752 
   00528    0.4108  -11657.2508  0.5756 
   00529    0.4203  -11673.5856  0.5797 
   00530    0.4050  -11715.5225  0.5846 
   00531    0.4006  -11685.3992  0.5834 
   00532    0.3914  -11744.6390  0.5837 
   00533    0.3947  -11720.5777  0.5867 
   00534    0.3811  -11730.2618  0.5824 
   00535    0.4036  -11670.9669  0.5847 
   00536    0.4111  -11666.2144  0.5841 
   00537    0.4017  -11667.0217  0.5838 
   00538    0.4231  -11623.6227  0.5772 
   00539    0.4258  -11580.7403  0.5762 
   00540    0.4111  -11585.5227  0.5825 
   00541    0.4119  -11609.9515  0.5852 
   00542    0.4256  -11712.3431  0.5850 
   00543    0.4250  -11781.7849  0.5828 
   00544    0.3956  -11810.5504  0.5820 
   00545    0.3925  -11784.6162  0.5819 
   00546    0.3994  -11684.4516  0.5840 
   00547    0.4072  -11672.4505  0.5816 
   00548    0.4011  -11689.9882  0.5895 
   00549    0.3986  -11752.6074  0.5889 
   00550    0.4042  -11748.2932  0.5903 
   00551    0.4050  -11749.6546  0.5907 
   00552    0.4053  -11719.5452  0.5832 
   00553    0.4136  -11817.5409  0.5911 
   00554    0.4044  -11756.7289  0.5930 
   00555    0.3956  -11788.6475  0.5914 
   00556    0.4022  -11733.1632  0.5886 
   00557    0.3986  -11661.7967  0.5815 
   00558    0.3964  -11674.9143  0.5876 
   00559    0.4033  -11654.8100  0.5910 
   00560    0.4167  -11696.4207  0.5882 
   00561    0.3986  -11745.9418  0.5948 
   00562    0.4164  -11800.2811  0.5969 
   00563    0.3911  -11761.8158  0.5924 
   00564    0.3911  -11738.9986  0.5949 
   00565    0.4042  -11684.6721  0.5957 
   00566    0.3961  -11746.1352  0.5957 
   00567    0.4025  -11760.4520  0.5976 
   00568    0.4086  -11741.6740  0.6009 
   00569    0.4089  -11749.9072  0.6016 
   00570    0.3958  -11778.4753  0.6015 
   00571    0.3964  -11762.3575  0.6073 
   00572    0.3967  -11742.3137  0.6037 
   00573    0.3983  -11737.3202  0.6064 
   00574    0.3953  -11675.3492  0.6066 
   00575    0.3994  -11704.5140  0.6096 
   00576    0.3864  -11776.2897  0.6059 
   00577    0.3903  -11797.5855  0.6089 
   00578    0.4131  -11747.0749  0.6061 
   00579    0.4100  -11765.4385  0.6070 
   00580    0.4178  -11719.2352  0.6031 
   00581    0.4103  -11675.1192  0.5969 
   00582    0.3903  -11664.6478  0.5906 
   00583    0.4147  -11724.0220  0.5911 
   00584    0.3992  -11765.3327  0.5933 
   00585    0.4042  -11778.2260  0.5918 
   00586    0.3969  -11814.6468  0.5948 
   00587    0.4083  -11779.4888  0.5936 
   00588    0.4047  -11799.8455  0.5929 
   00589    0.3917  -11798.1204  0.5985 
   00590    0.4100  -11754.1271  0.5964 
   00591    0.3867  -11725.7787  0.5966 
   00592    0.3939  -11758.6736  0.5939 
   00593    0.4008  -11742.6086  0.5956 
   00594    0.4042  -11752.7510  0.5982 
   00595    0.4172  -11769.7876  0.6025 
   00596    0.4047  -11818.7973  0.6085 
   00597    0.4078  -11778.8316  0.6113 
   00598    0.4158  -11827.1465  0.6198 
   00599    0.3828  -11812.0342  0.6168 
   00600    0.4025  -11788.3503  0.6100 
   00601    0.4042  -11796.1862  0.6085 
   00602    0.4111  -11700.3665  0.6070 
   00603    0.4031  -11802.8869  0.6069 
   00604    0.4086  -11806.7710  0.6092 
   00605    0.3983  -11829.7913  0.6101 
   00606    0.4022  -11754.0676  0.6069 
   00607    0.4042  -11788.8614  0.6024 
   00608    0.3986  -11701.6527  0.6012 
   00609    0.4081  -11791.8011  0.6024 
   00610    0.3914  -11799.9427  0.6052 
   00611    0.3936  -11808.9822  0.6049 
   00612    0.3992  -11785.1933  0.6107 
   00613    0.4036  -11772.0021  0.6089 
   00614    0.4036  -11815.3593  0.6122 
   00615    0.3956  -11807.5612  0.6152 
   00616    0.3964  -11735.2557  0.6132 
   00617    0.3944  -11722.6343  0.6143 
   00618    0.4017  -11747.2458  0.6138 
   00619    0.4017  -11757.0997  0.6153 
   00620    0.4067  -11757.5125  0.6142 
   00621    0.4117  -11738.6672  0.6187 
   00622    0.4053  -11736.0703  0.6200 
   00623    0.4069  -11731.1403  0.6215 
   00624    0.4028  -11746.5627  0.6232 
   00625    0.4161  -11677.6340  0.6221 
   00626    0.4036  -11675.9889  0.6229 
   00627    0.4125  -11683.9248  0.6247 
   00628    0.4097  -11678.9712  0.6278 
   00629    0.3944  -11670.9083  0.6256 
   00630    0.3972  -11671.9346  0.6186 
   00631    0.4072  -11719.0050  0.6201 
   00632    0.3997  -11740.6499  0.6187 
   00633    0.3922  -11755.7936  0.6166 
   00634    0.4147  -11705.9234  0.6130 
   00635    0.4022  -11725.2282  0.6130 
   00636    0.4067  -11737.1715  0.6093 
   00637    0.4097  -11662.5835  0.6060 
   00638    0.4142  -11674.3022  0.5989 
   00639    0.3969  -11639.9535  0.6013 
   00640    0.4011  -11642.0947  0.6062 
   00641    0.3994  -11645.2222  0.6062 
   00642    0.3906  -11634.4012  0.6087 
   00643    0.4089  -11679.4874  0.6070 
   00644    0.4017  -11690.7383  0.5991 
   00645    0.3989  -11725.6080  0.6046 
   00646    0.3942  -11765.3137  0.6028 
   00647    0.3933  -11771.6858  0.6024 
   00648    0.4064  -11731.6573  0.6003 
   00649    0.3906  -11743.4027  0.6018 
   00650    0.4122  -11764.7298  0.6048 
   00651    0.3953  -11701.8601  0.6024 
   00652    0.3958  -11697.9577  0.6018 
   00653    0.3944  -11779.4123  0.6067 
   00654    0.4050  -11732.7173  0.6029 
   00655    0.4114  -11776.7535  0.6020 
   00656    0.3908  -11788.5473  0.6013 
   00657    0.3958  -11812.8532  0.6045 
   00658    0.4131  -11852.1335  0.6060 
   00659    0.3981  -11831.5546  0.6068 
   00660    0.3972  -11810.5440  0.6039 
   00661    0.3992  -11808.7302  0.5985 
   00662    0.4000  -11770.1866  0.5982 
   00663    0.4000  -11713.9619  0.5917 
   00664    0.4019  -11728.3010  0.5921 
   00665    0.4028  -11720.8835  0.5938 
   00666    0.4000  -11711.5408  0.5985 
   00667    0.3942  -11737.7682  0.6029 
   00668    0.3975  -11768.5583  0.6092 
   00669    0.4186  -11779.5869  0.6096 
   00670    0.3842  -11836.0861  0.6091 
   00671    0.3975  -11863.1373  0.6062 
   00672    0.4111  -11842.0495  0.6004 
   00673    0.3922  -11787.5148  0.5997 
   00674    0.3908  -11762.4481  0.5955 
   00675    0.3903  -11762.8315  0.6005 
   00676    0.3917  -11830.4821  0.6071 
   00677    0.4128  -11802.6508  0.6084 
   00678    0.3925  -11766.5725  0.6115 
   00679    0.4111  -11777.9993  0.6068 
   00680    0.4081  -11805.7500  0.6085 
   00681    0.4050  -11880.1062  0.6171 
   00682    0.3903  -11823.9136  0.6181 
   00683    0.3861  -11790.9059  0.6165 
   00684    0.3933  -11775.6252  0.6212 
   00685    0.4039  -11789.2831  0.6280 
   00686    0.3953  -11828.6680  0.6300 
   00687    0.4008  -11850.5713  0.6256 
   00688    0.3997  -11889.4662  0.6254 
   00689    0.4114  -11846.2771  0.6265 
   00690    0.4031  -11786.3940  0.6249 
   00691    0.3942  -11734.3142  0.6200 
   00692    0.4092  -11799.1928  0.6272 
   00693    0.3889  -11839.6462  0.6280 
   00694    0.4103  -11874.0219  0.6275 
   00695    0.3961  -11836.3307  0.6303 
   00696    0.3969  -11836.0185  0.6267 
   00697    0.3997  -11757.1561  0.6230 
   00698    0.3969  -11747.1266  0.6288 
   00699    0.4022  -11699.4888  0.6306 
   00700    0.4069  -11717.6912  0.6254 
   00701    0.3881  -11749.4165  0.6316 
   00702    0.3986  -11763.9316  0.6306 
   00703    0.3981  -11739.7850  0.6279 
   00704    0.4181  -11766.4240  0.6289 
   00705    0.3958  -11766.1269  0.6227 
   00706    0.4050  -11756.9626  0.6183 
   00707    0.3906  -11788.0273  0.6204 
   00708    0.4097  -11750.3906  0.6185 
   00709    0.4006  -11806.2614  0.6222 
   00710    0.3969  -11756.2991  0.6229 
   00711    0.4019  -11682.5729  0.6188 
   00712    0.3911  -11784.3362  0.6218 
   00713    0.3953  -11775.1163  0.6232 
   00714    0.4089  -11720.3767  0.6145 
   00715    0.4072  -11743.1333  0.6140 
   00716    0.3961  -11692.3488  0.6068 
   00717    0.3919  -11689.7330  0.6107 
   00718    0.3958  -11730.1341  0.6096 
   00719    0.3992  -11717.3409  0.6130 
   00720    0.3978  -11675.1449  0.6096 
   00721    0.4139  -11757.4354  0.6088 
   00722    0.4047  -11846.3063  0.6179 
   00723    0.3969  -11818.7274  0.6138 
   00724    0.4064  -11832.0691  0.6126 
   00725    0.3889  -11818.6511  0.6144 
   00726    0.4097  -11782.4421  0.6163 
   00727    0.4069  -11797.0268  0.6152 
   00728    0.4106  -11752.6458  0.6084 
   00729    0.3992  -11709.4762  0.6025 
   00730    0.3906  -11750.4133  0.5987 
   00731    0.3986  -11767.7688  0.5997 
   00732    0.4169  -11742.2364  0.6045 
   00733    0.4097  -11795.1665  0.6076 
   00734    0.3942  -11823.3114  0.6106 
   00735    0.4094  -11815.6279  0.6100 
   00736    0.3808  -11883.5847  0.6111 
   00737    0.3947  -11834.1589  0.6077 
   00738    0.4106  -11816.1645  0.6064 
   00739    0.4097  -11858.7621  0.6088 
   00740    0.4050  -11876.3931  0.6089 
   00741    0.4036  -11861.1029  0.6107 
   00742    0.3997  -11821.8852  0.5977 
   00743    0.4125  -11799.7185  0.5935 
   00744    0.3961  -11818.8971  0.5931 
   00745    0.4086  -11744.7799  0.5920 
   00746    0.3967  -11799.1040  0.5928 
   00747    0.4219  -11801.4329  0.5978 
   00748    0.3969  -11813.8312  0.5993 
   00749    0.3828  -11813.6145  0.6019 
   00750    0.4108  -11788.3530  0.6003 
   00751    0.4036  -11807.5201  0.5934 
   00752    0.4008  -11855.9560  0.6010 
   00753    0.4094  -11806.9498  0.5940 
   00754    0.4092  -11741.4236  0.5944 
   00755    0.3928  -11763.5299  0.5932 
   00756    0.4075  -11763.6935  0.5903 
   00757    0.3997  -11771.2641  0.5939 
   00758    0.4031  -11836.5205  0.5954 
   00759    0.3986  -11795.7332  0.5982 
   00760    0.3906  -11817.2572  0.5985 
   00761    0.4103  -11798.8219  0.5977 
   00762    0.4044  -11836.4985  0.5990 
   00763    0.3900  -11915.2885  0.6000 
   00764    0.3964  -11849.8249  0.6064 
   00765    0.3903  -11874.7970  0.6059 
   00766    0.4189  -11872.0585  0.6108 
   00767    0.3853  -11808.2692  0.6127 
   00768    0.4111  -11792.1391  0.6144 
   00769    0.3908  -11833.8397  0.6108 
   00770    0.4142  -11752.6694  0.6109 
   00771    0.3969  -11754.3052  0.6091 
   00772    0.3906  -11754.4856  0.6101 
   00773    0.3992  -11711.9452  0.6058 
   00774    0.4039  -11725.4331  0.6101 
   00775    0.4089  -11667.5717  0.6104 
   00776    0.3933  -11736.0212  0.6121 
   00777    0.4139  -11698.9486  0.6072 
   00778    0.4044  -11741.9651  0.6112 
   00779    0.3914  -11793.5207  0.6062 
   00780    0.3961  -11840.8737  0.6051 
   00781    0.4022  -11758.6744  0.6018 
   00782    0.3881  -11810.7672  0.6039 
   00783    0.3900  -11880.9066  0.5962 
   00784    0.4056  -11831.4501  0.5978 
   00785    0.4033  -11809.6638  0.5984 
   00786    0.3933  -11808.7105  0.5934 
   00787    0.4000  -11819.0905  0.5964 
   00788    0.3978  -11780.6878  0.5909 
   00789    0.4061  -11802.6444  0.5905 
   00790    0.3925  -11799.5241  0.5861 
   00791    0.3950  -11787.4966  0.5871 
   00792    0.4122  -11767.3210  0.5841 
   00793    0.4106  -11741.9219  0.5820 
   00794    0.3992  -11690.4975  0.5785 
   00795    0.3986  -11650.4664  0.5755 
   00796    0.3850  -11706.3797  0.5753 
   00797    0.3986  -11675.4077  0.5706 
   00798    0.3947  -11700.6136  0.5758 
   00799    0.4053  -11745.9891  0.5779 
   00800    0.3964  -11798.5524  0.5770 
   00801    0.4142  -11793.2274  0.5780 
   00802    0.3964  -11743.2752  0.5811 
   00803    0.4014  -11781.8992  0.5832 
   00804    0.4119  -11792.2842  0.5819 
   00805    0.4022  -11797.5220  0.5806 
   00806    0.4150  -11813.4470  0.5862 
   00807    0.4042  -11753.0176  0.5822 
   00808    0.3917  -11760.2552  0.5817 
   00809    0.4067  -11781.2978  0.5858 
   00810    0.3947  -11811.5552  0.5860 
   00811    0.4022  -11797.7821  0.5842 
   00812    0.4053  -11769.1950  0.5875 
   00813    0.4044  -11801.4077  0.5918 
   00814    0.4039  -11788.8665  0.5854 
   00815    0.4028  -11723.2401  0.5803 
   00816    0.4053  -11715.8696  0.5873 
   00817    0.4114  -11669.0690  0.5855 
   00818    0.4078  -11733.7320  0.5913 
   00819    0.3939  -11721.5048  0.5963 
   00820    0.3906  -11760.2044  0.5984 
   00821    0.3906  -11818.1769  0.6013 
   00822    0.3931  -11784.0102  0.5979 
   00823    0.3894  -11821.9687  0.5978 
   00824    0.3975  -11766.7070  0.6005 
   00825    0.4028  -11763.9367  0.6009 
   00826    0.4022  -11768.5625  0.5978 
   00827    0.4111  -11751.9017  0.5974 
   00828    0.3881  -11845.1345  0.6012 
   00829    0.4008  -11807.5381  0.6038 
   00830    0.3925  -11802.8188  0.6014 
   00831    0.4000  -11789.0243  0.6046 
   00832    0.4058  -11826.7983  0.6055 
   00833    0.3925  -11850.2144  0.6064 
   00834    0.3933  -11790.9598  0.6037 
   00835    0.3953  -11871.6985  0.6054 
   00836    0.4097  -11772.9875  0.5976 
   00837    0.4097  -11795.0268  0.5994 
   00838    0.3989  -11817.7266  0.6006 
   00839    0.3842  -11868.3009  0.6011 
   00840    0.3919  -11833.2902  0.5948 
   00841    0.3819  -11811.5218  0.5915 
   00842    0.3944  -11876.7492  0.5890 
   00843    0.3978  -11877.8175  0.5864 
   00844    0.3917  -11813.7916  0.5875 
   00845    0.4000  -11841.6192  0.5871 
   00846    0.4114  -11797.0642  0.5848 
   00847    0.4000  -11772.2707  0.5840 
   00848    0.3922  -11761.4870  0.5894 
   00849    0.4014  -11801.5375  0.5876 
   00850    0.4058  -11798.3789  0.5859 
   00851    0.3986  -11795.7220  0.5896 
   00852    0.3950  -11791.3245  0.5855 
   00853    0.4008  -11780.4735  0.5825 
   00854    0.4094  -11733.7245  0.5806 
   00855    0.3981  -11779.4065  0.5782 
   00856    0.3992  -11777.4564  0.5781 
   00857    0.4033  -11742.5210  0.5774 
   00858    0.4000  -11742.6043  0.5777 
   00859    0.4008  -11761.4448  0.5760 
   00860    0.4108  -11792.9343  0.5760 
   00861    0.3989  -11767.5678  0.5771 
   00862    0.4106  -11761.3153  0.5755 
   00863    0.3964  -11786.8644  0.5753 
   00864    0.4067  -11725.8540  0.5822 
   00865    0.4039  -11834.2621  0.5875 
   00866    0.3978  -11798.0110  0.5861 
   00867    0.4022  -11693.4255  0.5817 
   00868    0.3889  -11733.5837  0.5821 
   00869    0.3939  -11792.3784  0.5863 
   00870    0.3978  -11787.3033  0.5914 
   00871    0.4086  -11852.8104  0.5975 
   00872    0.4044  -11841.3803  0.5985 
   00873    0.4039  -11831.5581  0.6053 
   00874    0.4019  -11798.7441  0.6067 
   00875    0.4028  -11776.1505  0.6105 
   00876    0.3981  -11874.7739  0.6109 
   00877    0.3997  -11863.9786  0.6127 
   00878    0.4003  -11800.7250  0.6100 
   00879    0.3892  -11829.8461  0.6081 
   00880    0.3958  -11812.4758  0.6059 
   00881    0.4019  -11788.1627  0.6048 
   00882    0.3892  -11761.9833  0.5998 
   00883    0.3883  -11804.3129  0.6026 
   00884    0.4131  -11818.4674  0.6064 
   00885    0.4011  -11856.3678  0.6093 
   00886    0.4111  -11824.7999  0.6065 
   00887    0.4181  -11827.9447  0.6019 
   00888    0.4011  -11888.0426  0.6057 
   00889    0.3989  -11889.7623  0.6048 
   00890    0.4028  -11830.2477  0.6033 
   00891    0.4128  -11782.9354  0.5988 
   00892    0.3975  -11825.4414  0.5959 
   00893    0.4114  -11816.6878  0.6011 
   00894    0.4008  -11875.4608  0.6031 
   00895    0.4086  -11866.4985  0.6065 
   00896    0.3936  -11852.3112  0.5991 
   00897    0.4083  -11903.0836  0.6013 
   00898    0.4186  -11852.2253  0.6010 
   00899    0.4017  -11898.3561  0.6056 
   00900    0.4056  -11884.7771  0.6009 
   00901    0.3814  -11825.2122  0.5969 
   00902    0.4008  -11813.3312  0.5983 
   00903    0.3842  -11813.8046  0.6021 
   00904    0.3922  -11780.5052  0.6038 
   00905    0.4106  -11813.0150  0.6065 
   00906    0.4131  -11833.3627  0.6098 
   00907    0.3989  -11858.5387  0.6117 
   00908    0.4031  -11811.9247  0.6148 
   00909    0.3922  -11790.5430  0.6124 
   00910    0.4125  -11797.0752  0.6112 
   00911    0.4083  -11776.9799  0.6131 
   00912    0.4233  -11793.2381  0.6135 
   00913    0.3939  -11875.8835  0.6202 
   00914    0.3881  -11907.2215  0.6225 
   00915    0.3900  -11920.0070  0.6270 
   00916    0.4100  -11870.2599  0.6307 
   00917    0.4042  -11878.6356  0.6295 
   00918    0.3975  -11830.9545  0.6284 
   00919    0.4028  -11850.9576  0.6303 
   00920    0.3883  -11852.9765  0.6356 
   00921    0.4017  -11871.4733  0.6341 
   00922    0.4033  -11855.4399  0.6322 
   00923    0.4006  -11836.1191  0.6377 
   00924    0.3931  -11957.8109  0.6362 
   00925    0.3956  -11949.8617  0.6320 
   00926    0.4053  -11924.5053  0.6304 
   00927    0.3978  -11872.4919  0.6283 
   00928    0.3989  -11852.3979  0.6303 
   00929    0.3981  -11869.6977  0.6351 
   00930    0.3981  -11842.9460  0.6348 
   00931    0.4150  -11799.5087  0.6342 
   00932    0.4056  -11872.7736  0.6357 
   00933    0.4086  -11847.7671  0.6335 
   00934    0.4122  -11911.8913  0.6301 
   00935    0.4078  -11888.2155  0.6281 
   00936    0.3822  -11936.9209  0.6297 
   00937    0.4122  -11860.4102  0.6316 
   00938    0.4061  -11842.5198  0.6324 
   00939    0.4058  -11826.8655  0.6312 
   00940    0.3944  -11779.0254  0.6289 
   00941    0.4042  -11782.0127  0.6316 
   00942    0.4078  -11765.2496  0.6274 
   00943    0.4167  -11846.4006  0.6239 
   00944    0.4058  -11861.5116  0.6176 
   00945    0.3986  -11847.0616  0.6194 
   00946    0.4006  -11852.3557  0.6211 
   00947    0.4064  -11834.2791  0.6208 
   00948    0.4044  -11788.3096  0.6207 
   00949    0.4031  -11831.4960  0.6237 
   00950    0.4044  -11848.7051  0.6289 
   00951    0.4094  -11923.8071  0.6271 
   00952    0.3975  -11873.8990  0.6231 
   00953    0.4028  -11819.0370  0.6191 
   00954    0.4033  -11814.7017  0.6198 
   00955    0.4047  -11853.8238  0.6225 
   00956    0.3886  -11938.2062  0.6273 
   00957    0.3850  -11932.3771  0.6331 
   00958    0.3919  -11936.8659  0.6348 
   00959    0.3911  -11956.1910  0.6351 
   00960    0.3944  -11947.0261  0.6352 
   00961    0.4036  -11886.2626  0.6371 
   00962    0.3983  -11877.3265  0.6303 
   00963    0.4031  -11876.9681  0.6300 
   00964    0.3825  -11828.6873  0.6292 
   00965    0.3986  -11813.1991  0.6315 
   00966    0.3975  -11831.9194  0.6311 
   00967    0.4036  -11927.3812  0.6360 
   00968    0.4000  -11923.1402  0.6390 
   00969    0.3975  -11835.4823  0.6341 
   00970    0.3894  -11850.0817  0.6344 
   00971    0.3981  -11784.2873  0.6311 
   00972    0.4075  -11812.2351  0.6326 
   00973    0.3997  -11820.1923  0.6336 
   00974    0.4056  -11800.8808  0.6301 
   00975    0.4000  -11789.1287  0.6216 
   00976    0.3989  -11837.4858  0.6201 
   00977    0.4028  -11825.5916  0.6202 
   00978    0.3994  -11835.4996  0.6229 
   00979    0.4125  -11835.0320  0.6220 
   00980    0.4058  -11739.3536  0.6154 
   00981    0.4003  -11802.1860  0.6213 
   00982    0.4008  -11791.8584  0.6194 
   00983    0.4008  -11826.9203  0.6184 
   00984    0.4078  -11836.2204  0.6256 
   00985    0.3903  -11773.3259  0.6170 
   00986    0.4039  -11802.2215  0.6148 
   00987    0.4022  -11732.2611  0.6162 
   00988    0.4167  -11671.7056  0.6167 
   00989    0.4161  -11710.6495  0.6153 
   00990    0.4000  -11699.2548  0.6157 
   00991    0.4033  -11720.6910  0.6238 
   00992    0.4033  -11721.8346  0.6279 
   00993    0.4022  -11802.0575  0.6271 
   00994    0.4056  -11780.0340  0.6275 
   00995    0.3925  -11738.5391  0.6255 
   00996    0.4186  -11755.3540  0.6216 
   00997    0.4081  -11797.9408  0.6211 
   00998    0.3972  -11852.4934  0.6222 
   00999    0.3983  -11853.6339  0.6249 
   01000    0.4000  -11847.2821  0.6259 
