#=====================================================
# File created:        Mon-06-Nov-2023-at-10-50-33AM
# Size of lattice:     20x20
# Number of MC steps:  1000
# Reduced temperature: 1.400
# Run time (s):        9.470539
#=====================================================
# MC step:  Ratio:     Energy:   Order:
#=====================================================
   00000    0.5000    -366.0422  0.3091 
   00001    0.6200    -427.8262  0.2975 
   00002    0.6700    -476.0246  0.3118 
   00003    0.5500    -537.5431  0.3236 
   00004    0.5500    -587.3896  0.3225 
   00005    0.5800    -613.3219  0.3362 
   00006    0.5100    -603.0696  0.3128 
   00007    0.5400    -612.7080  0.3093 
   00008    0.5300    -609.4707  0.3177 
   00009    0.5800    -630.0959  0.3030 
   00010    0.5300    -633.3675  0.3123 
   00011    0.5800    -648.2581  0.3159 
   00012    0.5300    -656.8599  0.3162 
   00013    0.5900    -659.9093  0.3197 
   00014    0.5500    -683.8311  0.3172 
   00015    0.5000    -705.3193  0.3265 
   00016    0.5200    -720.7792  0.3374 
   00017    0.4800    -717.3307  0.3209 
   00018    0.5900    -741.8553  0.3106 
   00019    0.5400    -756.6833  0.3028 
   00020    0.3800    -761.8927  0.3043 
   00021    0.5400    -777.6966  0.2961 
   00022    0.4400    -768.2964  0.2960 
   00023    0.5100    -776.7378  0.2795 
   00024    0.5600    -783.9213  0.2599 
   00025    0.5800    -779.0805  0.2558 
   00026    0.4300    -784.1534  0.2678 
   00027    0.4700    -759.2826  0.2825 
   00028    0.5600    -765.3195  0.2889 
   00029    0.4600    -773.2728  0.3038 
   00030    0.5200    -758.9407  0.3037 
   00031    0.5100    -751.9878  0.3150 
   00032    0.4400    -743.0285  0.3285 
   00033    0.4900    -740.9597  0.3255 
   00034    0.6100    -754.3759  0.3260 
   00035    0.5100    -734.8892  0.3272 
   00036    0.5700    -748.4685  0.3472 
   00037    0.5200    -732.8090  0.3295 
   00038    0.5000    -754.4893  0.3326 
   00039    0.5500    -752.0998  0.3477 
   00040    0.5300    -770.2217  0.3384 
   00041    0.5500    -792.6798  0.3211 
   00042    0.4100    -781.0855  0.3241 
   00043    0.4300    -760.9633  0.3260 
   00044    0.4800    -742.2562  0.3162 
   00045    0.5300    -749.0542  0.3219 
   00046    0.4800    -757.3986  0.3105 
   00047    0.5400    -752.8664  0.3249 
   00048    0.4700    -723.2584  0.3246 
   00049    0.4300    -762.9387  0.3342 
   00050    0.5300    -749.6030  0.3406 
   00051    0.5400    -718.5607  0.3411 
   00052    0.5200    -720.7318  0.3125 
   00053    0.6000    -713.2493  0.3221 
   00054    0.4600    -735.5712  0.3398 
   00055    0.5600    -745.2187  0.3319 
   00056    0.4800    -728.0418  0.3091 
   00057    0.5600    -736.3192  0.3125 
   00058    0.5000    -743.0252  0.3269 
   00059    0.4900    -717.5085  0.3206 
   00060    0.5600    -716.9154  0.3131 
   00061    0.5300    -738.8981  0.3107 
   00062    0.5000    -700.9719  0.2923 
   00063    0.5000    -702.7917  0.2871 
   00064    0.5000    -711.3390  0.3142 
   00065    0.5100    -714.2324  0.3017 
   00066    0.4600    -729.5979  0.3041 
   00067    0.5500    -737.6526  0.2884 
   00068    0.5200    -746.8062  0.2680 
   00069    0.4400    -734.1738  0.2801 
   00070    0.6000    -737.3517  0.2928 
   00071    0.5600    -738.5125  0.3071 
   00072    0.4500    -745.3074  0.3202 
   00073    0.5100    -747.0345  0.3160 
   00074    0.5000    -740.7580  0.3531 
   00075    0.5400    -763.2972  0.3341 
   00076    0.5000    -775.5009  0.3281 
   00077    0.4800    -750.2298  0.3488 
   00078    0.5200    -742.6026  0.3409 
   00079    0.4600    -732.2680  0.3443 
   00080    0.5400    -724.2812  0.3556 
   00081    0.4900    -732.5925  0.3513 
   00082    0.5600    -727.4814  0.3663 
   00083    0.5900    -716.8168  0.3651 
   00084    0.4900    -760.5081  0.3534 
   00085    0.4500    -763.7071  0.3620 
   00086    0.4900    -763.8743  0.3550 
   00087    0.5100    -761.2265  0.3510 
   00088    0.5200    -728.0363  0.3357 
   00089    0.4600    -752.1838  0.3335 
   00090    0.4800    -764.5259  0.3246 
   00091    0.4000    -777.6902  0.3297 
   00092    0.4800    -741.6846  0.3235 
   00093    0.5100    -721.0710  0.2841 
   00094    0.4800    -725.5657  0.2952 
   00095    0.4600    -727.1558  0.2919 
   00096    0.4700    -717.3297  0.2995 
   00097    0.5300    -739.9628  0.2744 
   00098    0.4700    -762.0555  0.2875 
   00099    0.5300    -770.2245  0.2809 
   00100    0.5600    -797.2327  0.2830 
   00101    0.5100    -793.1428  0.2942 
   00102    0.4800    -798.6854  0.2938 
   00103    0.4500    -800.9304  0.3124 
   00104    0.4800    -795.1689  0.2929 
   00105    0.5100    -816.7052  0.2867 
   00106    0.5200    -820.6063  0.2735 
   00107    0.5500    -817.3769  0.2865 
   00108    0.5000    -779.1395  0.2938 
   00109    0.4800    -753.6249  0.2945 
   00110    0.5700    -735.6517  0.3177 
   00111    0.4800    -762.5986  0.3180 
   00112    0.5000    -747.6780  0.3156 
   00113    0.5400    -752.3332  0.3007 
   00114    0.4800    -763.1578  0.3153 
   00115    0.4600    -760.3472  0.2872 
   00116    0.5200    -735.3606  0.2988 
   00117    0.4100    -729.9306  0.2897 
   00118    0.5200    -718.2582  0.3023 
   00119    0.5700    -709.3310  0.3058 
   00120    0.4900    -728.1825  0.3171 
   00121    0.5600    -704.1781  0.3221 
   00122    0.5100    -701.7862  0.3384 
   00123    0.5000    -714.4011  0.3497 
   00124    0.5100    -708.1539  0.3551 
   00125    0.4800    -728.7789  0.3530 
   00126    0.4700    -714.6987  0.3385 
   00127    0.5300    -681.2421  0.3477 
   00128    0.5300    -708.6735  0.3435 
   00129    0.5900    -710.3385  0.3428 
   00130    0.5200    -704.6305  0.3439 
   00131    0.4500    -709.9857  0.3370 
   00132    0.4200    -707.2658  0.3506 
   00133    0.5900    -724.2665  0.3430 
   00134    0.5200    -726.2210  0.3434 
   00135    0.4100    -711.5127  0.3597 
   00136    0.5100    -720.4397  0.3600 
   00137    0.5600    -736.7593  0.3712 
   00138    0.4800    -749.7931  0.3814 
   00139    0.4300    -744.6379  0.4076 
   00140    0.4400    -758.2086  0.4199 
   00141    0.5500    -756.4400  0.4110 
   00142    0.4400    -768.6903  0.3921 
   00143    0.5400    -780.4430  0.3821 
   00144    0.4500    -775.8295  0.3834 
   00145    0.4600    -781.1034  0.3901 
   00146    0.4100    -799.0582  0.3742 
   00147    0.5900    -793.3116  0.3703 
   00148    0.4900    -780.3367  0.3595 
   00149    0.5000    -779.2675  0.3729 
   00150    0.5600    -765.0066  0.3712 
   00151    0.5200    -772.4465  0.3616 
   00152    0.5200    -751.8280  0.3524 
   00153    0.5200    -705.8009  0.3343 
   00154    0.4600    -703.2974  0.3304 
   00155    0.4600    -690.2398  0.3265 
   00156    0.4700    -716.5889  0.3316 
   00157    0.5100    -744.7200  0.3418 
   00158    0.4700    -783.0620  0.3687 
   00159    0.4600    -791.7246  0.3793 
   00160    0.4800    -790.9023  0.3854 
   00161    0.4800    -793.2901  0.3763 
   00162    0.4900    -769.8941  0.3810 
   00163    0.4900    -776.1615  0.3895 
   00164    0.3900    -783.3008  0.4034 
   00165    0.4700    -778.6779  0.4032 
   00166    0.4700    -775.8903  0.4031 
   00167    0.5100    -766.1820  0.4003 
   00168    0.4900    -770.5217  0.3872 
   00169    0.5100    -773.1154  0.4080 
   00170    0.4800    -743.2407  0.4076 
   00171    0.4600    -727.9518  0.3984 
   00172    0.4400    -726.9598  0.3795 
   00173    0.5000    -726.3773  0.3615 
   00174    0.5800    -726.9081  0.3771 
   00175    0.4200    -726.5415  0.3844 
   00176    0.5300    -695.7298  0.3794 
   00177    0.5500    -710.9606  0.3783 
   00178    0.4800    -727.2316  0.3806 
   00179    0.4500    -761.0029  0.3786 
   00180    0.5500    -764.4563  0.3750 
   00181    0.5200    -784.3488  0.3634 
   00182    0.4600    -790.6673  0.3544 
   00183    0.4800    -792.1674  0.3597 
   00184    0.3300    -786.8865  0.3395 
   00185    0.4900    -773.1683  0.3539 
   00186    0.5000    -772.1862  0.3709 
   00187    0.5000    -780.6698  0.3812 
   00188    0.5000    -790.7677  0.3782 
   00189    0.4200    -786.7649  0.3783 
   00190    0.4400    -762.8317  0.3420 
   00191    0.5100    -760.4742  0.3509 
   00192    0.5000    -746.6507  0.3418 
   00193    0.5400    -754.8030  0.3379 
   00194    0.5000    -762.3837  0.3427 
   00195    0.4400    -777.7299  0.3414 
   00196    0.5200    -766.6779  0.3277 
   00197    0.5200    -751.9073  0.3398 
   00198    0.4500    -745.8413  0.3284 
   00199    0.4600    -761.7024  0.3432 
   00200    0.5700    -782.8386  0.3202 
   00201    0.4400    -769.1807  0.2954 
   00202    0.4600    -777.5734  0.2904 
   00203    0.4500    -790.8547  0.2959 
   00204    0.4800    -815.4424  0.2926 
   00205    0.5000    -808.4619  0.2867 
   00206    0.4600    -799.1039  0.2826 
   00207    0.5300    -802.7095  0.2719 
   00208    0.5600    -795.2599  0.3015 
   00209    0.3800    -794.3487  0.3011 
   00210    0.3800    -800.6800  0.3202 
   00211    0.4300    -788.3985  0.3120 
   00212    0.5300    -820.1857  0.3001 
   00213    0.4400    -812.8350  0.3045 
   00214    0.4700    -817.9090  0.3023 
   00215    0.4800    -808.0894  0.2957 
   00216    0.4400    -766.1682  0.2936 
   00217    0.4900    -770.0242  0.3148 
   00218    0.5200    -744.4925  0.3217 
   00219    0.4800    -748.6343  0.3164 
   00220    0.4800    -748.8959  0.3074 
   00221    0.4700    -739.9543  0.3036 
   00222    0.5600    -752.3850  0.2897 
   00223    0.4600    -756.8244  0.2974 
   00224    0.5200    -740.0793  0.2881 
   00225    0.5700    -740.2129  0.2795 
   00226    0.4000    -757.8837  0.2915 
   00227    0.4700    -748.9242  0.2945 
   00228    0.4800    -732.8486  0.2969 
   00229    0.4800    -701.5552  0.2857 
   00230    0.4600    -701.1413  0.2818 
   00231    0.4900    -700.3584  0.2843 
   00232    0.5500    -676.2771  0.2821 
   00233    0.5000    -682.2883  0.2803 
   00234    0.5400    -706.9182  0.2898 
   00235    0.4900    -727.0302  0.2840 
   00236    0.4200    -758.3499  0.3000 
   00237    0.4800    -771.2064  0.2866 
   00238    0.5600    -783.5358  0.2924 
   00239    0.5200    -777.6970  0.2651 
   00240    0.5200    -769.2496  0.2663 
   00241    0.5800    -768.6755  0.2588 
   00242    0.4400    -763.2987  0.2640 
   00243    0.5600    -755.3386  0.2809 
   00244    0.5400    -735.8610  0.2912 
   00245    0.5500    -730.7233  0.2957 
   00246    0.5200    -731.0509  0.3100 
   00247    0.5400    -710.7042  0.3091 
   00248    0.5100    -715.5935  0.3135 
   00249    0.5800    -694.1665  0.3399 
   00250    0.4700    -710.3315  0.3410 
   00251    0.5400    -714.3156  0.3358 
   00252    0.5000    -720.6943  0.3292 
   00253    0.4800    -729.3085  0.3145 
   00254    0.4900    -730.9011  0.3119 
   00255    0.4800    -722.1027  0.3186 
   00256    0.4600    -720.4559  0.3107 
   00257    0.5000    -711.5426  0.3169 
   00258    0.5300    -709.5626  0.3278 
   00259    0.5900    -719.6030  0.3402 
   00260    0.5400    -714.5762  0.3470 
   00261    0.5300    -718.4676  0.3712 
   00262    0.5200    -718.8543  0.3858 
   00263    0.5000    -729.9950  0.3940 
   00264    0.4700    -747.3152  0.3861 
   00265    0.5400    -747.7229  0.3755 
   00266    0.4800    -762.7870  0.3841 
   00267    0.4600    -757.0742  0.3612 
   00268    0.4400    -764.3471  0.3548 
   00269    0.4600    -754.2687  0.3425 
   00270    0.4800    -778.6828  0.3387 
   00271    0.4700    -788.6713  0.3416 
   00272    0.4300    -797.1216  0.3634 
   00273    0.4900    -787.3066  0.3530 
   00274    0.4300    -806.8006  0.3543 
   00275    0.5100    -819.9058  0.3568 
   00276    0.4500    -807.4458  0.3549 
   00277    0.4900    -795.6603  0.3689 
   00278    0.4600    -784.7486  0.3971 
   00279    0.5500    -775.5837  0.3989 
   00280    0.5900    -788.1580  0.4034 
   00281    0.4600    -813.1241  0.4126 
   00282    0.4400    -813.5542  0.4105 
   00283    0.4700    -811.7008  0.4118 
   00284    0.4800    -807.9753  0.3967 
   00285    0.3600    -803.6328  0.3920 
   00286    0.5200    -812.8631  0.3737 
   00287    0.4500    -833.3896  0.3809 
   00288    0.4700    -856.4855  0.3891 
   00289    0.5900    -825.6462  0.3966 
   00290    0.4800    -808.8229  0.4010 
   00291    0.4500    -778.7877  0.3987 
   00292    0.6000    -780.2259  0.3983 
   00293    0.5400    -765.4072  0.4083 
   00294    0.4400    -755.4086  0.4000 
   00295    0.4300    -760.2841  0.3900 
   00296    0.5200    -753.8980  0.3961 
   00297    0.4800    -785.6978  0.3883 
   00298    0.4600    -780.2798  0.3927 
   00299    0.4700    -768.6416  0.3961 
   00300    0.4600    -768.0493  0.3815 
   00301    0.5300    -747.7634  0.3811 
   00302    0.5700    -745.4998  0.3691 
   00303    0.4300    -751.9298  0.3709 
   00304    0.4900    -737.0899  0.3613 
   00305    0.4800    -747.5353  0.3600 
   00306    0.4400    -745.4696  0.3450 
   00307    0.4800    -740.9782  0.3321 
   00308    0.4800    -734.1690  0.3266 
   00309    0.4900    -734.0896  0.3335 
   00310    0.5300    -739.0014  0.3394 
   00311    0.5100    -729.1549  0.3289 
   00312    0.5500    -720.2075  0.3175 
   00313    0.4900    -721.6468  0.3175 
   00314    0.5200    -715.4452  0.3089 
   00315    0.4000    -714.1322  0.3009 
   00316    0.4300    -713.2784  0.2944 
   00317    0.5100    -731.7838  0.3089 
   00318    0.4700    -731.0074  0.3147 
   00319    0.5100    -719.5742  0.3259 
   00320    0.5400    -739.7365  0.3208 
   00321    0.5000    -737.5599  0.3154 
   00322    0.5900    -742.8539  0.3117 
   00323    0.5700    -740.6162  0.3299 
   00324    0.4700    -759.2327  0.3139 
   00325    0.5800    -753.3081  0.2910 
   00326    0.4700    -758.6608  0.3165 
   00327    0.4700    -779.9699  0.3195 
   00328    0.4600    -763.4276  0.3047 
   00329    0.5200    -760.6801  0.3050 
   00330    0.4800    -768.5607  0.3010 
   00331    0.5800    -750.8696  0.3101 
   00332    0.4000    -744.4941  0.3054 
   00333    0.5200    -737.7197  0.2985 
   00334    0.4800    -740.1358  0.3131 
   00335    0.4500    -735.2164  0.3195 
   00336    0.4900    -738.3216  0.3081 
   00337    0.5300    -728.0400  0.3240 
   00338    0.4500    -733.7575  0.3408 
   00339    0.3800    -734.7774  0.3255 
   00340    0.5400    -720.8668  0.3353 
   00341    0.4600    -737.6078  0.3412 
   00342    0.5200    -733.0394  0.3469 
   00343    0.4500    -728.6693  0.3340 
   00344    0.4400    -717.6409  0.3341 
   00345    0.5200    -713.1365  0.3190 
   00346    0.4900    -716.7532  0.2855 
   00347    0.5500    -709.2582  0.2865 
   00348    0.5200    -697.2130  0.2875 
   00349    0.5200    -696.2403  0.3075 
   00350    0.5700    -701.1692  0.3159 
   00351    0.5100    -746.6577  0.3434 
   00352    0.4600    -748.3867  0.3328 
   00353    0.5500    -773.2012  0.3178 
   00354    0.4800    -770.5424  0.3158 
   00355    0.4700    -779.9872  0.3123 
   00356    0.5200    -763.5181  0.3132 
   00357    0.4300    -733.1187  0.3113 
   00358    0.5200    -739.7871  0.3211 
   00359    0.5600    -727.7525  0.3008 
   00360    0.4800    -728.9965  0.2811 
   00361    0.5200    -705.3746  0.2814 
   00362    0.5500    -704.8742  0.2794 
   00363    0.4700    -716.1082  0.2939 
   00364    0.5400    -708.3080  0.2782 
   00365    0.5600    -713.1941  0.2929 
   00366    0.5800    -720.0075  0.2940 
   00367    0.5000    -710.7479  0.3108 
   00368    0.5600    -710.8337  0.3135 
   00369    0.5600    -732.9592  0.3268 
   00370    0.5200    -715.3427  0.3386 
   00371    0.5100    -738.2670  0.3429 
   00372    0.4700    -760.8147  0.3429 
   00373    0.4300    -724.8767  0.3409 
   00374    0.5000    -717.0218  0.3438 
   00375    0.5700    -700.1792  0.3341 
   00376    0.5600    -682.9044  0.3285 
   00377    0.6100    -689.2570  0.3196 
   00378    0.5300    -712.8550  0.3126 
   00379    0.4700    -743.8596  0.3086 
   00380    0.4200    -747.9379  0.2966 
   00381    0.5700    -750.8657  0.3213 
   00382    0.4600    -748.0013  0.3304 
   00383    0.5200    -751.1895  0.3167 
   00384    0.4800    -737.7243  0.3121 
   00385    0.4700    -756.5288  0.3290 
   00386    0.4900    -764.6512  0.3276 
   00387    0.4800    -742.9934  0.3268 
   00388    0.5000    -767.5493  0.3460 
   00389    0.4800    -781.3661  0.3430 
   00390    0.4700    -796.3740  0.3300 
   00391    0.5100    -773.5212  0.3126 
   00392    0.5100    -783.4019  0.3312 
   00393    0.4800    -770.3671  0.3218 
   00394    0.4600    -775.3865  0.3274 
   00395    0.4800    -783.1133  0.3032 
   00396    0.4700    -789.0968  0.2942 
   00397    0.3600    -798.0141  0.2941 
   00398    0.4700    -795.8354  0.2956 
   00399    0.4500    -806.2440  0.2934 
   00400    0.4400    -806.3225  0.2941 
   00401    0.3900    -799.6779  0.3156 
   00402    0.5000    -794.3886  0.3282 
   00403    0.5600    -770.2099  0.3046 
   00404    0.4600    -780.4131  0.3078 
   00405    0.4800    -782.1839  0.3169 
   00406    0.5300    -745.7510  0.3034 
   00407    0.4500    -733.8620  0.3083 
   00408    0.5200    -723.6353  0.3106 
   00409    0.4900    -732.4324  0.3317 
   00410    0.4600    -712.4985  0.3360 
   00411    0.5800    -746.8068  0.3527 
   00412    0.4600    -749.9070  0.3507 
   00413    0.5600    -752.5948  0.3440 
   00414    0.5000    -757.7016  0.3468 
   00415    0.5100    -757.1166  0.3316 
   00416    0.4300    -744.2111  0.3338 
   00417    0.4700    -743.7950  0.3350 
   00418    0.5200    -739.6557  0.3603 
   00419    0.5500    -742.0641  0.3798 
   00420    0.4100    -760.1640  0.3930 
   00421    0.4600    -738.4776  0.3732 
   00422    0.4800    -757.2169  0.3861 
   00423    0.4200    -759.9524  0.3907 
   00424    0.5000    -755.8218  0.4053 
   00425    0.4600    -746.5897  0.4168 
   00426    0.4500    -776.7319  0.4416 
   00427    0.4800    -776.7575  0.4522 
   00428    0.4600    -794.9160  0.4400 
   00429    0.4800    -806.4344  0.4385 
   00430    0.5000    -796.4239  0.4337 
   00431    0.4200    -789.1152  0.4433 
   00432    0.4400    -802.8319  0.4326 
   00433    0.3800    -808.4429  0.4258 
   00434    0.4400    -806.4047  0.4330 
   00435    0.4600    -815.7421  0.4328 
   00436    0.4500    -838.1210  0.4305 
   00437    0.4600    -811.0505  0.4462 
   00438    0.4900    -826.7545  0.4361 
   00439    0.4300    -828.1810  0.4422 
   00440    0.5100    -819.9701  0.4424 
   00441    0.4500    -808.0642  0.4542 
   00442    0.5000    -809.5038  0.4528 
   00443    0.5300    -806.8706  0.4467 
   00444    0.4600    -782.0834  0.4536 
   00445    0.4200    -773.0935  0.4613 
   00446    0.4500    -798.4291  0.4466 
   00447    0.4800    -779.3580  0.4324 
   00448    0.5300    -757.0609  0.4220 
   00449    0.4800    -760.1495  0.4357 
   00450    0.5300    -732.2301  0.4276 
   00451    0.5100    -754.0666  0.4305 
   00452    0.5400    -749.7452  0.4184 
   00453    0.4700    -743.7624  0.4048 
   00454    0.4200    -756.5782  0.4167 
   00455    0.5200    -755.7236  0.4135 
   00456    0.5400    -784.8436  0.3982 
   00457    0.4400    -787.0798  0.4074 
   00458    0.5200    -790.5292  0.3908 
   00459    0.4600    -803.4984  0.3906 
   00460    0.5000    -777.3661  0.3766 
   00461    0.5200    -769.2690  0.3901 
   00462    0.4900    -765.4487  0.3833 
   00463    0.5600    -786.9281  0.3895 
   00464    0.5500    -791.7696  0.3976 
   00465    0.5100    -791.3614  0.4021 
   00466    0.4100    -776.9145  0.4073 
   00467    0.4900    -764.9936  0.4211 
   00468    0.4200    -772.8584  0.4111 
   00469    0.4400    -764.8395  0.4020 
   00470    0.5300    -740.0930  0.4176 
   00471    0.4300    -752.6842  0.4210 
   00472    0.4600    -761.7562  0.4131 
   00473    0.4600    -770.8533  0.4137 
   00474    0.5600    -781.1459  0.4234 
   00475    0.4500    -760.1062  0.4174 
   00476    0.5100    -748.0322  0.3957 
   00477    0.5200    -736.2263  0.3819 
   00478    0.4600    -740.9347  0.3716 
   00479    0.5000    -755.6076  0.3804 
   00480    0.3900    -756.6991  0.3678 
   00481    0.5300    -764.3533  0.3650 
   00482    0.5100    -774.3760  0.3541 
   00483    0.5400    -757.7407  0.3506 
   00484    0.4600    -755.8955  0.3471 
   00485    0.5000    -753.9067  0.3329 
   00486    0.4900    -778.9612  0.3460 
   00487    0.3700    -766.7482  0.3625 
   00488    0.5300    -772.0941  0.3748 
   00489    0.4700    -753.5399  0.3794 
   00490    0.5100    -746.6161  0.3825 
   00491    0.5300    -743.5313  0.3751 
   00492    0.5400    -777.1882  0.3800 
   00493    0.5400    -782.7939  0.3581 
   00494    0.4800    -762.2620  0.3439 
   00495    0.4200    -760.1433  0.3172 
   00496    0.5400    -733.6033  0.3282 
   00497    0.5300    -727.2773  0.3312 
   00498    0.4800    -720.8549  0.3333 
   00499    0.4900    -694.5287  0.3248 
   00500    0.4900    -696.4485  0.3164 
   00501    0.5200    -709.6741  0.3348 
   00502    0.4900    -683.6569  0.3262 
   00503    0.5100    -695.4495  0.3198 
   00504    0.5500    -697.6425  0.2888 
   00505    0.4900    -681.8264  0.2792 
   00506    0.5500    -689.3391  0.2915 
   00507    0.5800    -690.7052  0.3044 
   00508    0.5200    -677.4055  0.3054 
   00509    0.5000    -695.9095  0.2955 
   00510    0.4800    -720.3711  0.2941 
   00511    0.5500    -698.8201  0.3193 
   00512    0.4800    -705.4789  0.3160 
   00513    0.5600    -700.8005  0.3072 
   00514    0.5600    -705.2292  0.3186 
   00515    0.4700    -712.3096  0.3091 
   00516    0.4400    -742.5918  0.3165 
   00517    0.4800    -705.4567  0.3116 
   00518    0.4600    -715.8961  0.3053 
   00519    0.4700    -711.6689  0.2919 
   00520    0.5600    -684.2575  0.2900 
   00521    0.4700    -701.3172  0.2965 
   00522    0.4800    -724.1475  0.3079 
   00523    0.4500    -734.2060  0.3008 
   00524    0.5800    -728.1631  0.3122 
   00525    0.4200    -732.3106  0.3176 
   00526    0.4800    -745.4829  0.3331 
   00527    0.4800    -728.0957  0.3349 
   00528    0.4400    -720.5760  0.3175 
   00529    0.4500    -714.6396  0.3162 
   00530    0.5600    -699.4314  0.3425 
   00531    0.5000    -713.7896  0.3354 
   00532    0.4500    -726.5801  0.3376 
   00533    0.4900    -737.4711  0.3308 
   00534    0.5200    -760.6559  0.3186 
   00535    0.4800    -766.1688  0.3113 
   00536    0.5200    -779.9257  0.3096 
   00537    0.5200    -760.6259  0.2964 
   00538    0.4600    -750.4794  0.2976 
   00539    0.3800    -761.9100  0.2925 
   00540    0.4500    -758.5441  0.2820 
   00541    0.5400    -752.3271  0.3033 
   00542    0.5900    -747.8875  0.3054 
   00543    0.4500    -741.0599  0.3093 
   00544    0.5100    -737.7067  0.3205 
   00545    0.5000    -757.0252  0.3114 
   00546    0.5100    -742.4374  0.3073 
   00547    0.5100    -711.5223  0.3237 
   00548    0.5500    -733.0894  0.3616 
   00549    0.5500    -732.5720  0.3414 
   00550    0.5600    -725.3644  0.3289 
   00551    0.5100    -737.8201  0.3261 
   00552    0.6000    -757.5799  0.2989 
   00553    0.5500    -740.4289  0.2883 
   00554    0.5700    -737.6402  0.2924 
   00555    0.5000    -743.5742  0.2958 
   00556    0.5200    -759.1366  0.3092 
   00557    0.5300    -744.8580  0.3112 
   00558    0.4400    -749.9692  0.3361 
   00559    0.5000    -737.3866  0.3436 
   00560    0.4600    -740.5017  0.3399 
   00561    0.4900    -766.9809  0.3332 
   00562    0.5200    -775.9913  0.3241 
   00563    0.5400    -777.6217  0.3465 
   00564    0.4700    -763.7490  0.3599 
   00565    0.4000    -769.9878  0.3708 
   00566    0.5300    -738.1174  0.3724 
   00567    0.5300    -728.6461  0.3674 
   00568    0.5000    -716.3947  0.3619 
   00569    0.4600    -740.8872  0.3593 
   00570    0.5100    -748.0976  0.3522 
   00571    0.5200    -719.4835  0.3431 
   00572    0.4900    -723.5198  0.3553 
   00573    0.5200    -737.1930  0.3554 
   00574    0.5500    -731.7718  0.3502 
   00575    0.5000    -715.8076  0.3614 
   00576    0.4600    -739.7648  0.3790 
   00577    0.5300    -730.8423  0.3877 
   00578    0.5800    -712.5893  0.3885 
   00579    0.4800    -724.0169  0.3897 
   00580    0.5100    -728.7036  0.3827 
   00581    0.5400    -728.5458  0.3829 
   00582    0.5200    -754.4348  0.4054 
   00583    0.4600    -747.5600  0.3934 
   00584    0.4500    -744.4672  0.3663 
   00585    0.4800    -733.2478  0.3592 
   00586    0.3900    -736.9214  0.3647 
   00587    0.5100    -729.6932  0.3675 
   00588    0.5500    -711.4603  0.3647 
   00589    0.4500    -733.8251  0.3503 
   00590    0.5100    -758.1779  0.3592 
   00591    0.4800    -750.6202  0.3806 
   00592    0.4800    -751.4950  0.3858 
   00593    0.4600    -735.5479  0.3790 
   00594    0.4700    -757.5361  0.3733 
   00595    0.4000    -757.8009  0.3535 
   00596    0.4700    -726.1600  0.3419 
   00597    0.5400    -736.9880  0.3648 
   00598    0.5000    -757.2047  0.3444 
   00599    0.4900    -734.0538  0.3455 
   00600    0.5300    -738.5400  0.3666 
   00601    0.5000    -738.3042  0.3843 
   00602    0.5300    -752.8016  0.3825 
   00603    0.5000    -753.9314  0.3718 
   00604    0.5600    -706.4608  0.3441 
   00605    0.4300    -703.0972  0.3435 
   00606    0.5800    -689.3210  0.3656 
   00607    0.4900    -680.1919  0.3412 
   00608    0.4800    -688.8324  0.3311 
   00609    0.5400    -683.8974  0.3378 
   00610    0.4900    -682.5555  0.3484 
   00611    0.5500    -672.4030  0.3276 
   00612    0.5300    -699.0235  0.3491 
   00613    0.5800    -704.2788  0.3495 
   00614    0.5100    -688.7732  0.3778 
   00615    0.5000    -699.3182  0.3670 
   00616    0.5300    -712.4566  0.3515 
   00617    0.5000    -712.2878  0.3538 
   00618    0.5400    -697.1980  0.3338 
   00619    0.4800    -700.9904  0.3364 
   00620    0.5100    -705.5753  0.3472 
   00621    0.5100    -711.2233  0.3408 
   00622    0.5500    -692.5379  0.3306 
   00623    0.5200    -684.7541  0.3426 
   00624    0.4000    -715.6792  0.3511 
   00625    0.5400    -736.4069  0.3689 
   00626    0.5300    -715.8898  0.3546 
   00627    0.4700    -707.6094  0.3559 
   00628    0.3800    -737.8428  0.3611 
   00629    0.5100    -727.0790  0.3591 
   00630    0.4800    -723.2361  0.3634 
   00631    0.5600    -747.4511  0.3708 
   00632    0.4400    -754.0338  0.3728 
   00633    0.4900    -744.9624  0.3456 
   00634    0.4600    -760.9626  0.3429 
   00635    0.5200    -762.0863  0.3489 
   00636    0.4900    -784.8581  0.3465 
   00637    0.4500    -802.8735  0.3255 
   00638    0.5300    -808.9072  0.3269 
   00639    0.4500    -830.6853  0.3316 
   00640    0.4300    -821.6560  0.3471 
   00641    0.5000    -810.5134  0.3528 
   00642    0.5600    -786.2305  0.3555 
   00643    0.4500    -769.2638  0.3733 
   00644    0.5500    -758.7916  0.3523 
   00645    0.4700    -755.1160  0.3473 
   00646    0.5100    -723.3742  0.3297 
   00647    0.5000    -735.8250  0.3362 
   00648    0.4500    -750.7313  0.3372 
   00649    0.4300    -753.1331  0.3364 
   00650    0.4900    -775.3381  0.3365 
   00651    0.5000    -777.3136  0.3388 
   00652    0.5500    -789.4464  0.3366 
   00653    0.3800    -783.9891  0.3528 
   00654    0.4500    -778.4619  0.3512 
   00655    0.4100    -784.7408  0.3517 
   00656    0.4900    -774.6571  0.3492 
   00657    0.3800    -760.3184  0.3600 
   00658    0.5700    -754.8554  0.3618 
   00659    0.5200    -758.2871  0.3711 
   00660    0.5300    -757.0490  0.3492 
   00661    0.5300    -763.7502  0.3375 
   00662    0.5200    -776.1623  0.3256 
   00663    0.4700    -786.2490  0.3231 
   00664    0.4900    -760.6638  0.3162 
   00665    0.4600    -750.5198  0.3165 
   00666    0.4900    -748.2325  0.3292 
   00667    0.4800    -748.2231  0.3399 
   00668    0.4600    -760.8796  0.3161 
   00669    0.4800    -773.3121  0.3013 
   00670    0.4900    -778.5643  0.3149 
   00671    0.4900    -755.8186  0.3122 
   00672    0.5300    -728.6910  0.3077 
   00673    0.5900    -757.9767  0.3142 
   00674    0.4800    -751.7671  0.3137 
   00675    0.4800    -756.2849  0.3164 
   00676    0.4300    -736.7564  0.3154 
   00677    0.5000    -749.0743  0.2987 
   00678    0.4900    -757.0675  0.3023 
   00679    0.5000    -758.4950  0.2881 
   00680    0.4700    -752.3640  0.3003 
   00681    0.4700    -727.5089  0.2955 
   00682    0.5000    -744.2381  0.2938 
   00683    0.4400    -743.3171  0.2779 
   00684    0.4600    -737.4999  0.2794 
   00685    0.4900    -729.5016  0.2732 
   00686    0.4500    -699.4191  0.2839 
   00687    0.4700    -710.3416  0.2765 
   00688    0.4500    -690.9375  0.2642 
   00689    0.5600    -695.5767  0.2772 
   00690    0.4300    -703.4541  0.2540 
   00691    0.4900    -702.0198  0.2789 
   00692    0.5500    -720.6128  0.2816 
   00693    0.5200    -708.1098  0.3037 
   00694    0.5400    -695.6184  0.2831 
   00695    0.5600    -710.3884  0.2843 
   00696    0.5800    -696.4913  0.2693 
   00697    0.5000    -713.0310  0.2858 
   00698    0.5200    -730.7532  0.2992 
   00699    0.3800    -735.1982  0.2920 
   00700    0.5000    -774.1438  0.3048 
   00701    0.4800    -783.0458  0.3010 
   00702    0.4600    -761.5209  0.2835 
   00703    0.4800    -756.1661  0.2922 
   00704    0.4700    -782.5392  0.3089 
   00705    0.3200    -806.1250  0.3160 
   00706    0.5000    -823.6990  0.3389 
   00707    0.4500    -828.6956  0.3345 
   00708    0.4600    -831.0643  0.3226 
   00709    0.4500    -831.9827  0.3326 
   00710    0.4500    -843.3370  0.3414 
   00711    0.4900    -813.1891  0.3508 
   00712    0.5200    -784.4245  0.3490 
   00713    0.4900    -783.5389  0.3362 
   00714    0.4800    -777.9500  0.3214 
   00715    0.4900    -794.0437  0.3223 
   00716    0.4700    -802.8343  0.3174 
   00717    0.4700    -798.2022  0.3032 
   00718    0.5300    -791.8603  0.3010 
   00719    0.5000    -797.5565  0.3086 
   00720    0.4900    -802.0615  0.3101 
   00721    0.5300    -793.0851  0.3191 
   00722    0.4600    -757.8648  0.3135 
   00723    0.4400    -761.5298  0.3212 
   00724    0.4500    -778.1824  0.3266 
   00725    0.5000    -781.3421  0.3403 
   00726    0.4600    -783.8722  0.3450 
   00727    0.4600    -796.1487  0.3522 
   00728    0.4100    -786.8627  0.3600 
   00729    0.3800    -773.6588  0.3540 
   00730    0.4200    -779.5689  0.3567 
   00731    0.5000    -778.8977  0.3449 
   00732    0.4800    -763.8158  0.3470 
   00733    0.4800    -733.3362  0.3506 
   00734    0.5300    -730.7468  0.3390 
   00735    0.5200    -734.9416  0.3614 
   00736    0.5200    -739.1824  0.3685 
   00737    0.4600    -736.6619  0.3643 
   00738    0.4700    -742.1605  0.3391 
   00739    0.5100    -747.9686  0.3315 
   00740    0.5100    -728.4849  0.3283 
   00741    0.5200    -747.5982  0.3343 
   00742    0.4500    -749.4006  0.3397 
   00743    0.5100    -743.2063  0.3471 
   00744    0.4700    -754.5915  0.3454 
   00745    0.5900    -751.3660  0.3482 
   00746    0.5700    -757.9567  0.3338 
   00747    0.4700    -756.2145  0.3277 
   00748    0.5100    -762.7405  0.3316 
   00749    0.6200    -754.8267  0.3294 
   00750    0.5100    -740.7442  0.3199 
   00751    0.4700    -742.2207  0.3082 
   00752    0.4500    -758.8137  0.3267 
   00753    0.5000    -771.0685  0.3317 
   00754    0.5700    -733.0735  0.3319 
   00755    0.5000    -735.9681  0.3422 
   00756    0.5400    -699.9363  0.3311 
   00757    0.5900    -709.9526  0.3266 
   00758    0.5600    -704.5047  0.3197 
   00759    0.4600    -729.5736  0.3087 
   00760    0.5300    -706.8040  0.3084 
   00761    0.4800    -726.7770  0.2982 
   00762    0.4800    -729.9193  0.2958 
   00763    0.4200    -727.2544  0.3054 
   00764    0.4500    -738.2806  0.3256 
   00765    0.5500    -734.9838  0.3338 
   00766    0.5600    -733.6825  0.3251 
   00767    0.4900    -741.9531  0.3310 
   00768    0.5700    -736.0621  0.3317 
   00769    0.4600    -749.1687  0.3185 
   00770    0.5700    -753.3761  0.3097 
   00771    0.5100    -757.9692  0.3159 
   00772    0.4900    -768.0581  0.3267 
   00773    0.4500    -757.6976  0.3253 
   00774    0.4500    -757.5988  0.3380 
   00775    0.4100    -727.8316  0.3296 
   00776    0.4900    -732.9743  0.3282 
   00777    0.5400    -738.6619  0.2965 
   00778    0.5600    -725.7283  0.2910 
   00779    0.5000    -723.9864  0.2751 
   00780    0.4700    -728.6528  0.2814 
   00781    0.4800    -734.9304  0.2980 
   00782    0.4900    -734.2431  0.3144 
   00783    0.4800    -761.2942  0.3063 
   00784    0.4700    -764.4593  0.3061 
   00785    0.4300    -762.0543  0.2962 
   00786    0.5100    -776.0064  0.2949 
   00787    0.5600    -766.9224  0.2945 
   00788    0.5100    -731.6055  0.2895 
   00789    0.4900    -733.1478  0.2970 
   00790    0.5000    -740.4359  0.2988 
   00791    0.4300    -750.4772  0.3021 
   00792    0.5400    -776.8940  0.2963 
   00793    0.5500    -787.0990  0.3029 
   00794    0.5200    -774.5246  0.2951 
   00795    0.4500    -772.1057  0.2954 
   00796    0.5200    -752.5863  0.2987 
   00797    0.5200    -779.4665  0.3135 
   00798    0.5200    -778.3853  0.3238 
   00799    0.4800    -758.4596  0.3042 
   00800    0.5200    -741.7856  0.3156 
   00801    0.5500    -710.7313  0.3394 
   00802    0.4700    -702.3707  0.3393 
   00803    0.5600    -712.2176  0.3343 
   00804    0.5000    -717.3350  0.3424 
   00805    0.5000    -736.9332  0.3488 
   00806    0.4700    -767.4455  0.3561 
   00807    0.5900    -755.0076  0.3561 
   00808    0.5600    -741.9098  0.3394 
   00809    0.4900    -726.2485  0.3255 
   00810    0.4600    -752.9305  0.3294 
   00811    0.3800    -747.7033  0.3434 
   00812    0.5200    -736.6515  0.3268 
   00813    0.4800    -715.6527  0.3239 
   00814    0.5100    -728.4319  0.3420 
   00815    0.4500    -748.6912  0.3543 
   00816    0.5300    -749.1308  0.3229 
   00817    0.5200    -755.5539  0.3180 
   00818    0.4800    -767.1340  0.3106 
   00819    0.4700    -753.5413  0.3097 
   00820    0.5800    -758.1814  0.3144 
   00821    0.5300    -745.0142  0.3292 
   00822    0.5000    -762.6921  0.3195 
   00823    0.4800    -787.1557  0.3095 
   00824    0.4400    -788.8480  0.3122 
   00825    0.4700    -784.8426  0.3021 
   00826    0.5100    -786.5855  0.2957 
   00827    0.5100    -770.7813  0.3102 
   00828    0.4600    -751.9851  0.3137 
   00829    0.4600    -747.0810  0.3166 
   00830    0.4200    -725.4303  0.3158 
   00831    0.4800    -698.3680  0.3093 
   00832    0.4800    -700.8836  0.2989 
   00833    0.4700    -729.4439  0.3155 
   00834    0.4600    -714.7209  0.3137 
   00835    0.4600    -743.3846  0.2974 
   00836    0.5300    -729.2923  0.2928 
   00837    0.5400    -752.6441  0.2911 
   00838    0.4700    -755.9873  0.3118 
   00839    0.5500    -737.9815  0.2955 
   00840    0.5800    -732.9538  0.2819 
   00841    0.5800    -757.1732  0.2706 
   00842    0.5200    -772.2753  0.2677 
   00843    0.4800    -779.5945  0.2913 
   00844    0.4300    -777.4878  0.2888 
   00845    0.5000    -761.0724  0.3041 
   00846    0.5400    -758.3895  0.3035 
   00847    0.5200    -726.6900  0.2985 
   00848    0.5300    -705.7820  0.3032 
   00849    0.5900    -725.2175  0.3040 
   00850    0.4800    -716.9189  0.3076 
   00851    0.5600    -722.0569  0.3186 
   00852    0.4600    -714.4143  0.2994 
   00853    0.5200    -709.0009  0.2835 
   00854    0.5700    -726.8702  0.2912 
   00855    0.5500    -741.8563  0.2950 
   00856    0.5100    -751.5716  0.3026 
   00857    0.4300    -739.2608  0.3173 
   00858    0.5400    -715.3040  0.3026 
   00859    0.5500    -726.7039  0.2735 
   00860    0.4700    -730.4320  0.2574 
   00861    0.4800    -746.0517  0.2674 
   00862    0.4400    -743.5089  0.2665 
   00863    0.5300    -757.1502  0.2690 
   00864    0.4900    -762.4970  0.2711 
   00865    0.3900    -780.3631  0.2589 
   00866    0.4600    -746.8299  0.2755 
   00867    0.4300    -754.8176  0.2695 
   00868    0.5000    -761.1987  0.2674 
   00869    0.5200    -792.5852  0.2724 
   00870    0.4800    -811.1593  0.2661 
   00871    0.5000    -798.7379  0.2728 
   00872    0.5400    -780.9486  0.2652 
   00873    0.5000    -757.4956  0.2645 
   00874    0.4600    -756.3723  0.2565 
   00875    0.5600    -742.5299  0.2704 
   00876    0.5200    -734.8887  0.2674 
   00877    0.5200    -734.1463  0.2841 
   00878    0.4000    -753.4358  0.2843 
   00879    0.5100    -733.8788  0.2797 
   00880    0.5300    -758.0983  0.2733 
   00881    0.4900    -776.6849  0.2814 
   00882    0.4000    -772.0744  0.2709 
   00883    0.4800    -772.1547  0.2891 
   00884    0.5100    -765.5423  0.3191 
   00885    0.4400    -751.1800  0.3155 
   00886    0.5000    -751.4349  0.3261 
   00887    0.5600    -733.6447  0.3188 
   00888    0.5100    -736.0327  0.3320 
   00889    0.5300    -744.2963  0.3363 
   00890    0.5300    -775.8833  0.3483 
   00891    0.4900    -788.2959  0.3556 
   00892    0.4800    -779.6225  0.3536 
   00893    0.4600    -735.3038  0.3716 
   00894    0.4500    -715.5380  0.3734 
   00895    0.4500    -727.2753  0.3806 
   00896    0.5600    -729.8788  0.3885 
   00897    0.5700    -722.0522  0.3804 
   00898    0.5800    -750.5011  0.3906 
   00899    0.4400    -747.5977  0.4015 
   00900    0.5200    -731.9759  0.3986 
   00901    0.5100    -742.2567  0.4111 
   00902    0.4900    -752.6199  0.4091 
   00903    0.5100    -749.4386  0.4236 
   00904    0.5300    -747.5867  0.4247 
   00905    0.5500    -753.6486  0.4088 
   00906    0.5500    -747.7710  0.4114 
   00907    0.4300    -742.5433  0.4225 
   00908    0.4300    -753.5652  0.4029 
   00909    0.4800    -748.4939  0.4121 
   00910    0.5100    -761.2334  0.4428 
   00911    0.5100    -778.7867  0.4595 
   00912    0.5300    -761.5299  0.4412 
   00913    0.4900    -762.6683  0.4403 
   00914    0.4800    -771.2536  0.4356 
   00915    0.4600    -754.3882  0.4085 
   00916    0.4600    -796.2494  0.4211 
   00917    0.5200    -782.5576  0.3975 
   00918    0.4900    -769.5332  0.3874 
   00919    0.4000    -763.6828  0.3950 
   00920    0.5100    -743.7384  0.3834 
   00921    0.5200    -741.8257  0.3843 
   00922    0.4200    -731.2803  0.3670 
   00923    0.5200    -743.0385  0.3695 
   00924    0.4600    -723.2245  0.3528 
   00925    0.4900    -736.5082  0.3515 
   00926    0.4700    -736.9094  0.3340 
   00927    0.4600    -753.2164  0.3433 
   00928    0.4000    -731.3026  0.3435 
   00929    0.4800    -729.7172  0.3334 
   00930    0.4500    -743.6419  0.3260 
   00931    0.5000    -749.6648  0.3131 
   00932    0.4900    -752.4588  0.3043 
   00933    0.4100    -746.5452  0.3074 
   00934    0.5100    -756.7847  0.3293 
   00935    0.4900    -760.5384  0.3529 
   00936    0.4700    -742.7591  0.3349 
   00937    0.5200    -757.6533  0.3562 
   00938    0.5100    -749.9785  0.3381 
   00939    0.4800    -745.3504  0.3344 
   00940    0.5300    -749.3243  0.3601 
   00941    0.4800    -730.6097  0.3579 
   00942    0.5300    -724.9881  0.3537 
   00943    0.5100    -720.9165  0.3448 
   00944    0.3900    -680.2532  0.3365 
   00945    0.5200    -705.6461  0.3423 
   00946    0.5700    -697.5549  0.3412 
   00947    0.5500    -671.0915  0.3225 
   00948    0.4700    -686.3379  0.3257 
   00949    0.5000    -680.1102  0.3254 
   00950    0.5100    -693.2930  0.3272 
   00951    0.5100    -707.8393  0.3181 
   00952    0.5300    -716.1941  0.3106 
   00953    0.4600    -726.4068  0.3144 
   00954    0.5600    -729.8176  0.2917 
   00955    0.5100    -745.9408  0.2829 
   00956    0.5000    -758.8846  0.2968 
   00957    0.5000    -790.6066  0.3005 
   00958    0.4500    -821.7805  0.3053 
   00959    0.5300    -798.2819  0.3101 
   00960    0.3700    -813.1477  0.3096 
   00961    0.5000    -813.8190  0.3087 
   00962    0.4900    -820.6041  0.3095 
   00963    0.4800    -816.6935  0.3085 
   00964    0.6100    -796.1927  0.3019 
   00965    0.4700    -787.4671  0.3108 
   00966    0.4700    -814.5901  0.3232 
   00967    0.4900    -776.1259  0.3159 
   00968    0.5500    -794.9362  0.3200 
   00969    0.4300    -806.7513  0.3261 
   00970    0.4000    -787.8841  0.3267 
   00971    0.4800    -796.8365  0.3347 
   00972    0.4600    -790.9131  0.3444 
   00973    0.4700    -779.7075  0.3451 
   00974    0.5100    -755.0383  0.3311 
   00975    0.5300    -758.0554  0.3043 
   00976    0.5600    -773.5747  0.2974 
   00977    0.4500    -762.4599  0.3016 
   00978    0.5300    -721.8749  0.2898 
   00979    0.4600    -723.9559  0.2784 
   00980    0.5400    -736.3624  0.2705 
   00981    0.5000    -763.9776  0.2914 
   00982    0.4400    -762.2936  0.3097 
   00983    0.4300    -776.2983  0.2989 
   00984    0.5300    -787.5833  0.2883 
   00985    0.4800    -759.1827  0.2791 
   00986    0.5100    -779.4091  0.3001 
   00987    0.5200    -765.1709  0.3012 
   00988    0.4500    -752.1183  0.2970 
   00989    0.4800    -726.3969  0.2907 
   00990    0.4600    -708.5423  0.3114 
   00991    0.5300    -722.0230  0.3009 
   00992    0.5000    -723.1505  0.2949 
   00993    0.5600    -717.4397  0.2822 
   00994    0.4800    -718.7210  0.2731 
   00995    0.4700    -726.2460  0.2776 
   00996    0.4600    -713.3110  0.2711 
   00997    0.5100    -722.7113  0.3049 
   00998    0.5400    -702.6369  0.3266 
   00999    0.4500    -714.0082  0.3367 
   01000    0.4800    -710.5906  0.3359 
