#=====================================================
# File created:        Mon-06-Nov-2023-at-03-24-28PM
# Size of lattice:     80x80
# Number of MC steps:  1000
# Reduced temperature: 1.200
# Run time (s):        33.442319
#=====================================================
# MC step:  Ratio:     Energy:   Order:
#=====================================================
   00000    0.5000   -6524.5557  0.2515 
   00001    0.7089   -9631.7667  0.2513 
   00002    0.6459  -10830.1948  0.2571 
   00003    0.6162  -11403.3713  0.2589 
   00004    0.6084  -11946.5243  0.2635 
   00005    0.5911  -12398.2445  0.2688 
   00006    0.5939  -12453.3865  0.2659 
   00007    0.5655  -12593.6474  0.2663 
   00008    0.5803  -12684.0438  0.2696 
   00009    0.5834  -12764.4197  0.2701 
   00010    0.5700  -12896.5825  0.2675 
   00011    0.5689  -12903.4235  0.2743 
   00012    0.5733  -12982.3459  0.2750 
   00013    0.5569  -13145.6298  0.2760 
   00014    0.5642  -13291.0975  0.2670 
   00015    0.5495  -13332.6599  0.2612 
   00016    0.5559  -13157.8171  0.2543 
   00017    0.5578  -13109.4021  0.2622 
   00018    0.5684  -13061.0802  0.2729 
   00019    0.5637  -12840.2968  0.2828 
   00020    0.5639  -13044.7414  0.2880 
   00021    0.5713  -13004.4404  0.2854 
   00022    0.5787  -13080.9614  0.2823 
   00023    0.5645  -13313.6015  0.2860 
   00024    0.5616  -13276.8941  0.2722 
   00025    0.5670  -13252.2327  0.2809 
   00026    0.5609  -13141.3549  0.2856 
   00027    0.5525  -13271.4109  0.2867 
   00028    0.5556  -13094.3549  0.2885 
   00029    0.5606  -13120.3850  0.2834 
   00030    0.5591  -13150.0836  0.2774 
   00031    0.5681  -13132.7437  0.2725 
   00032    0.5577  -13359.3506  0.2744 
   00033    0.5561  -13206.7505  0.2838 
   00034    0.5586  -13059.1708  0.2829 
   00035    0.5780  -13138.9060  0.2872 
   00036    0.5633  -13069.2734  0.2932 
   00037    0.5637  -13113.0665  0.2937 
   00038    0.5616  -13054.9549  0.2824 
   00039    0.5658  -12946.8639  0.2823 
   00040    0.5645  -13137.0445  0.2691 
   00041    0.5580  -13015.4916  0.2613 
   00042    0.5658  -13080.5051  0.2523 
   00043    0.5645  -13123.5634  0.2557 
   00044    0.5592  -13338.1778  0.2558 
   00045    0.5636  -13288.8000  0.2518 
   00046    0.5644  -13362.1184  0.2625 
   00047    0.5563  -13485.1529  0.2612 
   00048    0.5608  -13285.2011  0.2536 
   00049    0.5566  -13466.1090  0.2649 
   00050    0.5494  -13469.5600  0.2526 
   00051    0.5564  -13440.6334  0.2569 
   00052    0.5630  -13459.4433  0.2565 
   00053    0.5577  -13386.4870  0.2633 
   00054    0.5597  -13263.8805  0.2685 
   00055    0.5675  -13203.5602  0.2616 
   00056    0.5802  -13047.0548  0.2573 
   00057    0.5670  -13111.2703  0.2550 
   00058    0.5664  -13035.7431  0.2616 
   00059    0.5822  -13177.2363  0.2752 
   00060    0.5641  -13141.8844  0.2826 
   00061    0.5655  -13143.5052  0.2911 
   00062    0.5606  -13349.2124  0.3005 
   00063    0.5456  -13465.3904  0.2888 
   00064    0.5486  -13446.8592  0.2966 
   00065    0.5522  -13543.3864  0.3049 
   00066    0.5597  -13566.7179  0.3035 
   00067    0.5530  -13412.3502  0.3032 
   00068    0.5578  -13234.0620  0.2990 
   00069    0.5583  -13214.5637  0.2928 
   00070    0.5647  -13317.6699  0.2988 
   00071    0.5569  -13312.4484  0.3028 
   00072    0.5600  -13480.5794  0.3007 
   00073    0.5497  -13310.5506  0.2917 
   00074    0.5567  -13306.5893  0.2954 
   00075    0.5480  -13386.2407  0.2932 
   00076    0.5566  -13345.3627  0.2938 
   00077    0.5508  -13266.7012  0.2869 
   00078    0.5566  -13266.8989  0.2907 
   00079    0.5620  -13153.9928  0.2861 
   00080    0.5498  -13202.4354  0.2875 
   00081    0.5675  -13105.4202  0.2816 
   00082    0.5639  -13245.4514  0.2800 
   00083    0.5542  -13333.0021  0.2840 
   00084    0.5592  -13474.4777  0.2832 
   00085    0.5567  -13325.3728  0.2798 
   00086    0.5434  -13270.3823  0.2850 
   00087    0.5589  -13476.2712  0.2951 
   00088    0.5450  -13329.7185  0.3002 
   00089    0.5587  -13327.3497  0.2901 
   00090    0.5567  -13348.7975  0.2876 
   00091    0.5634  -13408.6773  0.2850 
   00092    0.5502  -13498.1723  0.2877 
   00093    0.5478  -13435.5207  0.2858 
   00094    0.5530  -13468.3894  0.2875 
   00095    0.5514  -13668.4134  0.2924 
   00096    0.5453  -13453.8194  0.2856 
   00097    0.5502  -13510.1803  0.2815 
   00098    0.5455  -13585.0456  0.2805 
   00099    0.5478  -13387.4432  0.2795 
   00100    0.5495  -13350.3434  0.2797 
   00101    0.5617  -13299.8945  0.2778 
   00102    0.5534  -13240.1480  0.2851 
   00103    0.5522  -13279.3447  0.2864 
   00104    0.5589  -13315.1876  0.2899 
   00105    0.5539  -13240.0805  0.2905 
   00106    0.5606  -12957.3497  0.2943 
   00107    0.5589  -13127.9852  0.2883 
   00108    0.5686  -13167.6215  0.2944 
   00109    0.5592  -13302.3759  0.2893 
   00110    0.5522  -13269.2095  0.2995 
   00111    0.5741  -13235.3981  0.3011 
   00112    0.5608  -13305.2404  0.2958 
   00113    0.5650  -13218.3977  0.2863 
   00114    0.5553  -13320.1619  0.2710 
   00115    0.5506  -13492.8285  0.2663 
   00116    0.5522  -13546.9800  0.2659 
   00117    0.5672  -13224.4285  0.2726 
   00118    0.5558  -13285.6607  0.2743 
   00119    0.5609  -13323.7556  0.2782 
   00120    0.5583  -13410.2020  0.2938 
   00121    0.5484  -13428.7596  0.2864 
   00122    0.5611  -13452.9979  0.2897 
   00123    0.5548  -13404.6116  0.2929 
   00124    0.5673  -13415.6054  0.2789 
   00125    0.5661  -13424.9339  0.2766 
   00126    0.5592  -13308.7876  0.2744 
   00127    0.5727  -13183.1512  0.2763 
   00128    0.5580  -13390.0196  0.2723 
   00129    0.5645  -13369.1173  0.2630 
   00130    0.5602  -13490.9696  0.2739 
   00131    0.5567  -13489.3378  0.2715 
   00132    0.5563  -13325.5791  0.2714 
   00133    0.5608  -13392.6333  0.2745 
   00134    0.5656  -13278.0036  0.2706 
   00135    0.5706  -13329.0118  0.2710 
   00136    0.5500  -13469.6595  0.2681 
   00137    0.5467  -13454.8171  0.2637 
   00138    0.5394  -13535.8605  0.2594 
   00139    0.5463  -13282.6458  0.2597 
   00140    0.5614  -13385.5710  0.2598 
   00141    0.5584  -13276.4062  0.2593 
   00142    0.5677  -13192.7693  0.2670 
   00143    0.5658  -13119.8762  0.2610 
   00144    0.5644  -13187.0250  0.2563 
   00145    0.5484  -13207.7066  0.2558 
   00146    0.5687  -13306.2519  0.2600 
   00147    0.5698  -13297.3515  0.2652 
   00148    0.5575  -13308.4173  0.2660 
   00149    0.5552  -13306.7322  0.2623 
   00150    0.5592  -13190.8512  0.2624 
   00151    0.5509  -13331.4260  0.2608 
   00152    0.5484  -13289.2325  0.2558 
   00153    0.5609  -13232.1069  0.2566 
   00154    0.5497  -13455.2401  0.2571 
   00155    0.5539  -13403.6887  0.2583 
   00156    0.5583  -13408.7610  0.2616 
   00157    0.5536  -13310.5850  0.2635 
   00158    0.5589  -13282.6574  0.2592 
   00159    0.5605  -13318.6625  0.2664 
   00160    0.5633  -13328.9750  0.2624 
   00161    0.5572  -13220.1813  0.2610 
   00162    0.5519  -13159.5674  0.2653 
   00163    0.5633  -13187.7367  0.2749 
   00164    0.5606  -13254.0225  0.2826 
   00165    0.5556  -12994.7023  0.2782 
   00166    0.5702  -12898.5707  0.2837 
   00167    0.5681  -12996.5414  0.2789 
   00168    0.5723  -12945.8785  0.2701 
   00169    0.5694  -13080.9538  0.2817 
   00170    0.5569  -13044.1111  0.2836 
   00171    0.5647  -13192.9176  0.2845 
   00172    0.5616  -13092.8830  0.2776 
   00173    0.5627  -13078.9203  0.2809 
   00174    0.5673  -13136.9647  0.2829 
   00175    0.5619  -13268.6344  0.2793 
   00176    0.5523  -13173.4006  0.2703 
   00177    0.5608  -13014.0031  0.2633 
   00178    0.5645  -13219.0861  0.2636 
   00179    0.5606  -13000.1410  0.2666 
   00180    0.5744  -13075.7890  0.2562 
   00181    0.5473  -13266.4088  0.2693 
   00182    0.5575  -13219.2342  0.2703 
   00183    0.5611  -13296.4815  0.2739 
   00184    0.5452  -13472.2199  0.2730 
   00185    0.5564  -13542.9495  0.2658 
   00186    0.5608  -13405.4646  0.2693 
   00187    0.5533  -13453.4699  0.2654 
   00188    0.5702  -13333.2644  0.2636 
   00189    0.5503  -13422.9265  0.2593 
   00190    0.5484  -13425.4785  0.2642 
   00191    0.5686  -13173.2312  0.2669 
   00192    0.5578  -13081.3964  0.2595 
   00193    0.5605  -13297.5841  0.2637 
   00194    0.5631  -13267.8739  0.2670 
   00195    0.5409  -13532.0996  0.2778 
   00196    0.5558  -13342.6762  0.2733 
   00197    0.5545  -13403.3595  0.2748 
   00198    0.5641  -13311.3626  0.2745 
   00199    0.5591  -13337.1080  0.2659 
   00200    0.5558  -13135.9444  0.2629 
   00201    0.5608  -13187.0216  0.2782 
   00202    0.5694  -13291.9074  0.2732 
   00203    0.5600  -13386.9945  0.2681 
   00204    0.5573  -13352.8424  0.2745 
   00205    0.5627  -13231.5116  0.2668 
   00206    0.5622  -13264.8429  0.2734 
   00207    0.5559  -13354.5507  0.2756 
   00208    0.5650  -13317.1272  0.2698 
   00209    0.5630  -13332.6746  0.2724 
   00210    0.5456  -13359.8218  0.2723 
   00211    0.5498  -13382.6117  0.2745 
   00212    0.5589  -13181.9429  0.2737 
   00213    0.5537  -13108.1963  0.2831 
   00214    0.5556  -13222.7373  0.2921 
   00215    0.5552  -13191.9080  0.3020 
   00216    0.5575  -13330.0363  0.2872 
   00217    0.5470  -13301.9672  0.2923 
   00218    0.5614  -13208.8152  0.2901 
   00219    0.5608  -13314.5082  0.2828 
   00220    0.5550  -13366.2581  0.2815 
   00221    0.5637  -13532.0755  0.2789 
   00222    0.5456  -13567.9585  0.2755 
   00223    0.5670  -13409.0197  0.2747 
   00224    0.5580  -13441.5658  0.2690 
   00225    0.5631  -13494.9292  0.2588 
   00226    0.5497  -13550.3588  0.2593 
   00227    0.5545  -13563.5931  0.2577 
   00228    0.5516  -13670.0312  0.2556 
   00229    0.5516  -13432.4326  0.2620 
   00230    0.5575  -13311.4894  0.2580 
   00231    0.5716  -13389.3654  0.2581 
   00232    0.5514  -13393.9427  0.2603 
   00233    0.5542  -13454.2346  0.2706 
   00234    0.5536  -13416.2930  0.2706 
   00235    0.5663  -13369.7558  0.2700 
   00236    0.5625  -13452.6971  0.2753 
   00237    0.5603  -13584.7753  0.2756 
   00238    0.5523  -13587.5358  0.2695 
   00239    0.5422  -13614.6840  0.2612 
   00240    0.5439  -13454.2168  0.2651 
   00241    0.5519  -13549.1510  0.2590 
   00242    0.5503  -13386.2289  0.2553 
   00243    0.5517  -13373.7316  0.2549 
   00244    0.5569  -13216.4504  0.2568 
   00245    0.5555  -13183.7183  0.2569 
   00246    0.5484  -13209.8139  0.2553 
   00247    0.5608  -13394.5942  0.2561 
   00248    0.5544  -13498.2579  0.2597 
   00249    0.5495  -13327.8271  0.2643 
   00250    0.5453  -13467.1132  0.2725 
   00251    0.5561  -13281.5019  0.2730 
   00252    0.5544  -13125.8539  0.2657 
   00253    0.5567  -13160.5979  0.2600 
   00254    0.5731  -13154.4743  0.2712 
   00255    0.5598  -13174.1236  0.2735 
   00256    0.5622  -13281.2820  0.2792 
   00257    0.5539  -13391.6639  0.2798 
   00258    0.5489  -13513.3363  0.2736 
   00259    0.5539  -13407.0274  0.2695 
   00260    0.5480  -13255.5419  0.2661 
   00261    0.5569  -13191.7275  0.2753 
   00262    0.5589  -13353.4465  0.2792 
   00263    0.5475  -13343.1916  0.2821 
   00264    0.5528  -13399.2974  0.2768 
   00265    0.5545  -13408.1262  0.2789 
   00266    0.5553  -13381.0872  0.2800 
   00267    0.5539  -13330.7969  0.2777 
   00268    0.5609  -13082.8636  0.2751 
   00269    0.5581  -13134.0928  0.2712 
   00270    0.5583  -13040.3929  0.2794 
   00271    0.5733  -13159.8198  0.2730 
   00272    0.5587  -13243.4455  0.2684 
   00273    0.5589  -13134.0988  0.2660 
   00274    0.5606  -13145.7680  0.2629 
   00275    0.5647  -13182.3987  0.2569 
   00276    0.5697  -13154.6879  0.2528 
   00277    0.5594  -13105.1543  0.2594 
   00278    0.5602  -13329.4148  0.2581 
   00279    0.5653  -13409.7353  0.2560 
   00280    0.5434  -13454.0034  0.2538 
   00281    0.5670  -13434.1013  0.2581 
   00282    0.5567  -13270.7297  0.2510 
   00283    0.5695  -13319.2353  0.2623 
   00284    0.5561  -13537.2495  0.2727 
   00285    0.5366  -13507.6836  0.2813 
   00286    0.5539  -13465.2578  0.2875 
   00287    0.5586  -13215.6719  0.2884 
   00288    0.5592  -13243.1719  0.2911 
   00289    0.5617  -13199.4740  0.2870 
   00290    0.5637  -13172.2495  0.2850 
   00291    0.5492  -13208.6425  0.2716 
   00292    0.5650  -13121.3997  0.2684 
   00293    0.5666  -13126.7041  0.2747 
   00294    0.5687  -13040.4355  0.2765 
   00295    0.5483  -13199.4325  0.2777 
   00296    0.5639  -13116.0404  0.2782 
   00297    0.5523  -13162.3435  0.2696 
   00298    0.5573  -13168.3614  0.2687 
   00299    0.5691  -13246.8551  0.2701 
   00300    0.5561  -13445.3349  0.2674 
   00301    0.5498  -13295.9287  0.2685 
   00302    0.5600  -13272.0827  0.2689 
   00303    0.5602  -13213.3421  0.2652 
   00304    0.5691  -13146.9789  0.2630 
   00305    0.5609  -13125.0230  0.2599 
   00306    0.5556  -13320.6327  0.2629 
   00307    0.5536  -13280.5265  0.2558 
   00308    0.5644  -13070.6602  0.2552 
   00309    0.5686  -13190.6631  0.2593 
   00310    0.5541  -13276.6892  0.2675 
   00311    0.5564  -13398.3721  0.2683 
   00312    0.5548  -13306.8998  0.2686 
   00313    0.5605  -13294.0786  0.2688 
   00314    0.5519  -13345.1496  0.2681 
   00315    0.5527  -13209.6539  0.2617 
   00316    0.5627  -13427.3719  0.2685 
   00317    0.5581  -13295.5639  0.2663 
   00318    0.5692  -13266.1720  0.2673 
   00319    0.5642  -13187.2121  0.2699 
   00320    0.5602  -13197.3917  0.2741 
   00321    0.5627  -13119.8575  0.2756 
   00322    0.5597  -13030.1064  0.2775 
   00323    0.5617  -13117.8607  0.2768 
   00324    0.5627  -13048.2380  0.2712 
   00325    0.5631  -13109.2534  0.2643 
   00326    0.5603  -13268.5285  0.2680 
   00327    0.5461  -13324.9019  0.2566 
   00328    0.5592  -13236.2047  0.2543 
   00329    0.5647  -13431.6578  0.2592 
   00330    0.5537  -13287.1803  0.2708 
   00331    0.5639  -13254.7183  0.2715 
   00332    0.5528  -13233.5314  0.2680 
   00333    0.5539  -13207.3458  0.2673 
   00334    0.5656  -13145.6145  0.2535 
   00335    0.5586  -13032.3144  0.2567 
   00336    0.5723  -13303.2554  0.2511 
   00337    0.5564  -13252.1546  0.2523 
   00338    0.5578  -13349.1215  0.2555 
   00339    0.5509  -13336.3339  0.2566 
   00340    0.5611  -13234.5045  0.2666 
   00341    0.5609  -13132.4635  0.2703 
   00342    0.5663  -13234.8144  0.2627 
   00343    0.5578  -13384.0850  0.2652 
   00344    0.5609  -13229.9266  0.2660 
   00345    0.5631  -13247.0254  0.2646 
   00346    0.5686  -13297.4946  0.2551 
   00347    0.5536  -13166.1014  0.2514 
   00348    0.5577  -13323.6831  0.2560 
   00349    0.5619  -13262.7313  0.2562 
   00350    0.5475  -13238.4456  0.2545 
   00351    0.5578  -13360.7456  0.2606 
   00352    0.5573  -13333.9396  0.2645 
   00353    0.5634  -13380.7059  0.2671 
   00354    0.5519  -13357.2373  0.2727 
   00355    0.5561  -13519.1450  0.2669 
   00356    0.5469  -13406.5315  0.2689 
   00357    0.5602  -13102.0207  0.2697 
   00358    0.5642  -13159.3688  0.2650 
   00359    0.5777  -13083.0727  0.2716 
   00360    0.5498  -13209.5911  0.2700 
   00361    0.5672  -13171.4037  0.2670 
   00362    0.5627  -13278.9845  0.2687 
   00363    0.5611  -13282.8928  0.2703 
   00364    0.5494  -13238.1572  0.2688 
   00365    0.5616  -13273.3953  0.2627 
   00366    0.5680  -13223.7857  0.2621 
   00367    0.5567  -13147.8829  0.2607 
   00368    0.5580  -13283.3693  0.2599 
   00369    0.5583  -13195.1075  0.2583 
   00370    0.5678  -13286.7134  0.2607 
   00371    0.5587  -13289.3370  0.2638 
   00372    0.5563  -13442.4074  0.2600 
   00373    0.5508  -13420.6445  0.2591 
   00374    0.5658  -13354.2185  0.2548 
   00375    0.5586  -13334.6742  0.2591 
   00376    0.5464  -13284.3025  0.2569 
   00377    0.5745  -13261.7437  0.2537 
   00378    0.5602  -13366.8025  0.2608 
   00379    0.5461  -13399.5397  0.2543 
   00380    0.5530  -13365.5531  0.2613 
   00381    0.5634  -13221.3929  0.2601 
   00382    0.5737  -13161.1140  0.2690 
   00383    0.5703  -13079.3810  0.2703 
   00384    0.5545  -13129.6790  0.2749 
   00385    0.5598  -13217.3979  0.2751 
   00386    0.5597  -13116.2179  0.2618 
   00387    0.5695  -13085.1287  0.2596 
   00388    0.5561  -13319.1049  0.2587 
   00389    0.5625  -13215.4526  0.2626 
   00390    0.5627  -13316.2355  0.2651 
   00391    0.5589  -13291.2945  0.2645 
   00392    0.5522  -13497.4886  0.2639 
   00393    0.5550  -13356.5617  0.2590 
   00394    0.5498  -13464.7327  0.2590 
   00395    0.5586  -13354.0610  0.2621 
   00396    0.5459  -13434.1666  0.2677 
   00397    0.5511  -13558.8541  0.2652 
   00398    0.5403  -13582.5379  0.2637 
   00399    0.5556  -13443.8218  0.2618 
   00400    0.5455  -13408.4074  0.2676 
   00401    0.5517  -13367.2290  0.2599 
   00402    0.5559  -13428.5900  0.2646 
   00403    0.5580  -13242.2823  0.2739 
   00404    0.5556  -13333.3149  0.2780 
   00405    0.5458  -13377.7104  0.2675 
   00406    0.5478  -13377.5026  0.2691 
   00407    0.5673  -13351.2900  0.2643 
   00408    0.5559  -13220.3086  0.2626 
   00409    0.5684  -13173.0543  0.2544 
   00410    0.5608  -13245.5093  0.2603 
   00411    0.5691  -13216.8460  0.2580 
   00412    0.5614  -13097.3098  0.2636 
   00413    0.5573  -13282.7076  0.2644 
   00414    0.5716  -13130.6944  0.2570 
   00415    0.5692  -13347.8042  0.2558 
   00416    0.5542  -13251.2400  0.2542 
   00417    0.5517  -13340.6987  0.2592 
   00418    0.5527  -13339.6128  0.2542 
   00419    0.5631  -13470.3093  0.2547 
   00420    0.5561  -13469.3000  0.2570 
   00421    0.5644  -13409.1919  0.2560 
   00422    0.5508  -13431.3910  0.2620 
   00423    0.5619  -13428.6034  0.2658 
   00424    0.5511  -13497.1039  0.2716 
   00425    0.5561  -13430.6100  0.2716 
   00426    0.5611  -13375.0880  0.2709 
   00427    0.5483  -13355.9391  0.2641 
   00428    0.5531  -13363.0837  0.2657 
   00429    0.5550  -13370.7596  0.2650 
   00430    0.5575  -13271.4456  0.2657 
   00431    0.5606  -13132.7912  0.2663 
   00432    0.5637  -13296.4362  0.2638 
   00433    0.5622  -13252.0163  0.2573 
   00434    0.5434  -13362.6910  0.2641 
   00435    0.5513  -13376.8150  0.2598 
   00436    0.5594  -13308.5823  0.2525 
   00437    0.5616  -13309.5232  0.2586 
   00438    0.5687  -13351.7385  0.2656 
   00439    0.5428  -13232.7053  0.2641 
   00440    0.5645  -13239.5878  0.2604 
   00441    0.5647  -13153.7061  0.2625 
   00442    0.5741  -13077.8943  0.2599 
   00443    0.5517  -13136.0465  0.2652 
   00444    0.5586  -13214.2684  0.2645 
   00445    0.5580  -13260.5432  0.2696 
   00446    0.5548  -13167.6244  0.2694 
   00447    0.5705  -13102.2220  0.2689 
   00448    0.5706  -13243.7288  0.2757 
   00449    0.5444  -13251.3613  0.2825 
   00450    0.5734  -13230.3403  0.2882 
   00451    0.5680  -13306.1090  0.2904 
   00452    0.5600  -13435.0744  0.2898 
   00453    0.5459  -13384.1414  0.2923 
   00454    0.5558  -13253.9436  0.2851 
   00455    0.5611  -13240.5894  0.2870 
   00456    0.5603  -13295.3128  0.2856 
   00457    0.5586  -13225.1961  0.2878 
   00458    0.5669  -13166.0084  0.2835 
   00459    0.5539  -13426.2763  0.2885 
   00460    0.5586  -13350.4554  0.2920 
   00461    0.5666  -13358.5958  0.2932 
   00462    0.5519  -13458.9843  0.2863 
   00463    0.5572  -13397.9927  0.2885 
   00464    0.5581  -13184.2972  0.2899 
   00465    0.5583  -13348.5173  0.2942 
   00466    0.5592  -13386.7483  0.2989 
   00467    0.5463  -13399.1506  0.3043 
   00468    0.5633  -13353.0769  0.3050 
   00469    0.5539  -13333.4896  0.3092 
   00470    0.5722  -13389.3329  0.3091 
   00471    0.5652  -13344.7170  0.3097 
   00472    0.5555  -13168.5771  0.3066 
   00473    0.5491  -13294.3382  0.3023 
   00474    0.5498  -13285.7151  0.2954 
   00475    0.5523  -13339.0121  0.2901 
   00476    0.5553  -13455.5075  0.2878 
   00477    0.5567  -13373.1060  0.2845 
   00478    0.5455  -13311.3442  0.2769 
   00479    0.5730  -13376.2988  0.2787 
   00480    0.5617  -13473.2626  0.2773 
   00481    0.5630  -13145.4604  0.2794 
   00482    0.5525  -13244.2056  0.2810 
   00483    0.5600  -13055.2339  0.2785 
   00484    0.5466  -13075.0264  0.2744 
   00485    0.5641  -13189.7402  0.2742 
   00486    0.5613  -13193.6225  0.2802 
   00487    0.5691  -13178.0135  0.2699 
   00488    0.5606  -13010.4766  0.2672 
   00489    0.5675  -12845.7066  0.2605 
   00490    0.5750  -13185.2649  0.2685 
   00491    0.5514  -13262.2664  0.2643 
   00492    0.5645  -13203.6770  0.2635 
   00493    0.5636  -13098.5959  0.2534 
   00494    0.5597  -13153.4790  0.2630 
   00495    0.5692  -13145.3835  0.2578 
   00496    0.5636  -13240.3685  0.2597 
   00497    0.5630  -13150.8142  0.2591 
   00498    0.5745  -13066.4859  0.2635 
   00499    0.5627  -13091.5314  0.2574 
   00500    0.5636  -13218.3958  0.2628 
   00501    0.5537  -13213.8462  0.2521 
   00502    0.5642  -13232.3388  0.2592 
   00503    0.5566  -13158.7446  0.2643 
   00504    0.5617  -13266.2201  0.2662 
   00505    0.5656  -13199.9801  0.2604 
   00506    0.5492  -13157.5271  0.2669 
   00507    0.5522  -13248.1757  0.2688 
   00508    0.5498  -13344.5711  0.2687 
   00509    0.5553  -13320.1660  0.2691 
   00510    0.5661  -13362.6722  0.2726 
   00511    0.5619  -13221.8593  0.2824 
   00512    0.5702  -13196.7972  0.2915 
   00513    0.5691  -13249.2386  0.2998 
   00514    0.5648  -13489.5205  0.2976 
   00515    0.5473  -13442.7392  0.2828 
   00516    0.5609  -13437.1475  0.2807 
   00517    0.5620  -13247.8379  0.2837 
   00518    0.5630  -13310.3068  0.2888 
   00519    0.5537  -13440.1354  0.2878 
   00520    0.5605  -13452.6310  0.2839 
   00521    0.5553  -13463.1691  0.2861 
   00522    0.5541  -13400.5403  0.2892 
   00523    0.5509  -13373.9716  0.3007 
   00524    0.5564  -13242.0813  0.3048 
   00525    0.5742  -13311.2379  0.2949 
   00526    0.5503  -13335.4869  0.2907 
   00527    0.5552  -13146.4127  0.2996 
   00528    0.5589  -13117.8570  0.3017 
   00529    0.5559  -13215.5180  0.2962 
   00530    0.5558  -13372.5309  0.2911 
   00531    0.5470  -13235.6505  0.2902 
   00532    0.5552  -13225.0133  0.2856 
   00533    0.5492  -13148.2505  0.2849 
   00534    0.5559  -13284.4480  0.2799 
   00535    0.5683  -13419.5683  0.2915 
   00536    0.5530  -13469.1360  0.2949 
   00537    0.5559  -13611.6796  0.2976 
   00538    0.5467  -13470.1355  0.2795 
   00539    0.5434  -13450.6194  0.2817 
   00540    0.5531  -13527.1038  0.2738 
   00541    0.5478  -13629.6101  0.2786 
   00542    0.5527  -13561.0775  0.2826 
   00543    0.5491  -13489.9785  0.2815 
   00544    0.5414  -13389.7972  0.2767 
   00545    0.5500  -13433.4890  0.2785 
   00546    0.5506  -13338.5655  0.2762 
   00547    0.5456  -13424.5249  0.2718 
   00548    0.5464  -13458.9672  0.2699 
   00549    0.5509  -13171.5363  0.2747 
   00550    0.5595  -13225.1641  0.2727 
   00551    0.5669  -13028.9624  0.2835 
   00552    0.5563  -13205.2378  0.2790 
   00553    0.5605  -13312.5661  0.2699 
   00554    0.5669  -13315.6738  0.2721 
   00555    0.5589  -13252.5972  0.2776 
   00556    0.5634  -13272.7321  0.2708 
   00557    0.5511  -13333.8674  0.2718 
   00558    0.5539  -13453.2813  0.2734 
   00559    0.5591  -13351.5955  0.2778 
   00560    0.5642  -13518.2386  0.2828 
   00561    0.5437  -13360.5196  0.2750 
   00562    0.5578  -13297.0582  0.2760 
   00563    0.5522  -13472.1286  0.2844 
   00564    0.5569  -13501.2941  0.2868 
   00565    0.5414  -13331.7722  0.2835 
   00566    0.5617  -13246.0317  0.2896 
   00567    0.5667  -13255.8008  0.2904 
   00568    0.5658  -13147.5500  0.2833 
   00569    0.5678  -13175.6475  0.2862 
   00570    0.5578  -13215.8002  0.2856 
   00571    0.5597  -13323.8436  0.2865 
   00572    0.5527  -13362.6250  0.2849 
   00573    0.5581  -13518.7901  0.2930 
   00574    0.5486  -13611.5828  0.2832 
   00575    0.5561  -13646.0179  0.2845 
   00576    0.5477  -13503.7242  0.2794 
   00577    0.5553  -13380.4482  0.2763 
   00578    0.5547  -13502.7348  0.2845 
   00579    0.5602  -13649.5830  0.2872 
   00580    0.5466  -13633.4583  0.2871 
   00581    0.5580  -13623.0652  0.2946 
   00582    0.5436  -13504.4646  0.3041 
   00583    0.5442  -13282.2213  0.2897 
   00584    0.5627  -13382.3426  0.2931 
   00585    0.5553  -13265.6996  0.2861 
   00586    0.5622  -13373.4339  0.2804 
   00587    0.5430  -13519.5450  0.2811 
   00588    0.5534  -13596.1098  0.2803 
   00589    0.5522  -13390.8300  0.2872 
   00590    0.5509  -13286.9773  0.2805 
   00591    0.5500  -13327.3424  0.2874 
   00592    0.5614  -13352.6612  0.2820 
   00593    0.5541  -13348.7527  0.2779 
   00594    0.5550  -13355.0681  0.2715 
   00595    0.5655  -13406.6219  0.2742 
   00596    0.5522  -13159.7851  0.2725 
   00597    0.5639  -13257.9235  0.2676 
   00598    0.5564  -13465.0689  0.2722 
   00599    0.5539  -13378.6751  0.2680 
   00600    0.5495  -13495.9033  0.2679 
   00601    0.5428  -13452.1836  0.2689 
   00602    0.5481  -13486.1630  0.2715 
   00603    0.5553  -13278.2395  0.2748 
   00604    0.5506  -13323.9748  0.2692 
   00605    0.5748  -13336.7746  0.2781 
   00606    0.5555  -13286.3108  0.2816 
   00607    0.5533  -13292.5701  0.2734 
   00608    0.5586  -13382.9414  0.2718 
   00609    0.5606  -13581.3212  0.2743 
   00610    0.5548  -13315.0178  0.2746 
   00611    0.5672  -13333.2600  0.2783 
   00612    0.5569  -13283.7320  0.2674 
   00613    0.5581  -13288.3906  0.2532 
   00614    0.5617  -13457.7876  0.2590 
   00615    0.5531  -13279.4046  0.2594 
   00616    0.5537  -13311.4047  0.2745 
   00617    0.5583  -13278.2095  0.2724 
   00618    0.5600  -13414.9645  0.2743 
   00619    0.5648  -13256.3361  0.2706 
   00620    0.5602  -13185.9367  0.2721 
   00621    0.5534  -13245.0435  0.2749 
   00622    0.5530  -13356.2218  0.2750 
   00623    0.5578  -13225.5903  0.2710 
   00624    0.5611  -13324.0053  0.2751 
   00625    0.5645  -13316.7775  0.2778 
   00626    0.5584  -13410.0993  0.2773 
   00627    0.5509  -13396.6424  0.2780 
   00628    0.5494  -13365.5912  0.2733 
   00629    0.5544  -13401.1719  0.2777 
   00630    0.5437  -13522.2235  0.2654 
   00631    0.5416  -13461.2411  0.2658 
   00632    0.5567  -13332.2761  0.2654 
   00633    0.5614  -13384.5296  0.2656 
   00634    0.5416  -13411.8464  0.2702 
   00635    0.5472  -13447.9901  0.2608 
   00636    0.5513  -13404.1386  0.2630 
   00637    0.5572  -13408.0154  0.2655 
   00638    0.5630  -13366.9920  0.2632 
   00639    0.5684  -13190.0458  0.2676 
   00640    0.5620  -13367.4675  0.2680 
   00641    0.5509  -13362.7905  0.2693 
   00642    0.5527  -13509.0606  0.2638 
   00643    0.5572  -13409.3668  0.2647 
   00644    0.5548  -13276.6049  0.2709 
   00645    0.5739  -13283.4762  0.2674 
   00646    0.5483  -13334.8513  0.2740 
   00647    0.5520  -13334.9375  0.2756 
   00648    0.5550  -13469.0043  0.2660 
   00649    0.5544  -13441.7579  0.2677 
   00650    0.5375  -13364.0430  0.2651 
   00651    0.5627  -13285.3755  0.2695 
   00652    0.5653  -13267.4327  0.2773 
   00653    0.5464  -13366.0037  0.2798 
   00654    0.5477  -13567.2175  0.2787 
   00655    0.5566  -13393.2981  0.2809 
   00656    0.5655  -13405.3949  0.2824 
   00657    0.5580  -13504.7196  0.2715 
   00658    0.5572  -13373.0880  0.2664 
   00659    0.5628  -13404.7149  0.2641 
   00660    0.5584  -13393.9370  0.2683 
   00661    0.5653  -13310.8284  0.2699 
   00662    0.5639  -13223.9900  0.2627 
   00663    0.5587  -13389.5711  0.2512 
   00664    0.5587  -13402.9958  0.2579 
   00665    0.5564  -13541.1504  0.2699 
   00666    0.5539  -13603.6753  0.2756 
   00667    0.5569  -13396.8333  0.2744 
   00668    0.5580  -13387.0743  0.2644 
   00669    0.5648  -13332.6489  0.2626 
   00670    0.5477  -13203.4624  0.2610 
   00671    0.5481  -13281.4102  0.2718 
   00672    0.5484  -13329.5282  0.2672 
   00673    0.5609  -13230.1718  0.2575 
   00674    0.5609  -13323.6853  0.2565 
   00675    0.5531  -13342.9273  0.2612 
   00676    0.5631  -13125.1596  0.2575 
   00677    0.5691  -13179.4337  0.2611 
   00678    0.5537  -13227.4618  0.2710 
   00679    0.5528  -13261.1763  0.2737 
   00680    0.5683  -13371.4140  0.2728 
   00681    0.5387  -13295.6461  0.2649 
   00682    0.5505  -13363.0532  0.2606 
   00683    0.5583  -13274.6263  0.2649 
   00684    0.5589  -13324.2987  0.2651 
   00685    0.5567  -13261.3362  0.2698 
   00686    0.5609  -13183.2236  0.2635 
   00687    0.5578  -13255.4345  0.2656 
   00688    0.5597  -13197.6698  0.2627 
   00689    0.5631  -13425.0904  0.2563 
   00690    0.5603  -13349.4506  0.2514 
   00691    0.5637  -13117.6783  0.2574 
   00692    0.5553  -13088.1270  0.2569 
   00693    0.5533  -13101.4516  0.2617 
   00694    0.5633  -13053.3157  0.2649 
   00695    0.5561  -13090.7816  0.2575 
   00696    0.5608  -13155.1318  0.2547 
   00697    0.5620  -13203.1663  0.2681 
   00698    0.5492  -13361.3263  0.2737 
   00699    0.5570  -13325.4139  0.2746 
   00700    0.5587  -13204.4616  0.2834 
   00701    0.5533  -13279.6625  0.2756 
   00702    0.5622  -13289.5598  0.2818 
   00703    0.5697  -13179.6647  0.2798 
   00704    0.5622  -13172.8109  0.2802 
   00705    0.5555  -13039.3102  0.2766 
   00706    0.5627  -12979.2908  0.2729 
   00707    0.5797  -12995.1383  0.2835 
   00708    0.5705  -13221.6568  0.2681 
   00709    0.5539  -13338.5597  0.2706 
   00710    0.5556  -13180.2822  0.2653 
   00711    0.5611  -13092.1851  0.2636 
   00712    0.5666  -13114.0629  0.2584 
   00713    0.5613  -13207.9066  0.2622 
   00714    0.5592  -13139.7956  0.2582 
   00715    0.5627  -13060.5760  0.2657 
   00716    0.5666  -13138.5067  0.2633 
   00717    0.5528  -13300.3035  0.2568 
   00718    0.5650  -13397.6697  0.2609 
   00719    0.5497  -13401.6851  0.2711 
   00720    0.5602  -13306.8862  0.2644 
   00721    0.5567  -13339.1918  0.2588 
   00722    0.5637  -13343.3752  0.2585 
   00723    0.5494  -13497.6793  0.2635 
   00724    0.5555  -13370.6783  0.2696 
   00725    0.5687  -13183.6715  0.2617 
   00726    0.5723  -13129.1505  0.2531 
   00727    0.5503  -13168.6221  0.2638 
   00728    0.5652  -13212.4722  0.2686 
   00729    0.5575  -13111.6323  0.2690 
   00730    0.5659  -13083.9001  0.2610 
   00731    0.5613  -13188.7254  0.2709 
   00732    0.5595  -13245.7623  0.2879 
   00733    0.5631  -13325.2349  0.2786 
   00734    0.5472  -13523.2353  0.2876 
   00735    0.5516  -13408.2208  0.2815 
   00736    0.5545  -13194.3255  0.2718 
   00737    0.5605  -13339.5341  0.2726 
   00738    0.5613  -13298.4279  0.2675 
   00739    0.5550  -13269.1470  0.2710 
   00740    0.5444  -13331.9970  0.2792 
   00741    0.5561  -13325.6141  0.2817 
   00742    0.5583  -13253.4053  0.2765 
   00743    0.5556  -13138.8574  0.2746 
   00744    0.5486  -13272.8023  0.2766 
   00745    0.5573  -13319.1121  0.2708 
   00746    0.5594  -13233.7732  0.2560 
   00747    0.5661  -13370.8189  0.2536 
   00748    0.5613  -13382.0965  0.2612 
   00749    0.5580  -13544.7694  0.2534 
   00750    0.5545  -13445.1902  0.2516 
   00751    0.5487  -13538.2753  0.2563 
   00752    0.5545  -13280.2116  0.2640 
   00753    0.5569  -13276.3406  0.2563 
   00754    0.5631  -13372.9864  0.2544 
   00755    0.5573  -13344.0849  0.2534 
   00756    0.5702  -13507.6461  0.2594 
   00757    0.5575  -13611.9979  0.2601 
   00758    0.5542  -13493.1289  0.2592 
   00759    0.5430  -13411.7456  0.2530 
   00760    0.5492  -13397.3431  0.2579 
   00761    0.5567  -13443.5541  0.2547 
   00762    0.5566  -13483.2415  0.2575 
   00763    0.5617  -13336.7113  0.2589 
   00764    0.5670  -13347.7952  0.2605 
   00765    0.5644  -13421.9563  0.2577 
   00766    0.5497  -13348.7933  0.2570 
   00767    0.5547  -13374.6805  0.2675 
   00768    0.5531  -13319.3394  0.2728 
   00769    0.5617  -13242.7946  0.2661 
   00770    0.5667  -13091.0423  0.2554 
   00771    0.5752  -13075.7801  0.2632 
   00772    0.5595  -13117.3314  0.2626 
   00773    0.5731  -13204.3213  0.2642 
   00774    0.5673  -13262.7542  0.2596 
   00775    0.5587  -13392.5989  0.2618 
   00776    0.5608  -13252.7845  0.2649 
   00777    0.5716  -13207.1912  0.2584 
   00778    0.5656  -13119.7626  0.2622 
   00779    0.5591  -13197.5959  0.2544 
   00780    0.5666  -13160.2815  0.2529 
   00781    0.5689  -13195.4040  0.2579 
   00782    0.5570  -13135.0285  0.2633 
   00783    0.5633  -13136.2779  0.2598 
   00784    0.5558  -13198.1252  0.2631 
   00785    0.5680  -13173.9608  0.2670 
   00786    0.5613  -13251.4360  0.2665 
   00787    0.5573  -13288.4126  0.2745 
   00788    0.5622  -13342.3112  0.2764 
   00789    0.5697  -13241.4390  0.2688 
   00790    0.5644  -13240.2741  0.2676 
   00791    0.5586  -13247.4248  0.2694 
   00792    0.5539  -13281.9175  0.2700 
   00793    0.5547  -13295.3642  0.2757 
   00794    0.5572  -13390.0778  0.2818 
   00795    0.5405  -13518.8809  0.2786 
   00796    0.5486  -13363.1401  0.2783 
   00797    0.5564  -13345.6734  0.2856 
   00798    0.5544  -13312.5844  0.2826 
   00799    0.5544  -13256.6485  0.2814 
   00800    0.5642  -13056.0990  0.2777 
   00801    0.5633  -13158.4216  0.2856 
   00802    0.5613  -13313.6615  0.2927 
   00803    0.5486  -13509.3920  0.2911 
   00804    0.5564  -13462.6358  0.2902 
   00805    0.5563  -13341.7991  0.2907 
   00806    0.5516  -13421.1502  0.2926 
   00807    0.5542  -13339.3644  0.2952 
   00808    0.5580  -13349.3116  0.2963 
   00809    0.5591  -13414.5225  0.2925 
   00810    0.5583  -13495.7313  0.2920 
   00811    0.5598  -13294.2906  0.2906 
   00812    0.5470  -13266.6179  0.2852 
   00813    0.5539  -13256.0529  0.2922 
   00814    0.5703  -13133.9442  0.2862 
   00815    0.5667  -13431.8579  0.2847 
   00816    0.5431  -13267.9140  0.2793 
   00817    0.5578  -13194.9118  0.2741 
   00818    0.5637  -13279.8849  0.2749 
   00819    0.5584  -13261.6665  0.2693 
   00820    0.5544  -13195.8125  0.2677 
   00821    0.5534  -13067.3156  0.2628 
   00822    0.5656  -13114.8134  0.2686 
   00823    0.5613  -13031.6090  0.2633 
   00824    0.5695  -13286.8142  0.2717 
   00825    0.5472  -13181.0799  0.2668 
   00826    0.5586  -13104.7432  0.2620 
   00827    0.5680  -12994.6984  0.2574 
   00828    0.5537  -13123.6604  0.2677 
   00829    0.5633  -13175.1215  0.2675 
   00830    0.5541  -13235.4999  0.2696 
   00831    0.5567  -13240.6887  0.2665 
   00832    0.5628  -13286.2936  0.2598 
   00833    0.5605  -13111.6683  0.2612 
   00834    0.5650  -13249.4420  0.2572 
   00835    0.5686  -13108.0092  0.2584 
   00836    0.5606  -13218.3676  0.2530 
   00837    0.5570  -13109.5530  0.2559 
   00838    0.5609  -13167.0847  0.2513 
   00839    0.5845  -13050.8029  0.2583 
   00840    0.5522  -13113.6820  0.2601 
   00841    0.5664  -13241.9714  0.2544 
   00842    0.5595  -13337.6963  0.2636 
   00843    0.5591  -13188.6237  0.2599 
   00844    0.5594  -13129.9677  0.2539 
   00845    0.5659  -13035.4596  0.2636 
   00846    0.5564  -13128.5165  0.2664 
   00847    0.5572  -13193.5370  0.2706 
   00848    0.5592  -13286.1406  0.2672 
   00849    0.5605  -13278.5758  0.2679 
   00850    0.5584  -13302.0781  0.2733 
   00851    0.5645  -13272.8762  0.2673 
   00852    0.5570  -13288.8927  0.2652 
   00853    0.5522  -13405.7061  0.2641 
   00854    0.5550  -13296.6088  0.2627 
   00855    0.5589  -13402.7992  0.2562 
   00856    0.5630  -13414.5437  0.2530 
   00857    0.5591  -13288.8912  0.2561 
   00858    0.5595  -13297.5201  0.2610 
   00859    0.5766  -13195.5743  0.2547 
   00860    0.5505  -13149.1458  0.2562 
   00861    0.5686  -13304.8917  0.2589 
   00862    0.5625  -13240.0547  0.2556 
   00863    0.5589  -13285.0706  0.2551 
   00864    0.5572  -13377.3143  0.2576 
   00865    0.5563  -13385.3235  0.2601 
   00866    0.5608  -13345.4072  0.2713 
   00867    0.5595  -13463.5135  0.2664 
   00868    0.5448  -13325.0556  0.2682 
   00869    0.5487  -13529.4511  0.2697 
   00870    0.5463  -13480.4498  0.2717 
   00871    0.5503  -13394.7805  0.2729 
   00872    0.5728  -13362.8867  0.2842 
   00873    0.5608  -13501.3267  0.2960 
   00874    0.5500  -13223.5238  0.2880 
   00875    0.5522  -13277.6034  0.2778 
   00876    0.5620  -13262.6593  0.2766 
   00877    0.5650  -13142.3717  0.2734 
   00878    0.5728  -13153.7762  0.2744 
   00879    0.5714  -13073.5697  0.2658 
   00880    0.5709  -13239.6781  0.2721 
   00881    0.5586  -13227.8037  0.2691 
   00882    0.5600  -13164.1638  0.2695 
   00883    0.5633  -13211.3046  0.2758 
   00884    0.5553  -13281.7813  0.2799 
   00885    0.5641  -13291.5114  0.2806 
   00886    0.5542  -13349.3635  0.2848 
   00887    0.5553  -13189.0097  0.2835 
   00888    0.5589  -13314.8970  0.2830 
   00889    0.5639  -13058.8791  0.2797 
   00890    0.5684  -13071.9662  0.2674 
   00891    0.5717  -13063.0929  0.2565 
   00892    0.5752  -13167.5691  0.2603 
   00893    0.5622  -13248.4013  0.2657 
   00894    0.5637  -13099.5020  0.2781 
   00895    0.5634  -13114.3231  0.2644 
   00896    0.5647  -13028.4193  0.2695 
   00897    0.5641  -13305.2733  0.2694 
   00898    0.5603  -13401.0130  0.2643 
   00899    0.5522  -13399.2703  0.2743 
   00900    0.5456  -13544.3031  0.2719 
   00901    0.5394  -13591.1202  0.2630 
   00902    0.5614  -13259.8253  0.2599 
   00903    0.5452  -13179.9952  0.2636 
   00904    0.5559  -13105.3179  0.2599 
   00905    0.5672  -13031.0423  0.2530 
   00906    0.5748  -13036.4049  0.2646 
   00907    0.5645  -13111.0655  0.2582 
   00908    0.5684  -13132.2902  0.2603 
   00909    0.5706  -13116.2953  0.2580 
   00910    0.5733  -13010.0473  0.2717 
   00911    0.5641  -13211.6025  0.2664 
   00912    0.5636  -13060.9621  0.2662 
   00913    0.5692  -13040.8704  0.2657 
   00914    0.5641  -13170.1797  0.2679 
   00915    0.5683  -13149.5720  0.2647 
   00916    0.5633  -13210.2052  0.2663 
   00917    0.5611  -13131.3379  0.2689 
   00918    0.5539  -13422.6460  0.2710 
   00919    0.5486  -13429.8987  0.2632 
   00920    0.5569  -13313.8924  0.2719 
   00921    0.5527  -13224.6583  0.2672 
   00922    0.5470  -13508.8256  0.2625 
   00923    0.5617  -13472.5561  0.2659 
   00924    0.5547  -13573.6918  0.2665 
   00925    0.5456  -13350.3128  0.2600 
   00926    0.5573  -13395.9961  0.2578 
   00927    0.5687  -13384.8358  0.2574 
   00928    0.5570  -13410.3449  0.2576 
   00929    0.5581  -13340.9005  0.2664 
   00930    0.5506  -13368.6058  0.2704 
   00931    0.5592  -13121.3107  0.2732 
   00932    0.5492  -13190.7948  0.2761 
   00933    0.5709  -13230.8422  0.2779 
   00934    0.5514  -13232.5055  0.2772 
   00935    0.5650  -13079.2058  0.2744 
   00936    0.5555  -13190.7246  0.2714 
   00937    0.5616  -13307.3700  0.2745 
   00938    0.5652  -13208.8899  0.2643 
   00939    0.5663  -12949.9054  0.2680 
   00940    0.5839  -12909.4203  0.2751 
   00941    0.5617  -13164.1364  0.2716 
   00942    0.5569  -13269.5279  0.2604 
   00943    0.5559  -13260.2623  0.2599 
   00944    0.5522  -13318.8046  0.2593 
   00945    0.5542  -13526.0411  0.2654 
   00946    0.5502  -13393.5770  0.2679 
   00947    0.5614  -13289.1110  0.2712 
   00948    0.5509  -13521.0273  0.2802 
   00949    0.5550  -13402.3359  0.2963 
   00950    0.5413  -13387.9527  0.2969 
   00951    0.5595  -13402.1050  0.3001 
   00952    0.5663  -13286.0217  0.2971 
   00953    0.5681  -13387.7451  0.2939 
   00954    0.5575  -13395.8446  0.2995 
   00955    0.5506  -13491.3955  0.2977 
   00956    0.5513  -13348.2954  0.3012 
   00957    0.5559  -13305.8518  0.3051 
   00958    0.5673  -13357.2119  0.3106 
   00959    0.5513  -13208.7052  0.3189 
   00960    0.5575  -13258.7902  0.3262 
   00961    0.5655  -13354.0996  0.3172 
   00962    0.5622  -13259.5286  0.3160 
   00963    0.5573  -13303.7533  0.3052 
   00964    0.5769  -13204.7433  0.3083 
   00965    0.5602  -13175.3317  0.2948 
   00966    0.5730  -13071.1140  0.3018 
   00967    0.5625  -13025.2961  0.3125 
   00968    0.5587  -13361.1375  0.3198 
   00969    0.5461  -13361.4980  0.3254 
   00970    0.5572  -13414.3559  0.3333 
   00971    0.5425  -13403.4041  0.3323 
   00972    0.5473  -13534.5763  0.3360 
   00973    0.5522  -13621.6697  0.3240 
   00974    0.5603  -13449.3147  0.3127 
   00975    0.5539  -13559.9487  0.3118 
   00976    0.5502  -13507.3992  0.3166 
   00977    0.5441  -13560.5367  0.3199 
   00978    0.5442  -13664.3204  0.3209 
   00979    0.5478  -13611.8461  0.3029 
   00980    0.5456  -13440.9243  0.2854 
   00981    0.5453  -13399.4116  0.2777 
   00982    0.5553  -13342.1965  0.2827 
   00983    0.5645  -13307.4955  0.2841 
   00984    0.5630  -13383.9964  0.2798 
   00985    0.5427  -13491.2501  0.2818 
   00986    0.5625  -13411.2531  0.2776 
   00987    0.5567  -13432.1409  0.2732 
   00988    0.5516  -13600.0117  0.2704 
   00989    0.5427  -13654.0283  0.2762 
   00990    0.5411  -13462.7905  0.2753 
   00991    0.5445  -13435.5210  0.2812 
   00992    0.5569  -13320.5740  0.2839 
   00993    0.5537  -13456.6751  0.2903 
   00994    0.5458  -13332.1100  0.2960 
   00995    0.5597  -13332.6026  0.2923 
   00996    0.5542  -13402.9298  0.2859 
   00997    0.5553  -13421.2695  0.2912 
   00998    0.5541  -13458.7450  0.2866 
   00999    0.5542  -13501.7187  0.2941 
   01000    0.5419  -13525.4448  0.2958 
