#=====================================================
# File created:        Mon-06-Nov-2023-at-03-27-15PM
# Size of lattice:     80x80
# Number of MC steps:  1000
# Reduced temperature: 2.000
# Run time (s):        32.099645
#=====================================================
# MC step:  Ratio:     Energy:   Order:
#=====================================================
   00000    0.5000   -6505.3749  0.2528 
   00001    0.7889   -8782.6152  0.2548 
   00002    0.7419   -9484.2251  0.2574 
   00003    0.7441   -9983.5353  0.2608 
   00004    0.7317  -10287.0763  0.2602 
   00005    0.7222  -10350.2565  0.2629 
   00006    0.7192  -10213.4582  0.2560 
   00007    0.7264  -10320.9335  0.2595 
   00008    0.7259   -9998.7413  0.2515 
   00009    0.7323  -10139.1279  0.2753 
   00010    0.7216  -10279.2530  0.2751 
   00011    0.7353  -10296.2457  0.2745 
   00012    0.7211  -10126.9681  0.2672 
   00013    0.7248  -10078.7896  0.2620 
   00014    0.7267  -10291.5678  0.2685 
   00015    0.7320  -10359.8178  0.2766 
   00016    0.7283  -10348.3769  0.2686 
   00017    0.7284  -10298.8878  0.2734 
   00018    0.7234  -10348.7431  0.2802 
   00019    0.7325  -10229.1392  0.2777 
   00020    0.7216  -10498.1229  0.2770 
   00021    0.7202  -10394.0769  0.2681 
   00022    0.7311  -10270.8056  0.2671 
   00023    0.7297  -10275.8255  0.2551 
   00024    0.7173  -10131.1369  0.2594 
   00025    0.7222  -10254.0994  0.2574 
   00026    0.7347  -10160.7534  0.2665 
   00027    0.7312  -10458.7380  0.2540 
   00028    0.7283  -10445.6135  0.2571 
   00029    0.7147  -10267.8602  0.2588 
   00030    0.7163  -10332.6299  0.2590 
   00031    0.7245  -10297.7363  0.2574 
   00032    0.7208  -10063.7461  0.2579 
   00033    0.7247  -10179.7618  0.2636 
   00034    0.7216  -10347.6082  0.2776 
   00035    0.7225  -10239.0157  0.2695 
   00036    0.7272  -10526.7749  0.2689 
   00037    0.7172  -10458.8895  0.2566 
   00038    0.7227  -10472.4240  0.2645 
   00039    0.7239  -10367.1799  0.2688 
   00040    0.7314  -10320.2697  0.2726 
   00041    0.7298  -10425.3574  0.2662 
   00042    0.7316  -10134.3737  0.2555 
   00043    0.7258  -10150.5107  0.2632 
   00044    0.7267  -10278.2530  0.2619 
   00045    0.7247  -10338.2823  0.2638 
   00046    0.7200  -10264.2608  0.2652 
   00047    0.7241  -10027.6019  0.2649 
   00048    0.7220  -10320.5560  0.2601 
   00049    0.7236  -10258.2005  0.2530 
   00050    0.7333  -10252.0057  0.2580 
   00051    0.7231  -10082.7918  0.2531 
   00052    0.7317  -10170.1497  0.2555 
   00053    0.7405  -10183.7740  0.2609 
   00054    0.7238  -10138.5565  0.2743 
   00055    0.7177  -10483.9452  0.2808 
   00056    0.7169  -10373.3738  0.2775 
   00057    0.7177  -10304.7973  0.2747 
   00058    0.7231  -10216.2572  0.2692 
   00059    0.7262  -10100.9704  0.2708 
   00060    0.7230  -10323.4382  0.2724 
   00061    0.7223  -10283.7657  0.2634 
   00062    0.7242  -10375.9929  0.2712 
   00063    0.7231  -10227.5374  0.2721 
   00064    0.7333  -10273.6395  0.2701 
   00065    0.7312  -10282.2341  0.2788 
   00066    0.7231  -10496.1693  0.2801 
   00067    0.7233  -10478.9479  0.2714 
   00068    0.7236  -10395.9230  0.2603 
   00069    0.7284  -10183.9101  0.2583 
   00070    0.7233  -10224.5542  0.2555 
   00071    0.7272  -10223.1281  0.2541 
   00072    0.7203  -10275.7189  0.2632 
   00073    0.7302  -10052.8068  0.2565 
   00074    0.7317   -9956.8196  0.2601 
   00075    0.7389  -10127.7974  0.2657 
   00076    0.7395  -10275.1710  0.2630 
   00077    0.7352  -10019.9345  0.2729 
   00078    0.7244  -10116.3860  0.2711 
   00079    0.7255  -10171.2500  0.2656 
   00080    0.7330  -10131.9010  0.2726 
   00081    0.7239  -10230.5000  0.2716 
   00082    0.7266  -10201.6746  0.2662 
   00083    0.7266  -10118.6994  0.2626 
   00084    0.7308  -10050.1918  0.2680 
   00085    0.7289  -10139.9388  0.2605 
   00086    0.7309  -10139.9512  0.2561 
   00087    0.7167  -10166.0807  0.2682 
   00088    0.7297  -10079.0130  0.2695 
   00089    0.7297  -10250.9069  0.2828 
   00090    0.7242  -10164.5871  0.2805 
   00091    0.7248  -10454.1744  0.2794 
   00092    0.7262  -10422.6925  0.2664 
   00093    0.7306  -10201.9242  0.2676 
   00094    0.7244  -10068.8862  0.2625 
   00095    0.7286  -10215.6254  0.2673 
   00096    0.7306  -10229.3200  0.2767 
   00097    0.7192  -10507.0301  0.2630 
   00098    0.7302  -10139.4811  0.2601 
   00099    0.7222  -10226.1511  0.2699 
   00100    0.7241  -10388.5640  0.2663 
   00101    0.7205  -10257.8573  0.2592 
   00102    0.7309  -10199.1047  0.2609 
   00103    0.7203  -10489.7823  0.2575 
   00104    0.7141  -10277.6973  0.2574 
   00105    0.7322  -10046.6973  0.2582 
   00106    0.7394  -10096.6209  0.2574 
   00107    0.7297  -10149.0338  0.2573 
   00108    0.7333  -10165.1899  0.2671 
   00109    0.7330  -10135.4127  0.2647 
   00110    0.7150  -10079.4491  0.2786 
   00111    0.7238  -10180.3016  0.2671 
   00112    0.7270  -10243.0289  0.2598 
   00113    0.7288  -10109.6140  0.2596 
   00114    0.7322  -10344.0343  0.2560 
   00115    0.7317   -9881.2119  0.2610 
   00116    0.7408  -10024.4852  0.2583 
   00117    0.7233  -10229.9128  0.2639 
   00118    0.7294  -10112.2340  0.2614 
   00119    0.7283  -10323.3904  0.2587 
   00120    0.7270  -10143.3742  0.2625 
   00121    0.7230   -9980.3608  0.2596 
   00122    0.7386  -10088.9105  0.2714 
   00123    0.7272  -10220.9265  0.2748 
   00124    0.7252  -10091.6141  0.2706 
   00125    0.7348  -10112.3393  0.2619 
   00126    0.7245  -10403.3983  0.2578 
   00127    0.7297  -10218.1595  0.2788 
   00128    0.7222  -10079.6714  0.2810 
   00129    0.7381   -9968.6702  0.2580 
   00130    0.7347  -10013.0832  0.2533 
   00131    0.7370  -10352.3132  0.2563 
   00132    0.7336  -10246.3292  0.2596 
   00133    0.7303  -10318.2342  0.2685 
   00134    0.7188  -10373.5220  0.2614 
   00135    0.7330  -10304.7464  0.2583 
   00136    0.7264  -10204.9659  0.2511 
   00137    0.7323  -10160.8740  0.2607 
   00138    0.7152  -10284.9850  0.2566 
   00139    0.7220  -10090.0828  0.2557 
   00140    0.7275  -10177.7480  0.2604 
   00141    0.7277  -10352.3080  0.2720 
   00142    0.7208  -10423.6947  0.2642 
   00143    0.7156  -10279.1971  0.2532 
   00144    0.7183  -10162.9673  0.2601 
   00145    0.7270  -10119.8428  0.2580 
   00146    0.7277  -10226.6008  0.2547 
   00147    0.7230  -10267.7209  0.2623 
   00148    0.7252  -10121.3906  0.2667 
   00149    0.7330  -10289.0252  0.2535 
   00150    0.7244  -10121.1542  0.2551 
   00151    0.7348  -10173.7560  0.2612 
   00152    0.7216  -10298.8464  0.2622 
   00153    0.7220  -10440.3955  0.2530 
   00154    0.7245  -10505.4476  0.2584 
   00155    0.7255  -10346.4114  0.2636 
   00156    0.7327  -10095.6236  0.2666 
   00157    0.7303  -10198.3568  0.2569 
   00158    0.7272  -10095.0252  0.2597 
   00159    0.7305  -10079.0846  0.2560 
   00160    0.7355  -10007.3651  0.2592 
   00161    0.7248  -10167.9355  0.2581 
   00162    0.7245  -10283.4068  0.2630 
   00163    0.7273  -10050.3839  0.2571 
   00164    0.7314  -10170.4454  0.2588 
   00165    0.7259  -10012.7212  0.2590 
   00166    0.7306  -10105.5178  0.2570 
   00167    0.7283  -10269.6597  0.2649 
   00168    0.7192  -10179.1051  0.2600 
   00169    0.7325  -10253.7830  0.2669 
   00170    0.7267  -10091.2561  0.2612 
   00171    0.7194   -9908.5488  0.2745 
   00172    0.7308  -10007.5662  0.2783 
   00173    0.7278  -10066.1187  0.2762 
   00174    0.7325  -10110.8983  0.2672 
   00175    0.7259  -10277.0796  0.2649 
   00176    0.7319  -10262.2771  0.2546 
   00177    0.7220  -10161.0341  0.2575 
   00178    0.7225  -10255.1085  0.2710 
   00179    0.7167  -10529.0522  0.2664 
   00180    0.7252  -10400.9203  0.2544 
   00181    0.7417  -10193.7543  0.2605 
   00182    0.7184  -10394.4960  0.2527 
   00183    0.7192  -10407.5847  0.2622 
   00184    0.7258  -10213.4107  0.2619 
   00185    0.7408   -9980.0830  0.2668 
   00186    0.7291  -10092.8658  0.2605 
   00187    0.7284  -10414.7974  0.2613 
   00188    0.7261  -10293.8124  0.2623 
   00189    0.7267  -10318.0911  0.2595 
   00190    0.7214  -10373.8818  0.2563 
   00191    0.7262  -10355.2840  0.2592 
   00192    0.7266  -10305.9923  0.2596 
   00193    0.7239  -10236.6311  0.2650 
   00194    0.7247  -10030.5163  0.2669 
   00195    0.7327  -10243.1022  0.2769 
   00196    0.7261  -10272.1887  0.2747 
   00197    0.7253  -10253.5992  0.2685 
   00198    0.7352  -10101.9408  0.2714 
   00199    0.7330  -10185.5666  0.2748 
   00200    0.7261  -10074.6378  0.2664 
   00201    0.7286  -10027.8644  0.2705 
   00202    0.7275   -9906.7494  0.2633 
   00203    0.7309  -10086.7823  0.2669 
   00204    0.7400  -10128.6646  0.2730 
   00205    0.7353  -10323.3558  0.2703 
   00206    0.7236  -10326.1701  0.2690 
   00207    0.7183  -10400.1763  0.2632 
   00208    0.7175  -10434.1590  0.2730 
   00209    0.7195  -10269.0808  0.2672 
   00210    0.7219  -10123.3338  0.2655 
   00211    0.7286  -10221.1552  0.2640 
   00212    0.7281  -10376.7155  0.2577 
   00213    0.7189  -10324.3978  0.2511 
   00214    0.7245  -10312.0425  0.2592 
   00215    0.7195  -10266.5792  0.2627 
   00216    0.7280  -10278.0924  0.2624 
   00217    0.7281  -10195.1862  0.2740 
   00218    0.7258  -10310.3708  0.2691 
   00219    0.7198  -10474.8871  0.2776 
   00220    0.7278  -10327.9442  0.2727 
   00221    0.7242  -10083.4179  0.2763 
   00222    0.7409  -10146.9457  0.2688 
   00223    0.7389  -10003.2494  0.2616 
   00224    0.7367  -10054.7778  0.2613 
   00225    0.7217  -10185.8353  0.2581 
   00226    0.7355  -10112.7490  0.2585 
   00227    0.7273  -10214.3860  0.2725 
   00228    0.7283  -10174.1018  0.2804 
   00229    0.7094  -10387.7675  0.2823 
   00230    0.7192  -10068.5598  0.2701 
   00231    0.7325  -10108.8477  0.2731 
   00232    0.7283  -10076.0182  0.2720 
   00233    0.7206  -10314.5911  0.2726 
   00234    0.7217  -10243.8489  0.2610 
   00235    0.7127  -10148.5936  0.2649 
   00236    0.7303  -10117.8462  0.2683 
   00237    0.7191  -10257.5949  0.2763 
   00238    0.7222  -10313.7911  0.2687 
   00239    0.7328  -10385.9244  0.2575 
   00240    0.7311  -10328.8670  0.2668 
   00241    0.7234  -10265.4614  0.2620 
   00242    0.7244  -10105.9368  0.2664 
   00243    0.7383  -10007.4025  0.2591 
   00244    0.7409   -9985.1044  0.2619 
   00245    0.7278   -9899.9151  0.2525 
   00246    0.7405  -10088.0863  0.2585 
   00247    0.7292  -10211.0137  0.2595 
   00248    0.7252  -10014.4063  0.2549 
   00249    0.7344  -10074.7612  0.2586 
   00250    0.7344  -10112.1180  0.2536 
   00251    0.7338  -10115.5063  0.2520 
   00252    0.7289  -10366.5985  0.2569 
   00253    0.7161  -10295.8144  0.2620 
   00254    0.7325  -10263.5144  0.2755 
   00255    0.7289  -10048.3323  0.2752 
   00256    0.7283  -10162.2165  0.2725 
   00257    0.7327  -10080.5422  0.2640 
   00258    0.7348  -10183.0435  0.2682 
   00259    0.7392   -9921.1724  0.2705 
   00260    0.7442  -10249.2828  0.2713 
   00261    0.7347   -9963.7652  0.2687 
   00262    0.7328  -10003.5673  0.2697 
   00263    0.7320  -10060.1039  0.2714 
   00264    0.7380  -10192.6967  0.2742 
   00265    0.7259  -10167.0054  0.2767 
   00266    0.7262  -10063.9492  0.2688 
   00267    0.7364  -10097.6673  0.2626 
   00268    0.7316  -10229.5026  0.2658 
   00269    0.7147  -10160.3318  0.2629 
   00270    0.7194  -10229.8566  0.2577 
   00271    0.7270  -10247.4396  0.2580 
   00272    0.7198  -10413.5819  0.2649 
   00273    0.7223  -10457.6358  0.2530 
   00274    0.7236  -10291.6213  0.2540 
   00275    0.7231  -10247.2135  0.2641 
   00276    0.7317  -10170.0136  0.2610 
   00277    0.7242  -10147.7318  0.2622 
   00278    0.7258  -10111.4770  0.2644 
   00279    0.7278  -10161.2669  0.2601 
   00280    0.7317  -10155.4106  0.2651 
   00281    0.7195  -10206.3124  0.2626 
   00282    0.7252  -10158.1353  0.2587 
   00283    0.7248  -10078.1211  0.2675 
   00284    0.7302  -10132.2967  0.2703 
   00285    0.7341   -9947.0057  0.2772 
   00286    0.7223  -10337.3055  0.2658 
   00287    0.7317  -10237.3842  0.2657 
   00288    0.7273  -10247.8123  0.2663 
   00289    0.7402   -9891.5379  0.2629 
   00290    0.7247   -9788.4277  0.2518 
   00291    0.7291   -9930.9612  0.2609 
   00292    0.7300  -10036.2176  0.2581 
   00293    0.7252   -9996.8456  0.2574 
   00294    0.7441  -10189.7191  0.2610 
   00295    0.7277  -10286.0467  0.2533 
   00296    0.7345  -10017.8647  0.2554 
   00297    0.7281  -10070.5725  0.2560 
   00298    0.7289  -10102.1005  0.2588 
   00299    0.7167  -10374.7741  0.2596 
   00300    0.7269  -10230.8625  0.2639 
   00301    0.7367  -10093.1010  0.2649 
   00302    0.7231   -9897.4515  0.2705 
   00303    0.7409   -9949.8890  0.2718 
   00304    0.7266  -10335.9044  0.2613 
   00305    0.7231  -10185.6969  0.2671 
   00306    0.7320  -10171.0178  0.2657 
   00307    0.7312  -10274.0842  0.2617 
   00308    0.7333  -10248.4890  0.2575 
   00309    0.7223  -10064.3548  0.2599 
   00310    0.7270  -10157.6396  0.2609 
   00311    0.7255  -10217.5697  0.2627 
   00312    0.7370   -9995.7289  0.2579 
   00313    0.7364  -10088.5450  0.2609 
   00314    0.7259   -9977.3453  0.2735 
   00315    0.7427  -10163.8541  0.2729 
   00316    0.7239  -10131.8664  0.2716 
   00317    0.7267  -10121.1188  0.2715 
   00318    0.7262  -10096.2921  0.2698 
   00319    0.7202  -10052.0318  0.2873 
   00320    0.7177  -10289.1946  0.2770 
   00321    0.7258  -10351.9512  0.2668 
   00322    0.7192  -10320.1957  0.2712 
   00323    0.7250  -10334.9249  0.2734 
   00324    0.7248  -10313.8985  0.2640 
   00325    0.7256  -10284.5825  0.2733 
   00326    0.7311  -10134.2309  0.2849 
   00327    0.7164  -10269.9843  0.2888 
   00328    0.7327  -10411.7216  0.2831 
   00329    0.7300  -10326.5037  0.2735 
   00330    0.7156  -10295.5723  0.2707 
   00331    0.7264  -10133.6857  0.2648 
   00332    0.7172  -10138.3083  0.2647 
   00333    0.7244  -10367.0935  0.2691 
   00334    0.7286  -10293.0813  0.2646 
   00335    0.7361  -10069.5094  0.2709 
   00336    0.7295  -10010.0183  0.2691 
   00337    0.7297   -9946.2309  0.2597 
   00338    0.7377   -9886.2332  0.2627 
   00339    0.7281  -10142.3065  0.2645 
   00340    0.7297  -10063.8551  0.2628 
   00341    0.7294  -10004.6120  0.2723 
   00342    0.7244  -10261.4199  0.2564 
   00343    0.7255  -10053.5187  0.2622 
   00344    0.7380  -10187.4996  0.2564 
   00345    0.7352  -10356.6922  0.2505 
   00346    0.7286  -10235.8037  0.2539 
   00347    0.7216  -10206.2179  0.2559 
   00348    0.7294  -10077.0978  0.2578 
   00349    0.7181  -10041.7998  0.2643 
   00350    0.7309  -10251.6967  0.2617 
   00351    0.7272  -10056.0642  0.2589 
   00352    0.7300  -10219.2939  0.2582 
   00353    0.7386  -10101.8451  0.2552 
   00354    0.7255  -10164.4551  0.2646 
   00355    0.7184  -10225.8298  0.2618 
   00356    0.7322  -10273.4410  0.2609 
   00357    0.7242  -10303.2405  0.2560 
   00358    0.7314  -10134.2857  0.2561 
   00359    0.7314  -10026.7529  0.2612 
   00360    0.7394  -10166.2012  0.2526 
   00361    0.7227  -10123.9512  0.2602 
   00362    0.7261  -10139.8168  0.2663 
   00363    0.7192  -10216.1279  0.2651 
   00364    0.7291  -10193.2114  0.2622 
   00365    0.7164  -10404.9918  0.2531 
   00366    0.7148  -10335.5878  0.2656 
   00367    0.7341  -10134.6786  0.2638 
   00368    0.7312  -10149.0021  0.2599 
   00369    0.7281  -10203.1205  0.2672 
   00370    0.7270  -10389.0426  0.2596 
   00371    0.7220  -10379.3863  0.2650 
   00372    0.7242  -10494.9545  0.2761 
   00373    0.7116  -10175.7594  0.2663 
   00374    0.7247  -10214.3250  0.2626 
   00375    0.7328  -10236.1024  0.2607 
   00376    0.7339  -10273.4419  0.2640 
   00377    0.7239  -10095.0830  0.2609 
   00378    0.7253  -10331.4053  0.2658 
   00379    0.7150  -10420.8734  0.2714 
   00380    0.7244  -10352.5421  0.2726 
   00381    0.7311  -10337.5305  0.2718 
   00382    0.7180  -10245.9823  0.2663 
   00383    0.7297   -9890.0581  0.2551 
   00384    0.7411  -10099.9104  0.2617 
   00385    0.7319  -10193.0791  0.2548 
   00386    0.7169  -10237.3784  0.2588 
   00387    0.7195  -10443.6783  0.2636 
   00388    0.7253  -10228.6269  0.2573 
   00389    0.7273  -10359.0783  0.2556 
   00390    0.7208  -10359.2154  0.2643 
   00391    0.7266  -10285.2802  0.2641 
   00392    0.7303  -10148.5359  0.2648 
   00393    0.7270  -10318.4774  0.2676 
   00394    0.7230  -10220.4815  0.2594 
   00395    0.7366  -10116.1435  0.2624 
   00396    0.7333  -10140.4983  0.2632 
   00397    0.7264  -10094.8466  0.2594 
   00398    0.7356  -10130.8891  0.2640 
   00399    0.7270  -10031.3024  0.2657 
   00400    0.7288  -10092.9061  0.2687 
   00401    0.7230   -9977.0987  0.2658 
   00402    0.7341  -10070.2903  0.2599 
   00403    0.7258  -10195.9106  0.2617 
   00404    0.7281  -10221.6277  0.2547 
   00405    0.7336  -10215.1446  0.2630 
   00406    0.7250  -10393.2528  0.2714 
   00407    0.7173  -10399.2487  0.2747 
   00408    0.7234  -10121.7966  0.2847 
   00409    0.7341  -10418.1996  0.2805 
   00410    0.7275  -10307.8439  0.2777 
   00411    0.7214  -10322.1650  0.2804 
   00412    0.7278  -10207.8382  0.2734 
   00413    0.7259  -10304.8591  0.2789 
   00414    0.7241  -10150.5711  0.2757 
   00415    0.7308  -10310.8661  0.2731 
   00416    0.7239  -10293.9607  0.2643 
   00417    0.7230  -10137.8931  0.2563 
   00418    0.7238  -10356.0646  0.2582 
   00419    0.7278  -10342.1771  0.2606 
   00420    0.7244  -10249.4654  0.2520 
   00421    0.7244  -10122.8135  0.2533 
   00422    0.7220  -10226.7797  0.2579 
   00423    0.7250  -10209.7074  0.2533 
   00424    0.7325  -10139.9260  0.2562 
   00425    0.7217  -10102.0261  0.2611 
   00426    0.7245  -10209.0517  0.2571 
   00427    0.7280  -10155.4337  0.2718 
   00428    0.7273  -10252.9480  0.2669 
   00429    0.7236  -10246.6880  0.2744 
   00430    0.7184  -10281.5112  0.2738 
   00431    0.7353  -10029.4202  0.2703 
   00432    0.7320  -10138.4363  0.2655 
   00433    0.7217  -10003.3976  0.2536 
   00434    0.7333   -9913.4493  0.2605 
   00435    0.7284  -10035.6207  0.2715 
   00436    0.7262  -10191.4730  0.2691 
   00437    0.7273  -10217.9077  0.2635 
   00438    0.7364  -10209.3415  0.2585 
   00439    0.7194  -10401.1623  0.2697 
   00440    0.7195  -10252.7412  0.2701 
   00441    0.7256  -10424.2748  0.2650 
   00442    0.7192  -10236.0873  0.2590 
   00443    0.7139  -10234.9437  0.2574 
   00444    0.7345  -10199.3323  0.2627 
   00445    0.7261  -10087.1600  0.2703 
   00446    0.7247  -10182.8871  0.2721 
   00447    0.7289  -10217.1385  0.2641 
   00448    0.7203  -10189.9553  0.2699 
   00449    0.7250  -10201.5486  0.2668 
   00450    0.7230  -10021.6047  0.2681 
   00451    0.7319  -10155.3937  0.2629 
   00452    0.7291  -10041.0700  0.2648 
   00453    0.7352   -9937.5391  0.2543 
   00454    0.7239  -10142.3022  0.2581 
   00455    0.7288  -10291.5482  0.2567 
   00456    0.7275  -10247.9669  0.2570 
   00457    0.7197  -10290.8537  0.2662 
   00458    0.7286  -10202.4862  0.2560 
   00459    0.7294  -10110.2803  0.2529 
   00460    0.7259  -10231.9893  0.2548 
   00461    0.7222  -10368.6659  0.2734 
   00462    0.7292  -10334.0101  0.2868 
   00463    0.7184  -10401.7698  0.2871 
   00464    0.7189  -10289.0646  0.2715 
   00465    0.7220  -10122.1310  0.2592 
   00466    0.7377  -10121.9457  0.2543 
   00467    0.7191  -10103.5710  0.2582 
   00468    0.7189  -10291.2622  0.2525 
   00469    0.7181  -10430.9721  0.2591 
   00470    0.7186  -10250.1524  0.2535 
   00471    0.7308  -10269.5425  0.2571 
   00472    0.7217  -10335.1529  0.2608 
   00473    0.7233  -10428.3769  0.2588 
   00474    0.7247  -10414.5437  0.2651 
   00475    0.7188  -10189.8404  0.2673 
   00476    0.7269  -10173.2327  0.2622 
   00477    0.7183  -10378.5189  0.2721 
   00478    0.7208  -10443.1630  0.2674 
   00479    0.7142  -10265.3151  0.2665 
   00480    0.7255  -10288.8378  0.2731 
   00481    0.7137  -10374.3335  0.2683 
   00482    0.7205  -10367.4204  0.2765 
   00483    0.7300  -10398.3984  0.2821 
   00484    0.7261  -10169.4548  0.2833 
   00485    0.7336  -10160.9566  0.2785 
   00486    0.7220  -10346.0085  0.2720 
   00487    0.7117  -10515.3565  0.2682 
   00488    0.7167  -10480.2558  0.2717 
   00489    0.7222  -10204.0605  0.2785 
   00490    0.7248  -10258.5275  0.2719 
   00491    0.7341  -10389.9441  0.2681 
   00492    0.7283  -10175.8333  0.2559 
   00493    0.7258  -10059.2909  0.2644 
   00494    0.7270  -10054.1606  0.2600 
   00495    0.7270   -9649.0291  0.2604 
   00496    0.7338  -10050.5905  0.2579 
   00497    0.7367   -9844.0245  0.2569 
   00498    0.7384   -9946.2752  0.2657 
   00499    0.7353  -10137.2590  0.2654 
   00500    0.7338   -9969.0390  0.2574 
   00501    0.7342   -9949.0990  0.2602 
   00502    0.7322  -10175.6800  0.2581 
   00503    0.7133  -10115.6982  0.2551 
   00504    0.7350  -10082.5876  0.2530 
   00505    0.7288  -10247.0643  0.2562 
   00506    0.7238  -10143.8476  0.2536 
   00507    0.7233  -10166.7196  0.2511 
   00508    0.7333  -10138.9100  0.2567 
   00509    0.7209  -10083.3571  0.2740 
   00510    0.7209  -10232.2503  0.2755 
   00511    0.7205  -10288.4814  0.2750 
   00512    0.7230  -10437.5863  0.2658 
   00513    0.7163  -10352.7334  0.2620 
   00514    0.7281  -10347.3931  0.2597 
   00515    0.7233  -10461.9759  0.2572 
   00516    0.7081  -10412.4043  0.2551 
   00517    0.7119  -10287.5249  0.2558 
   00518    0.7308  -10424.9129  0.2666 
   00519    0.7272  -10421.7035  0.2605 
   00520    0.7267  -10320.1889  0.2562 
   00521    0.7234  -10203.2585  0.2612 
   00522    0.7261  -10042.6582  0.2644 
   00523    0.7267  -10210.3297  0.2576 
   00524    0.7253  -10111.1336  0.2595 
   00525    0.7173   -9956.0315  0.2623 
   00526    0.7380   -9949.4038  0.2673 
   00527    0.7291  -10180.7692  0.2599 
   00528    0.7242  -10082.1600  0.2558 
   00529    0.7322  -10029.3691  0.2574 
   00530    0.7300  -10022.5122  0.2618 
   00531    0.7261  -10099.4894  0.2750 
   00532    0.7300  -10023.3157  0.2641 
   00533    0.7234  -10170.1216  0.2599 
   00534    0.7236  -10198.7691  0.2618 
   00535    0.7250  -10209.3549  0.2590 
   00536    0.7253  -10107.0552  0.2589 
   00537    0.7336  -10015.5563  0.2615 
   00538    0.7300  -10117.0700  0.2659 
   00539    0.7298  -10064.8929  0.2621 
   00540    0.7342  -10084.1822  0.2721 
   00541    0.7430  -10110.3282  0.2701 
   00542    0.7297  -10115.4097  0.2683 
   00543    0.7327  -10133.2471  0.2579 
   00544    0.7409  -10151.2182  0.2519 
   00545    0.7306  -10018.7010  0.2546 
   00546    0.7320   -9803.1259  0.2586 
   00547    0.7388  -10114.9820  0.2593 
   00548    0.7212  -10151.5033  0.2549 
   00549    0.7181  -10253.9872  0.2546 
   00550    0.7266  -10120.9570  0.2634 
   00551    0.7328  -10335.9791  0.2597 
   00552    0.7183  -10338.3589  0.2550 
   00553    0.7147  -10366.2315  0.2630 
   00554    0.7206  -10293.4869  0.2678 
   00555    0.7216  -10408.2249  0.2674 
   00556    0.7248  -10294.1892  0.2614 
   00557    0.7306  -10215.8532  0.2608 
   00558    0.7277  -10103.9667  0.2615 
   00559    0.7305   -9989.0381  0.2604 
   00560    0.7322  -10191.0660  0.2640 
   00561    0.7316  -10262.2969  0.2713 
   00562    0.7280  -10341.0719  0.2571 
   00563    0.7228  -10311.9007  0.2544 
   00564    0.7259  -10370.8767  0.2590 
   00565    0.7208  -10390.7154  0.2581 
   00566    0.7198  -10119.2172  0.2631 
   00567    0.7197  -10181.7628  0.2564 
   00568    0.7281  -10255.3615  0.2635 
   00569    0.7178  -10190.7368  0.2640 
   00570    0.7252   -9933.3945  0.2677 
   00571    0.7295  -10123.5918  0.2755 
   00572    0.7416  -10096.9075  0.2765 
   00573    0.7239  -10318.9831  0.2811 
   00574    0.7198  -10289.1774  0.2835 
   00575    0.7312  -10267.5559  0.2662 
   00576    0.7238  -10105.9408  0.2616 
   00577    0.7298  -10056.0498  0.2650 
   00578    0.7236  -10007.6375  0.2736 
   00579    0.7241   -9955.2622  0.2762 
   00580    0.7262  -10087.4727  0.2694 
   00581    0.7267  -10076.9350  0.2739 
   00582    0.7359   -9893.6784  0.2737 
   00583    0.7289  -10154.5375  0.2723 
   00584    0.7302  -10173.7852  0.2678 
   00585    0.7333  -10100.3181  0.2751 
   00586    0.7262  -10216.5617  0.2865 
   00587    0.7406  -10254.5771  0.2811 
   00588    0.7327   -9887.4630  0.2818 
   00589    0.7302  -10070.0450  0.2801 
   00590    0.7298  -10128.6707  0.2783 
   00591    0.7441  -10151.0256  0.2700 
   00592    0.7269  -10228.8119  0.2651 
   00593    0.7259  -10252.2228  0.2534 
   00594    0.7283  -10334.9844  0.2571 
   00595    0.7194  -10293.9982  0.2512 
   00596    0.7153  -10310.2782  0.2604 
   00597    0.7241  -10147.2283  0.2624 
   00598    0.7281  -10361.6481  0.2552 
   00599    0.7183  -10102.0011  0.2591 
   00600    0.7244  -10020.2976  0.2698 
   00601    0.7172  -10228.9681  0.2745 
   00602    0.7212  -10138.4206  0.2744 
   00603    0.7241  -10027.0529  0.2707 
   00604    0.7373  -10075.4703  0.2639 
   00605    0.7316  -10201.3683  0.2605 
   00606    0.7308  -10210.1780  0.2613 
   00607    0.7291   -9957.5901  0.2611 
   00608    0.7283  -10187.1430  0.2671 
   00609    0.7328  -10159.9048  0.2568 
   00610    0.7278   -9961.8262  0.2652 
   00611    0.7281   -9975.7718  0.2578 
   00612    0.7359  -10185.8329  0.2583 
   00613    0.7302  -10226.2383  0.2633 
   00614    0.7319  -10112.7864  0.2680 
   00615    0.7308  -10153.2630  0.2584 
   00616    0.7250  -10193.5951  0.2654 
   00617    0.7355  -10227.5573  0.2799 
   00618    0.7364  -10243.0599  0.2735 
   00619    0.7234  -10224.8918  0.2637 
   00620    0.7177  -10197.7735  0.2683 
   00621    0.7255  -10002.1192  0.2584 
   00622    0.7430  -10016.3886  0.2526 
   00623    0.7294  -10140.9315  0.2561 
   00624    0.7367  -10023.3578  0.2634 
   00625    0.7330  -10110.0422  0.2579 
   00626    0.7392   -9975.8897  0.2582 
   00627    0.7347  -10065.5633  0.2659 
   00628    0.7378   -9963.3512  0.2592 
   00629    0.7262   -9868.1148  0.2667 
   00630    0.7366   -9974.0364  0.2655 
   00631    0.7317   -9971.1366  0.2652 
   00632    0.7267  -10184.5510  0.2707 
   00633    0.7270  -10265.9458  0.2582 
   00634    0.7278  -10160.3331  0.2536 
   00635    0.7264  -10188.0970  0.2612 
   00636    0.7348  -10000.5382  0.2553 
   00637    0.7414  -10130.6050  0.2515 
   00638    0.7220  -10092.7390  0.2695 
   00639    0.7209  -10150.0224  0.2668 
   00640    0.7127  -10280.4292  0.2702 
   00641    0.7261  -10060.0250  0.2739 
   00642    0.7294  -10049.8475  0.2696 
   00643    0.7298  -10142.5124  0.2674 
   00644    0.7173  -10251.2612  0.2608 
   00645    0.7370  -10203.8578  0.2617 
   00646    0.7172  -10363.4610  0.2591 
   00647    0.7269  -10186.0387  0.2594 
   00648    0.7234  -10091.0988  0.2619 
   00649    0.7189  -10244.4799  0.2563 
   00650    0.7206  -10193.6432  0.2553 
   00651    0.7302  -10333.1481  0.2629 
   00652    0.7278  -10308.3076  0.2605 
   00653    0.7267  -10180.9550  0.2642 
   00654    0.7166  -10060.9980  0.2619 
   00655    0.7283   -9988.1096  0.2748 
   00656    0.7256  -10163.4350  0.2678 
   00657    0.7283  -10201.4375  0.2592 
   00658    0.7203  -10184.5025  0.2609 
   00659    0.7164  -10335.1502  0.2730 
   00660    0.7298  -10316.7085  0.2709 
   00661    0.7325  -10253.3248  0.2704 
   00662    0.7133  -10374.2305  0.2615 
   00663    0.7262  -10255.7689  0.2592 
   00664    0.7255  -10245.2494  0.2508 
   00665    0.7252  -10245.6112  0.2511 
   00666    0.7233  -10304.0570  0.2578 
   00667    0.7317  -10099.4700  0.2563 
   00668    0.7280  -10347.3517  0.2550 
   00669    0.7244  -10193.8633  0.2559 
   00670    0.7208  -10256.1827  0.2605 
   00671    0.7288  -10053.2015  0.2581 
   00672    0.7294  -10126.8013  0.2589 
   00673    0.7248  -10301.4724  0.2532 
   00674    0.7273  -10372.6445  0.2603 
   00675    0.7186  -10363.6090  0.2656 
   00676    0.7219  -10453.7228  0.2603 
   00677    0.7264  -10439.3240  0.2520 
   00678    0.7259  -10142.6269  0.2526 
   00679    0.7322  -10198.5411  0.2612 
   00680    0.7302  -10261.9902  0.2536 
   00681    0.7194  -10218.9165  0.2587 
   00682    0.7231  -10215.2118  0.2543 
   00683    0.7302  -10031.3256  0.2517 
   00684    0.7327  -10033.6544  0.2533 
   00685    0.7255  -10142.9399  0.2576 
   00686    0.7139  -10233.1318  0.2565 
   00687    0.7373   -9959.5254  0.2677 
   00688    0.7323   -9973.3069  0.2668 
   00689    0.7309  -10177.6195  0.2624 
   00690    0.7366  -10255.3521  0.2762 
   00691    0.7236  -10363.0522  0.2785 
   00692    0.7234  -10310.4563  0.2818 
   00693    0.7266  -10303.5141  0.2711 
   00694    0.7125  -10307.7947  0.2682 
   00695    0.7214  -10196.5775  0.2695 
   00696    0.7347  -10214.1835  0.2632 
   00697    0.7230  -10161.9517  0.2620 
   00698    0.7333   -9924.6283  0.2618 
   00699    0.7347   -9822.8695  0.2713 
   00700    0.7297  -10083.1804  0.2673 
   00701    0.7323   -9994.7291  0.2639 
   00702    0.7269  -10072.8595  0.2616 
   00703    0.7245  -10200.2161  0.2563 
   00704    0.7378  -10081.5412  0.2550 
   00705    0.7317  -10211.7899  0.2543 
   00706    0.7253  -10213.5452  0.2618 
   00707    0.7242  -10470.7046  0.2574 
   00708    0.7150  -10336.3204  0.2581 
   00709    0.7206  -10270.7433  0.2670 
   00710    0.7347  -10140.0875  0.2701 
   00711    0.7261  -10096.0429  0.2680 
   00712    0.7339  -10097.6696  0.2615 
   00713    0.7234  -10147.7745  0.2616 
   00714    0.7155  -10269.2367  0.2701 
   00715    0.7253  -10234.0593  0.2507 
   00716    0.7163  -10156.7035  0.2568 
   00717    0.7183  -10167.5962  0.2580 
   00718    0.7256  -10283.7187  0.2608 
   00719    0.7317  -10344.3959  0.2545 
   00720    0.7248  -10257.9136  0.2595 
   00721    0.7250  -10203.6391  0.2693 
   00722    0.7256  -10136.4289  0.2659 
   00723    0.7353  -10102.9457  0.2604 
   00724    0.7398  -10118.3168  0.2574 
   00725    0.7309  -10261.5460  0.2630 
   00726    0.7400  -10036.9161  0.2600 
   00727    0.7220  -10358.3074  0.2643 
   00728    0.7222  -10300.7528  0.2692 
   00729    0.7288  -10293.7209  0.2641 
   00730    0.7244  -10159.9753  0.2651 
   00731    0.7256  -10110.2204  0.2552 
   00732    0.7350  -10050.7091  0.2596 
   00733    0.7255  -10059.3383  0.2620 
   00734    0.7303  -10140.6017  0.2636 
   00735    0.7359  -10252.2723  0.2624 
   00736    0.7241  -10192.7427  0.2617 
   00737    0.7323  -10141.4399  0.2593 
   00738    0.7359  -10173.5361  0.2612 
   00739    0.7297  -10077.6350  0.2630 
   00740    0.7327  -10111.4567  0.2634 
   00741    0.7275  -10079.7628  0.2679 
   00742    0.7345  -10040.5097  0.2644 
   00743    0.7295  -10232.5925  0.2586 
   00744    0.7233  -10142.5480  0.2569 
   00745    0.7297  -10033.8086  0.2570 
   00746    0.7314   -9941.9990  0.2573 
   00747    0.7277   -9986.2427  0.2589 
   00748    0.7395  -10107.5587  0.2578 
   00749    0.7325  -10348.1570  0.2628 
   00750    0.7192  -10316.0136  0.2611 
   00751    0.7197  -10190.5896  0.2607 
   00752    0.7197  -10212.4459  0.2580 
   00753    0.7270  -10272.3615  0.2646 
   00754    0.7350   -9934.6472  0.2727 
   00755    0.7302  -10048.6720  0.2713 
   00756    0.7309  -10225.0947  0.2615 
   00757    0.7183  -10081.8640  0.2549 
   00758    0.7259  -10109.8138  0.2561 
   00759    0.7239  -10093.4014  0.2597 
   00760    0.7222  -10210.8028  0.2649 
   00761    0.7267  -10049.3661  0.2572 
   00762    0.7339  -10257.7707  0.2595 
   00763    0.7166  -10232.5742  0.2576 
   00764    0.7227  -10081.4109  0.2577 
   00765    0.7291  -10368.0814  0.2572 
   00766    0.7345  -10321.9415  0.2576 
   00767    0.7141  -10218.2855  0.2546 
   00768    0.7244  -10213.3479  0.2650 
   00769    0.7250   -9929.7472  0.2692 
   00770    0.7270  -10124.7243  0.2678 
   00771    0.7216   -9945.6768  0.2700 
   00772    0.7225  -10059.6982  0.2705 
   00773    0.7208  -10347.0318  0.2652 
   00774    0.7334  -10064.5744  0.2607 
   00775    0.7267  -10166.7943  0.2628 
   00776    0.7320  -10107.0074  0.2674 
   00777    0.7297  -10077.8997  0.2556 
   00778    0.7297  -10160.6921  0.2605 
   00779    0.7223  -10092.6183  0.2552 
   00780    0.7339  -10114.8068  0.2543 
   00781    0.7225  -10289.4486  0.2622 
   00782    0.7294  -10056.0058  0.2583 
   00783    0.7395   -9882.4800  0.2572 
   00784    0.7361  -10080.2986  0.2578 
   00785    0.7252   -9900.5813  0.2595 
   00786    0.7300  -10045.5983  0.2629 
   00787    0.7311  -10254.0975  0.2656 
   00788    0.7288  -10124.2771  0.2673 
   00789    0.7289  -10092.7731  0.2764 
   00790    0.7333  -10020.0348  0.2654 
   00791    0.7417  -10211.1305  0.2619 
   00792    0.7306  -10340.0305  0.2697 
   00793    0.7198  -10197.6963  0.2677 
   00794    0.7209  -10193.2196  0.2746 
   00795    0.7291   -9985.4932  0.2667 
   00796    0.7258  -10148.7958  0.2711 
   00797    0.7188  -10196.9776  0.2679 
   00798    0.7305  -10208.0720  0.2593 
   00799    0.7247  -10127.6801  0.2621 
   00800    0.7303  -10036.3731  0.2657 
   00801    0.7295  -10207.6624  0.2608 
   00802    0.7345   -9947.7773  0.2693 
   00803    0.7350  -10106.9695  0.2701 
   00804    0.7319  -10170.3385  0.2638 
   00805    0.7233  -10051.6391  0.2644 
   00806    0.7269  -10428.0963  0.2767 
   00807    0.7233  -10492.2471  0.2701 
   00808    0.7231  -10197.3586  0.2698 
   00809    0.7244  -10225.0151  0.2644 
   00810    0.7323  -10053.5105  0.2623 
   00811    0.7391  -10059.6666  0.2687 
   00812    0.7330  -10264.3975  0.2704 
   00813    0.7289  -10118.8966  0.2591 
   00814    0.7289  -10072.6081  0.2575 
   00815    0.7241  -10168.7791  0.2554 
   00816    0.7306  -10093.8947  0.2586 
   00817    0.7381  -10180.5734  0.2592 
   00818    0.7338  -10118.9600  0.2630 
   00819    0.7300  -10214.1625  0.2653 
   00820    0.7275  -10092.6402  0.2674 
   00821    0.7333  -10228.9809  0.2673 
   00822    0.7322  -10194.7697  0.2564 
   00823    0.7350  -10088.6676  0.2546 
   00824    0.7269  -10171.3761  0.2527 
   00825    0.7222  -10075.5881  0.2631 
   00826    0.7303  -10012.2283  0.2600 
   00827    0.7312  -10003.5033  0.2684 
   00828    0.7320  -10262.7643  0.2712 
   00829    0.7261  -10236.1703  0.2641 
   00830    0.7281  -10174.1216  0.2681 
   00831    0.7312  -10121.4876  0.2605 
   00832    0.7325  -10195.2946  0.2570 
   00833    0.7283  -10202.7054  0.2536 
   00834    0.7262  -10281.6225  0.2589 
   00835    0.7284  -10267.5898  0.2589 
   00836    0.7244  -10101.3920  0.2647 
   00837    0.7273  -10126.5817  0.2669 
   00838    0.7202  -10211.8838  0.2552 
   00839    0.7316  -10204.0295  0.2584 
   00840    0.7252  -10442.5273  0.2612 
   00841    0.7227  -10356.6869  0.2640 
   00842    0.7067  -10231.6458  0.2539 
   00843    0.7331  -10067.3683  0.2524 
   00844    0.7352  -10126.7030  0.2511 
   00845    0.7320  -10111.1640  0.2594 
   00846    0.7278  -10222.4377  0.2601 
   00847    0.7305  -10058.5462  0.2530 
   00848    0.7295  -10063.5717  0.2590 
   00849    0.7264  -10177.9475  0.2660 
   00850    0.7347  -10099.0849  0.2661 
   00851    0.7245  -10311.4713  0.2635 
   00852    0.7211  -10194.3875  0.2704 
   00853    0.7156  -10328.6667  0.2587 
   00854    0.7294  -10171.3297  0.2615 
   00855    0.7248  -10092.1621  0.2648 
   00856    0.7312  -10315.2685  0.2613 
   00857    0.7342  -10414.4336  0.2645 
   00858    0.7300  -10261.9523  0.2700 
   00859    0.7219  -10207.7152  0.2673 
   00860    0.7311  -10243.5371  0.2627 
   00861    0.7239  -10107.5228  0.2612 
   00862    0.7352  -10293.1846  0.2526 
   00863    0.7225  -10477.5844  0.2622 
   00864    0.7133  -10319.6850  0.2761 
   00865    0.7286  -10319.7092  0.2650 
   00866    0.7261  -10105.6156  0.2526 
   00867    0.7248  -10248.5859  0.2549 
   00868    0.7323  -10287.8589  0.2587 
   00869    0.7325  -10077.4367  0.2573 
   00870    0.7289  -10091.1902  0.2578 
   00871    0.7284  -10017.8563  0.2564 
   00872    0.7223  -10007.7479  0.2525 
   00873    0.7344   -9989.0233  0.2665 
   00874    0.7389  -10003.5054  0.2686 
   00875    0.7298  -10131.1353  0.2744 
   00876    0.7222  -10067.3208  0.2666 
   00877    0.7194  -10103.9125  0.2807 
   00878    0.7225  -10046.4001  0.2781 
   00879    0.7381   -9940.4699  0.2649 
   00880    0.7328  -10230.0872  0.2620 
   00881    0.7272  -10226.2682  0.2635 
   00882    0.7261  -10276.0849  0.2597 
   00883    0.7278  -10126.3601  0.2618 
   00884    0.7186  -10117.1063  0.2551 
   00885    0.7259  -10246.6019  0.2605 
   00886    0.7227  -10244.6704  0.2637 
   00887    0.7192  -10077.0260  0.2667 
   00888    0.7248  -10477.7198  0.2744 
   00889    0.7231  -10350.4911  0.2720 
   00890    0.7217  -10240.7941  0.2641 
   00891    0.7197  -10277.0692  0.2648 
   00892    0.7289  -10333.7483  0.2578 
   00893    0.7153  -10336.0153  0.2665 
   00894    0.7183  -10015.0654  0.2606 
   00895    0.7362   -9835.2033  0.2516 
   00896    0.7327  -10037.0834  0.2531 
   00897    0.7348  -10013.3243  0.2606 
   00898    0.7323   -9894.6708  0.2587 
   00899    0.7236  -10117.3588  0.2565 
   00900    0.7272  -10009.0246  0.2542 
   00901    0.7398  -10071.1280  0.2634 
   00902    0.7291  -10331.7394  0.2686 
   00903    0.7291  -10285.5156  0.2601 
   00904    0.7200  -10328.1383  0.2705 
   00905    0.7219  -10244.8679  0.2656 
   00906    0.7280  -10190.6625  0.2698 
   00907    0.7220  -10266.3033  0.2715 
   00908    0.7273  -10288.6545  0.2695 
   00909    0.7281  -10329.0035  0.2649 
   00910    0.7316  -10404.0741  0.2645 
   00911    0.7355  -10273.1784  0.2584 
   00912    0.7312  -10345.2929  0.2594 
   00913    0.7195  -10257.2500  0.2531 
   00914    0.7247  -10367.7994  0.2571 
   00915    0.7305  -10402.0634  0.2566 
   00916    0.7272  -10140.5256  0.2658 
   00917    0.7352  -10015.6231  0.2575 
   00918    0.7306  -10119.1323  0.2669 
   00919    0.7281  -10146.2805  0.2613 
   00920    0.7152  -10293.0267  0.2607 
   00921    0.7336  -10231.7698  0.2566 
   00922    0.7248  -10285.8546  0.2583 
   00923    0.7255  -10305.8231  0.2601 
   00924    0.7225  -10068.7312  0.2585 
   00925    0.7373  -10125.0459  0.2607 
   00926    0.7303  -10160.1637  0.2575 
   00927    0.7219  -10235.4216  0.2577 
   00928    0.7170  -10398.0557  0.2543 
   00929    0.7192  -10294.8718  0.2529 
   00930    0.7258  -10127.7461  0.2538 
   00931    0.7336   -9923.4484  0.2531 
   00932    0.7312   -9965.3372  0.2584 
   00933    0.7392   -9960.9847  0.2604 
   00934    0.7281  -10000.1518  0.2517 
   00935    0.7338  -10084.8209  0.2592 
   00936    0.7230  -10385.1195  0.2507 
   00937    0.7247  -10043.4212  0.2620 
   00938    0.7273  -10022.3654  0.2637 
   00939    0.7283   -9959.9404  0.2613 
   00940    0.7284  -10057.8166  0.2700 
   00941    0.7319  -10073.3587  0.2705 
   00942    0.7366  -10050.5126  0.2771 
   00943    0.7298   -9928.7578  0.2746 
   00944    0.7264  -10171.3850  0.2715 
   00945    0.7294  -10245.8136  0.2727 
   00946    0.7239  -10339.7484  0.2651 
   00947    0.7316  -10008.4826  0.2503 
   00948    0.7309  -10124.1239  0.2520 
   00949    0.7308   -9995.4572  0.2598 
   00950    0.7298  -10112.7009  0.2577 
   00951    0.7341  -10037.4686  0.2514 
   00952    0.7317   -9953.2986  0.2578 
   00953    0.7344  -10163.9097  0.2527 
   00954    0.7347  -10174.4253  0.2552 
   00955    0.7250  -10042.4791  0.2516 
   00956    0.7325   -9859.0530  0.2549 
   00957    0.7338  -10161.9079  0.2592 
   00958    0.7386  -10024.8132  0.2626 
   00959    0.7242  -10001.6439  0.2597 
   00960    0.7361  -10216.5060  0.2549 
   00961    0.7192  -10274.5320  0.2579 
   00962    0.7405  -10182.8716  0.2635 
   00963    0.7227  -10218.9820  0.2590 
   00964    0.7269  -10391.0287  0.2658 
   00965    0.7216  -10477.5763  0.2712 
   00966    0.7205  -10274.9040  0.2777 
   00967    0.7209  -10286.2929  0.2786 
   00968    0.7219  -10141.4146  0.2706 
   00969    0.7361  -10048.5758  0.2668 
   00970    0.7262  -10185.8125  0.2592 
   00971    0.7283  -10198.7389  0.2625 
   00972    0.7320  -10077.7953  0.2647 
   00973    0.7273  -10106.8040  0.2675 
   00974    0.7294  -10174.3367  0.2654 
   00975    0.7317  -10066.6347  0.2555 
   00976    0.7245  -10099.6996  0.2632 
   00977    0.7273  -10255.3179  0.2631 
   00978    0.7236  -10125.5942  0.2587 
   00979    0.7147  -10011.8867  0.2542 
   00980    0.7366  -10078.5348  0.2555 
   00981    0.7234  -10091.0952  0.2578 
   00982    0.7322  -10076.4028  0.2592 
   00983    0.7398  -10108.5943  0.2557 
   00984    0.7338   -9954.9913  0.2558 
   00985    0.7270  -10170.3187  0.2593 
   00986    0.7214  -10282.7611  0.2574 
   00987    0.7284   -9933.4196  0.2564 
   00988    0.7377   -9900.0518  0.2620 
   00989    0.7328  -10214.8923  0.2764 
   00990    0.7352  -10198.9129  0.2697 
   00991    0.7217   -9960.2408  0.2605 
   00992    0.7269  -10081.0951  0.2629 
   00993    0.7227  -10240.7715  0.2660 
   00994    0.7163  -10191.3773  0.2618 
   00995    0.7145  -10228.0865  0.2698 
   00996    0.7298  -10173.3584  0.2596 
   00997    0.7305  -10098.1857  0.2702 
   00998    0.7348  -10229.3363  0.2750 
   00999    0.7280  -10075.2628  0.2738 
   01000    0.7247  -10184.1301  0.2668 
