#=====================================================
# File created:        Mon-06-Nov-2023-at-12-30-20PM
# Size of lattice:     40x40
# Number of MC steps:  1000
# Reduced temperature: 0.200
# Run time (s):        7.606098
#=====================================================
# MC step:  Ratio:     Energy:   Order:
#=====================================================
   00000    0.5000   -1606.2778  0.2750 
   00001    0.6856   -2117.7854  0.2825 
   00002    0.6344   -2554.6795  0.2831 
   00003    0.6306   -2966.4240  0.2924 
   00004    0.6081   -3271.7141  0.2946 
   00005    0.5925   -3606.5060  0.3036 
   00006    0.5875   -3847.0600  0.3037 
   00007    0.5731   -4029.9579  0.3036 
   00008    0.5606   -4197.2287  0.3050 
   00009    0.5581   -4336.3681  0.3126 
   00010    0.5644   -4461.6296  0.3102 
   00011    0.5231   -4558.3115  0.3130 
   00012    0.5494   -4670.7883  0.3237 
   00013    0.5256   -4787.4340  0.3239 
   00014    0.5119   -4855.8220  0.3239 
   00015    0.5300   -4907.9907  0.3297 
   00016    0.5050   -4972.0171  0.3264 
   00017    0.5194   -5029.9662  0.3326 
   00018    0.5381   -5107.7044  0.3409 
   00019    0.4988   -5187.3626  0.3463 
   00020    0.4906   -5244.3162  0.3490 
   00021    0.5012   -5297.0092  0.3548 
   00022    0.5125   -5320.3910  0.3550 
   00023    0.5031   -5366.7918  0.3593 
   00024    0.4781   -5408.9021  0.3649 
   00025    0.4950   -5433.7245  0.3618 
   00026    0.4931   -5454.9887  0.3619 
   00027    0.4994   -5479.7595  0.3652 
   00028    0.4781   -5503.0364  0.3686 
   00029    0.5025   -5520.1385  0.3769 
   00030    0.4938   -5532.3909  0.3750 
   00031    0.4838   -5539.0795  0.3773 
   00032    0.4944   -5566.3771  0.3829 
   00033    0.4744   -5590.3249  0.3867 
   00034    0.4831   -5602.3524  0.3821 
   00035    0.4881   -5601.6080  0.3824 
   00036    0.4694   -5622.9608  0.3870 
   00037    0.4575   -5618.8573  0.3848 
   00038    0.4913   -5638.6094  0.3839 
   00039    0.4731   -5645.3603  0.3904 
   00040    0.4956   -5660.1066  0.3878 
   00041    0.4662   -5662.8574  0.3900 
   00042    0.4738   -5670.9553  0.3882 
   00043    0.4600   -5667.9601  0.3902 
   00044    0.4756   -5684.5384  0.3922 
   00045    0.4675   -5710.9882  0.3951 
   00046    0.4819   -5728.4961  0.4006 
   00047    0.4938   -5726.8960  0.4056 
   00048    0.4775   -5735.3855  0.4023 
   00049    0.4744   -5751.2713  0.4066 
   00050    0.4750   -5765.0535  0.4041 
   00051    0.4744   -5746.3740  0.4019 
   00052    0.4788   -5760.4801  0.3996 
   00053    0.4537   -5757.0705  0.3985 
   00054    0.4844   -5755.5548  0.3988 
   00055    0.5019   -5762.0905  0.4013 
   00056    0.4813   -5762.9165  0.4036 
   00057    0.4562   -5774.2713  0.4056 
   00058    0.4844   -5776.6826  0.4069 
   00059    0.4662   -5785.4667  0.4095 
   00060    0.4606   -5777.2974  0.4099 
   00061    0.4581   -5780.9383  0.4158 
   00062    0.4713   -5777.2626  0.4177 
   00063    0.4863   -5782.7754  0.4193 
   00064    0.4838   -5785.5762  0.4188 
   00065    0.4644   -5783.6200  0.4194 
   00066    0.4825   -5773.3829  0.4204 
   00067    0.4731   -5775.9285  0.4213 
   00068    0.4700   -5778.0928  0.4219 
   00069    0.4800   -5787.3653  0.4245 
   00070    0.4800   -5795.4164  0.4234 
   00071    0.4656   -5788.7592  0.4190 
   00072    0.4600   -5799.1451  0.4152 
   00073    0.4844   -5794.1395  0.4127 
   00074    0.4850   -5808.6374  0.4134 
   00075    0.4775   -5795.0540  0.4191 
   00076    0.4706   -5804.4551  0.4174 
   00077    0.4763   -5798.5944  0.4152 
   00078    0.4581   -5789.6922  0.4197 
   00079    0.4694   -5809.4498  0.4246 
   00080    0.4813   -5798.0343  0.4220 
   00081    0.4963   -5809.2448  0.4184 
   00082    0.4825   -5812.9378  0.4132 
   00083    0.4819   -5811.0905  0.4100 
   00084    0.4888   -5801.8833  0.4119 
   00085    0.4931   -5801.6679  0.4125 
   00086    0.4719   -5815.0462  0.4126 
   00087    0.4900   -5822.3225  0.4162 
   00088    0.4813   -5837.6433  0.4196 
   00089    0.4750   -5841.1592  0.4198 
   00090    0.4525   -5844.0609  0.4209 
   00091    0.4750   -5847.6995  0.4265 
   00092    0.4731   -5851.7771  0.4262 
   00093    0.4750   -5846.7179  0.4282 
   00094    0.4669   -5857.2235  0.4309 
   00095    0.4788   -5858.3281  0.4238 
   00096    0.4719   -5861.2312  0.4198 
   00097    0.4888   -5865.6449  0.4222 
   00098    0.4781   -5873.5912  0.4178 
   00099    0.4644   -5857.4692  0.4172 
   00100    0.4763   -5846.9357  0.4129 
   00101    0.4662   -5864.4765  0.4124 
   00102    0.4813   -5861.7886  0.4138 
   00103    0.4637   -5855.1283  0.4126 
   00104    0.4844   -5859.3936  0.4134 
   00105    0.4669   -5870.1357  0.4168 
   00106    0.4644   -5868.8754  0.4147 
   00107    0.4813   -5878.8335  0.4155 
   00108    0.4694   -5869.0689  0.4189 
   00109    0.4794   -5851.1230  0.4204 
   00110    0.4825   -5856.3237  0.4171 
   00111    0.4656   -5848.8955  0.4170 
   00112    0.4806   -5846.1927  0.4188 
   00113    0.4744   -5864.5574  0.4226 
   00114    0.4675   -5871.9358  0.4238 
   00115    0.4963   -5871.3404  0.4201 
   00116    0.4763   -5868.8758  0.4199 
   00117    0.4650   -5878.8079  0.4225 
   00118    0.4725   -5874.5777  0.4258 
   00119    0.4719   -5885.9417  0.4318 
   00120    0.4888   -5880.9387  0.4334 
   00121    0.4738   -5874.1623  0.4338 
   00122    0.4838   -5869.1252  0.4390 
   00123    0.4775   -5879.0242  0.4373 
   00124    0.4694   -5876.2917  0.4352 
   00125    0.4656   -5871.3143  0.4346 
   00126    0.4781   -5870.5118  0.4387 
   00127    0.4813   -5872.2463  0.4367 
   00128    0.4612   -5866.0408  0.4413 
   00129    0.4775   -5863.2198  0.4403 
   00130    0.4744   -5863.0352  0.4401 
   00131    0.4694   -5859.1993  0.4420 
   00132    0.4681   -5861.7572  0.4419 
   00133    0.4531   -5876.6969  0.4427 
   00134    0.4644   -5886.2845  0.4413 
   00135    0.4525   -5879.8652  0.4431 
   00136    0.4825   -5865.4975  0.4420 
   00137    0.5012   -5863.0705  0.4406 
   00138    0.4863   -5866.1499  0.4421 
   00139    0.4612   -5885.1441  0.4412 
   00140    0.4700   -5880.5450  0.4416 
   00141    0.4694   -5880.8292  0.4401 
   00142    0.4581   -5878.3992  0.4429 
   00143    0.4750   -5888.5127  0.4451 
   00144    0.4581   -5896.3119  0.4433 
   00145    0.4625   -5897.7697  0.4457 
   00146    0.4487   -5883.3800  0.4415 
   00147    0.4925   -5886.2076  0.4384 
   00148    0.4769   -5883.5068  0.4420 
   00149    0.4594   -5884.3319  0.4453 
   00150    0.4519   -5895.6856  0.4510 
   00151    0.4644   -5900.1374  0.4543 
   00152    0.4738   -5913.1890  0.4557 
   00153    0.4906   -5913.5966  0.4565 
   00154    0.4675   -5911.9468  0.4564 
   00155    0.4662   -5916.5553  0.4547 
   00156    0.4763   -5912.5771  0.4539 
   00157    0.4744   -5910.0691  0.4589 
   00158    0.4581   -5907.1736  0.4624 
   00159    0.4938   -5911.9096  0.4633 
   00160    0.4844   -5910.3154  0.4639 
   00161    0.4706   -5918.9398  0.4673 
   00162    0.4950   -5917.7185  0.4642 
   00163    0.4744   -5898.8272  0.4630 
   00164    0.4881   -5898.0094  0.4622 
   00165    0.4925   -5889.1978  0.4656 
   00166    0.4700   -5894.1994  0.4734 
   00167    0.4594   -5895.2426  0.4737 
   00168    0.4713   -5905.3496  0.4767 
   00169    0.4906   -5904.5093  0.4777 
   00170    0.4869   -5911.2103  0.4812 
   00171    0.4662   -5914.9539  0.4818 
   00172    0.4625   -5906.9170  0.4849 
   00173    0.4706   -5916.3709  0.4869 
   00174    0.4706   -5926.7943  0.4866 
   00175    0.4888   -5913.3783  0.4797 
   00176    0.4625   -5908.3424  0.4771 
   00177    0.4750   -5917.8861  0.4815 
   00178    0.4763   -5921.0180  0.4788 
   00179    0.4575   -5901.9902  0.4800 
   00180    0.4694   -5901.9339  0.4850 
   00181    0.4781   -5897.9709  0.4831 
   00182    0.4681   -5903.0210  0.4844 
   00183    0.4550   -5896.0238  0.4871 
   00184    0.4706   -5915.8088  0.4933 
   00185    0.4556   -5908.2000  0.4907 
   00186    0.4556   -5915.7729  0.4905 
   00187    0.4675   -5911.9108  0.4928 
   00188    0.4744   -5906.8603  0.4926 
   00189    0.4631   -5911.8306  0.4986 
   00190    0.4675   -5903.5870  0.4964 
   00191    0.4625   -5920.5450  0.5016 
   00192    0.4669   -5908.3102  0.5025 
   00193    0.4763   -5912.3098  0.5034 
   00194    0.4925   -5902.7172  0.5035 
   00195    0.4581   -5915.6619  0.5013 
   00196    0.4756   -5920.7464  0.5021 
   00197    0.4694   -5922.8235  0.5053 
   00198    0.4575   -5925.2215  0.5043 
   00199    0.4719   -5922.5724  0.5028 
   00200    0.4775   -5909.6157  0.5047 
   00201    0.4706   -5901.9862  0.5055 
   00202    0.4644   -5910.5366  0.5095 
   00203    0.4900   -5914.1267  0.5102 
   00204    0.4637   -5933.8461  0.5093 
   00205    0.4619   -5922.7755  0.5108 
   00206    0.4763   -5919.3757  0.5098 
   00207    0.4606   -5916.1879  0.5096 
   00208    0.4656   -5918.9138  0.5092 
   00209    0.4763   -5904.9295  0.5121 
   00210    0.4794   -5906.5285  0.5143 
   00211    0.4706   -5912.2395  0.5158 
   00212    0.4869   -5912.2004  0.5154 
   00213    0.4606   -5915.4423  0.5220 
   00214    0.4650   -5925.6250  0.5242 
   00215    0.4531   -5924.0170  0.5207 
   00216    0.4656   -5941.6884  0.5241 
   00217    0.4713   -5937.7101  0.5267 
   00218    0.4550   -5929.9982  0.5261 
   00219    0.4706   -5932.7918  0.5239 
   00220    0.4769   -5935.6878  0.5187 
   00221    0.4456   -5945.3222  0.5210 
   00222    0.4688   -5939.8358  0.5182 
   00223    0.4944   -5922.4095  0.5158 
   00224    0.4587   -5928.2127  0.5173 
   00225    0.4875   -5937.0620  0.5191 
   00226    0.5000   -5930.2831  0.5205 
   00227    0.4813   -5915.8274  0.5176 
   00228    0.4569   -5920.2345  0.5171 
   00229    0.4662   -5930.9706  0.5170 
   00230    0.4500   -5924.6866  0.5184 
   00231    0.4619   -5922.6626  0.5147 
   00232    0.4500   -5925.7038  0.5174 
   00233    0.4669   -5930.4906  0.5210 
   00234    0.4800   -5948.2841  0.5238 
   00235    0.4775   -5946.1686  0.5238 
   00236    0.4656   -5940.4975  0.5258 
   00237    0.4481   -5932.1361  0.5285 
   00238    0.4713   -5924.4916  0.5324 
   00239    0.4381   -5948.5141  0.5289 
   00240    0.4562   -5948.6015  0.5317 
   00241    0.4669   -5947.9707  0.5295 
   00242    0.4444   -5946.8549  0.5266 
   00243    0.4500   -5946.6807  0.5203 
   00244    0.4994   -5941.2034  0.5171 
   00245    0.4469   -5930.7776  0.5232 
   00246    0.4731   -5925.7779  0.5238 
   00247    0.4706   -5920.6362  0.5256 
   00248    0.4831   -5923.5897  0.5227 
   00249    0.4725   -5915.2967  0.5225 
   00250    0.4831   -5937.2471  0.5216 
   00251    0.4744   -5941.8942  0.5194 
   00252    0.4806   -5935.3932  0.5189 
   00253    0.4838   -5936.5099  0.5195 
   00254    0.4850   -5948.1893  0.5200 
   00255    0.4688   -5954.6268  0.5229 
   00256    0.4556   -5945.4685  0.5235 
   00257    0.4738   -5950.4798  0.5259 
   00258    0.4525   -5959.5886  0.5298 
   00259    0.4575   -5966.7336  0.5310 
   00260    0.4888   -5948.8714  0.5272 
   00261    0.4800   -5935.0130  0.5264 
   00262    0.4831   -5936.6523  0.5286 
   00263    0.4575   -5935.8925  0.5293 
   00264    0.4519   -5934.4605  0.5327 
   00265    0.4694   -5936.4600  0.5365 
   00266    0.4650   -5932.2434  0.5370 
   00267    0.4788   -5942.4796  0.5373 
   00268    0.4525   -5945.9726  0.5383 
   00269    0.4813   -5951.6243  0.5339 
   00270    0.4587   -5950.2155  0.5382 
   00271    0.4775   -5948.6616  0.5392 
   00272    0.4562   -5946.8030  0.5403 
   00273    0.4706   -5947.6244  0.5425 
   00274    0.4575   -5953.9562  0.5438 
   00275    0.4575   -5947.0728  0.5390 
   00276    0.4537   -5956.9671  0.5427 
   00277    0.4644   -5954.9852  0.5424 
   00278    0.4631   -5961.9911  0.5451 
   00279    0.4531   -5973.6011  0.5443 
   00280    0.4744   -5967.1535  0.5465 
   00281    0.4531   -5957.6214  0.5500 
   00282    0.4756   -5960.1627  0.5509 
   00283    0.5056   -5944.2685  0.5482 
   00284    0.4700   -5949.8330  0.5475 
   00285    0.4587   -5954.6453  0.5490 
   00286    0.4587   -5959.9667  0.5530 
   00287    0.4706   -5967.7079  0.5555 
   00288    0.4500   -5971.5157  0.5577 
   00289    0.4819   -5966.2007  0.5568 
   00290    0.4637   -5978.8403  0.5558 
   00291    0.4550   -5964.1565  0.5550 
   00292    0.4650   -5956.4080  0.5574 
   00293    0.4713   -5953.1405  0.5568 
   00294    0.4669   -5955.5905  0.5590 
   00295    0.4587   -5958.4551  0.5593 
   00296    0.4431   -5949.1789  0.5601 
   00297    0.4631   -5936.3153  0.5577 
   00298    0.4575   -5927.3811  0.5603 
   00299    0.4750   -5939.7497  0.5652 
   00300    0.4744   -5969.5673  0.5693 
   00301    0.4838   -5960.9712  0.5676 
   00302    0.4575   -5957.1538  0.5651 
   00303    0.4694   -5950.0603  0.5700 
   00304    0.4512   -5955.0251  0.5767 
   00305    0.4781   -5953.0560  0.5803 
   00306    0.4688   -5963.9368  0.5841 
   00307    0.4700   -5969.1924  0.5827 
   00308    0.4806   -5980.7774  0.5860 
   00309    0.4719   -5963.0233  0.5854 
   00310    0.4775   -5954.5367  0.5862 
   00311    0.4519   -5945.9848  0.5860 
   00312    0.4819   -5962.7247  0.5835 
   00313    0.4675   -5970.5728  0.5846 
   00314    0.4844   -5976.9209  0.5881 
   00315    0.4619   -5968.9381  0.5971 
   00316    0.4788   -5977.2565  0.5976 
   00317    0.4494   -5981.9902  0.5984 
   00318    0.4425   -5978.8443  0.6006 
   00319    0.4738   -5985.5722  0.6014 
   00320    0.4769   -5984.5664  0.6021 
   00321    0.4662   -5980.8714  0.6020 
   00322    0.4656   -5977.7083  0.6011 
   00323    0.4650   -5983.9758  0.6018 
   00324    0.4525   -5971.9591  0.6036 
   00325    0.4519   -5978.3457  0.6062 
   00326    0.4675   -5967.5332  0.6081 
   00327    0.4612   -5976.3212  0.6023 
   00328    0.4625   -5982.3256  0.6034 
   00329    0.4713   -5980.8075  0.6055 
   00330    0.4706   -5982.1536  0.6037 
   00331    0.4931   -5983.2670  0.6051 
   00332    0.4662   -5978.5311  0.6078 
   00333    0.4744   -5990.3261  0.6107 
   00334    0.5025   -5977.2079  0.6166 
   00335    0.4731   -5981.0738  0.6169 
   00336    0.4350   -5983.3289  0.6220 
   00337    0.4775   -5985.4796  0.6236 
   00338    0.4400   -5989.6757  0.6237 
   00339    0.4644   -5988.2694  0.6215 
   00340    0.4669   -5988.0728  0.6231 
   00341    0.4700   -5990.1796  0.6269 
   00342    0.4556   -5977.0397  0.6272 
   00343    0.4688   -5983.0735  0.6298 
   00344    0.4856   -5983.9227  0.6330 
   00345    0.4494   -5985.5788  0.6309 
   00346    0.4506   -5969.5263  0.6273 
   00347    0.4587   -5963.7069  0.6312 
   00348    0.4575   -5977.5956  0.6280 
   00349    0.4531   -5973.7739  0.6296 
   00350    0.4625   -5979.0347  0.6315 
   00351    0.4694   -5990.8705  0.6316 
   00352    0.4813   -5990.4762  0.6332 
   00353    0.4631   -5983.4081  0.6289 
   00354    0.4631   -5993.8552  0.6282 
   00355    0.4725   -5982.6894  0.6257 
   00356    0.4637   -5982.3806  0.6213 
   00357    0.4575   -5999.6601  0.6251 
   00358    0.4656   -5999.4209  0.6287 
   00359    0.4813   -5985.9835  0.6322 
   00360    0.4706   -5982.2882  0.6361 
   00361    0.4625   -5994.4348  0.6385 
   00362    0.4656   -5994.5557  0.6369 
   00363    0.4894   -5987.7720  0.6410 
   00364    0.4506   -5975.6824  0.6406 
   00365    0.4900   -5967.7384  0.6387 
   00366    0.4512   -5972.8687  0.6395 
   00367    0.4775   -5972.2284  0.6428 
   00368    0.4425   -5967.7184  0.6399 
   00369    0.4688   -5972.4732  0.6468 
   00370    0.4469   -5963.2083  0.6499 
   00371    0.4713   -5960.5461  0.6522 
   00372    0.4725   -5962.7386  0.6564 
   00373    0.4881   -5958.5466  0.6551 
   00374    0.4594   -5962.6368  0.6482 
   00375    0.4475   -5973.1976  0.6512 
   00376    0.4506   -5957.5568  0.6496 
   00377    0.4656   -5955.4220  0.6459 
   00378    0.4606   -5950.6466  0.6519 
   00379    0.4725   -5957.1213  0.6575 
   00380    0.4594   -5961.7188  0.6567 
   00381    0.4700   -5968.1479  0.6592 
   00382    0.4662   -5967.9175  0.6608 
   00383    0.4713   -5969.6699  0.6597 
   00384    0.4631   -5985.3534  0.6586 
   00385    0.4731   -5978.3584  0.6591 
   00386    0.4619   -5978.7344  0.6556 
   00387    0.4569   -5974.9082  0.6544 
   00388    0.4856   -5970.2536  0.6537 
   00389    0.4725   -5969.7190  0.6543 
   00390    0.4450   -5988.7037  0.6531 
   00391    0.4819   -5979.1684  0.6539 
   00392    0.4506   -5982.8536  0.6568 
   00393    0.4688   -5974.9196  0.6630 
   00394    0.4788   -5976.5168  0.6639 
   00395    0.4600   -5970.7809  0.6586 
   00396    0.4963   -5985.8055  0.6574 
   00397    0.4587   -5985.6787  0.6596 
   00398    0.4731   -5976.4622  0.6569 
   00399    0.4775   -5986.6090  0.6616 
   00400    0.4794   -5984.9104  0.6643 
   00401    0.4512   -5994.4177  0.6669 
   00402    0.4562   -5992.5233  0.6655 
   00403    0.4587   -5983.6847  0.6648 
   00404    0.4313   -5970.1781  0.6629 
   00405    0.4544   -5973.3829  0.6633 
   00406    0.4794   -5966.5371  0.6561 
   00407    0.4669   -5976.9501  0.6603 
   00408    0.4781   -5965.5695  0.6614 
   00409    0.4813   -5978.0264  0.6612 
   00410    0.4600   -5981.1504  0.6633 
   00411    0.4781   -5992.0757  0.6638 
   00412    0.4600   -5981.9883  0.6623 
   00413    0.4619   -5973.8051  0.6652 
   00414    0.4669   -5977.8954  0.6676 
   00415    0.4600   -5982.8411  0.6714 
   00416    0.4650   -5985.4990  0.6718 
   00417    0.4637   -5981.4256  0.6741 
   00418    0.4713   -5993.1660  0.6722 
   00419    0.4719   -5986.6810  0.6731 
   00420    0.4612   -5975.6816  0.6712 
   00421    0.4750   -5987.1863  0.6750 
   00422    0.4738   -5976.4873  0.6701 
   00423    0.4600   -5974.5764  0.6653 
   00424    0.4531   -5979.8417  0.6659 
   00425    0.4681   -5980.9472  0.6676 
   00426    0.4606   -5979.8937  0.6686 
   00427    0.4456   -5977.1252  0.6688 
   00428    0.4681   -5967.8313  0.6678 
   00429    0.4544   -5975.5359  0.6684 
   00430    0.4487   -5961.0692  0.6701 
   00431    0.4481   -5970.2249  0.6754 
   00432    0.4850   -5965.1687  0.6731 
   00433    0.4612   -5975.4287  0.6776 
   00434    0.4831   -5972.2306  0.6823 
   00435    0.4694   -5962.1532  0.6846 
   00436    0.4669   -5977.0671  0.6838 
   00437    0.4600   -5992.7852  0.6850 
   00438    0.4763   -5979.3407  0.6852 
   00439    0.4600   -5992.1380  0.6871 
   00440    0.4750   -5991.9317  0.6914 
   00441    0.4738   -5992.0656  0.6918 
   00442    0.4731   -5982.3998  0.6934 
   00443    0.4600   -5978.0970  0.6929 
   00444    0.4644   -5980.2241  0.6954 
   00445    0.4519   -5967.4861  0.6958 
   00446    0.4631   -5977.8542  0.6965 
   00447    0.4763   -5969.7896  0.6999 
   00448    0.4587   -5984.0761  0.7037 
   00449    0.4531   -5990.8906  0.7078 
   00450    0.4644   -5986.7822  0.7089 
   00451    0.4581   -5985.9717  0.7088 
   00452    0.4512   -5984.3809  0.7037 
   00453    0.4706   -5985.5732  0.7059 
   00454    0.4756   -5978.4413  0.7043 
   00455    0.4675   -5983.1398  0.7047 
   00456    0.4794   -5965.7683  0.7040 
   00457    0.4575   -5968.7665  0.7062 
   00458    0.4644   -5963.4592  0.7034 
   00459    0.4763   -5969.6308  0.7037 
   00460    0.4781   -5967.1541  0.7063 
   00461    0.4819   -5969.9944  0.7005 
   00462    0.4612   -5967.9332  0.7010 
   00463    0.4625   -5968.4990  0.7042 
   00464    0.4681   -5975.5441  0.7050 
   00465    0.4869   -5982.3748  0.7059 
   00466    0.4788   -5991.4875  0.7052 
   00467    0.4537   -6005.1104  0.7048 
   00468    0.4688   -6007.2624  0.7036 
   00469    0.4675   -6000.2611  0.7074 
   00470    0.4769   -5983.2385  0.7049 
   00471    0.4656   -5978.4355  0.7008 
   00472    0.4800   -5984.4225  0.7024 
   00473    0.4944   -5998.0956  0.7070 
   00474    0.4606   -6007.2529  0.7102 
   00475    0.4688   -5999.5942  0.7129 
   00476    0.4550   -6006.6835  0.7123 
   00477    0.4319   -6000.8977  0.7088 
   00478    0.4688   -5999.5293  0.7129 
   00479    0.4681   -5977.4313  0.7120 
   00480    0.4487   -5969.9567  0.7131 
   00481    0.4612   -5987.3950  0.7143 
   00482    0.4600   -5981.8623  0.7156 
   00483    0.4612   -5984.4568  0.7162 
   00484    0.4856   -5974.4662  0.7174 
   00485    0.4700   -5970.5050  0.7224 
   00486    0.4994   -5970.7788  0.7214 
   00487    0.4731   -5985.3656  0.7212 
   00488    0.4775   -5978.7210  0.7204 
   00489    0.4706   -5979.4130  0.7208 
   00490    0.4600   -5979.1463  0.7164 
   00491    0.4612   -5984.6646  0.7214 
   00492    0.4844   -5978.7233  0.7202 
   00493    0.4700   -5979.0947  0.7178 
   00494    0.4750   -5975.6145  0.7184 
   00495    0.4688   -5987.4620  0.7230 
   00496    0.4456   -5973.1464  0.7227 
   00497    0.4612   -5978.9989  0.7208 
   00498    0.4725   -5973.4703  0.7183 
   00499    0.4800   -5985.3189  0.7180 
   00500    0.4675   -5988.1849  0.7179 
   00501    0.4781   -5989.3927  0.7213 
   00502    0.4644   -5996.0432  0.7224 
   00503    0.4550   -5997.9929  0.7250 
   00504    0.4637   -6003.8393  0.7237 
   00505    0.4806   -5995.4853  0.7268 
   00506    0.4656   -5993.0207  0.7284 
   00507    0.4850   -5988.2996  0.7275 
   00508    0.4738   -5993.1113  0.7247 
   00509    0.4512   -5985.5013  0.7195 
   00510    0.4963   -5976.6296  0.7199 
   00511    0.4612   -5986.2032  0.7196 
   00512    0.4444   -5983.9863  0.7179 
   00513    0.4644   -5986.2652  0.7152 
   00514    0.4725   -5993.5497  0.7136 
   00515    0.4825   -5995.4629  0.7117 
   00516    0.4631   -5987.4987  0.7088 
   00517    0.4806   -5977.8280  0.7077 
   00518    0.4644   -5980.4325  0.7055 
   00519    0.4769   -5977.8281  0.7095 
   00520    0.4831   -5965.7545  0.7055 
   00521    0.4537   -5978.7976  0.7045 
   00522    0.4556   -5979.7157  0.7022 
   00523    0.4938   -5990.0902  0.7024 
   00524    0.4650   -5991.2561  0.7024 
   00525    0.4825   -5991.9450  0.7050 
   00526    0.4350   -5991.9132  0.7074 
   00527    0.4806   -5984.4500  0.7087 
   00528    0.4631   -5980.4086  0.7142 
   00529    0.4594   -5987.6726  0.7181 
   00530    0.4525   -5991.3246  0.7175 
   00531    0.4606   -5989.8750  0.7162 
   00532    0.4425   -5991.7886  0.7197 
   00533    0.4650   -6000.0860  0.7219 
   00534    0.4669   -5996.1945  0.7206 
   00535    0.4756   -5995.5293  0.7209 
   00536    0.4781   -5999.2877  0.7190 
   00537    0.4656   -5990.9737  0.7185 
   00538    0.4662   -5983.8923  0.7200 
   00539    0.4544   -5994.8361  0.7201 
   00540    0.4881   -5995.6123  0.7237 
   00541    0.4688   -5991.6683  0.7270 
   00542    0.4900   -5998.7906  0.7225 
   00543    0.4825   -5998.6037  0.7221 
   00544    0.4612   -6001.4335  0.7236 
   00545    0.4738   -6012.9754  0.7268 
   00546    0.4600   -5996.7236  0.7250 
   00547    0.4469   -6004.6462  0.7259 
   00548    0.4625   -5989.4099  0.7231 
   00549    0.4575   -5999.2473  0.7292 
   00550    0.4462   -5995.7763  0.7301 
   00551    0.4769   -6002.7732  0.7342 
   00552    0.4913   -6004.5277  0.7358 
   00553    0.4587   -6010.4188  0.7328 
   00554    0.4662   -6020.7243  0.7344 
   00555    0.4587   -6012.3420  0.7352 
   00556    0.4594   -5997.1606  0.7337 
   00557    0.4669   -6009.4679  0.7328 
   00558    0.4506   -6026.3310  0.7373 
   00559    0.4806   -6015.8221  0.7381 
   00560    0.4412   -6013.2803  0.7367 
   00561    0.4606   -6031.7207  0.7373 
   00562    0.4656   -6013.7874  0.7326 
   00563    0.4525   -6011.2070  0.7287 
   00564    0.4519   -6023.3305  0.7281 
   00565    0.4800   -6021.8720  0.7290 
   00566    0.4456   -6011.1577  0.7298 
   00567    0.4788   -5998.6901  0.7301 
   00568    0.4706   -6015.2320  0.7302 
   00569    0.4938   -6011.7665  0.7315 
   00570    0.4744   -6014.4319  0.7343 
   00571    0.4631   -6012.2204  0.7373 
   00572    0.4844   -6010.1650  0.7375 
   00573    0.4375   -6027.4583  0.7406 
   00574    0.4569   -6025.7313  0.7383 
   00575    0.4612   -6024.7413  0.7369 
   00576    0.4587   -6026.7087  0.7355 
   00577    0.4425   -6021.8555  0.7397 
   00578    0.4288   -6024.1725  0.7420 
   00579    0.4850   -6023.3515  0.7404 
   00580    0.4731   -6021.7630  0.7384 
   00581    0.4587   -6044.2462  0.7418 
   00582    0.4569   -6034.6518  0.7418 
   00583    0.4662   -6030.4230  0.7427 
   00584    0.4338   -6028.3213  0.7401 
   00585    0.4675   -6020.9691  0.7373 
   00586    0.4969   -6024.2725  0.7379 
   00587    0.4681   -6018.6778  0.7411 
   00588    0.4562   -6031.6960  0.7436 
   00589    0.4569   -6025.7301  0.7469 
   00590    0.4688   -6010.8688  0.7424 
   00591    0.4637   -6018.2005  0.7478 
   00592    0.4487   -6020.1379  0.7506 
   00593    0.4625   -6011.9275  0.7488 
   00594    0.4544   -6015.9981  0.7507 
   00595    0.4656   -6013.8766  0.7491 
   00596    0.4719   -6019.2712  0.7517 
   00597    0.4681   -6029.8794  0.7527 
   00598    0.4838   -6018.0872  0.7514 
   00599    0.4525   -6005.5886  0.7517 
   00600    0.4537   -5997.6420  0.7515 
   00601    0.4581   -5986.2092  0.7514 
   00602    0.4606   -6008.4795  0.7529 
   00603    0.4706   -6022.1879  0.7554 
   00604    0.4412   -6023.7646  0.7528 
   00605    0.4725   -6020.7005  0.7544 
   00606    0.4625   -6021.0931  0.7556 
   00607    0.4594   -6029.2177  0.7603 
   00608    0.4356   -6038.9794  0.7614 
   00609    0.4662   -6018.4415  0.7607 
   00610    0.4619   -6020.5697  0.7615 
   00611    0.4500   -6029.3885  0.7640 
   00612    0.4644   -6021.9278  0.7666 
   00613    0.4556   -6027.0778  0.7634 
   00614    0.4869   -6018.9778  0.7599 
   00615    0.4575   -6017.5783  0.7666 
   00616    0.4688   -6020.5450  0.7661 
   00617    0.4981   -6014.6026  0.7669 
   00618    0.4625   -6033.6153  0.7711 
   00619    0.4600   -6025.2474  0.7738 
   00620    0.4525   -6008.3191  0.7729 
   00621    0.4619   -6018.7155  0.7742 
   00622    0.4688   -6021.7960  0.7801 
   00623    0.4612   -6023.3826  0.7797 
   00624    0.4838   -6015.2443  0.7744 
   00625    0.4431   -6012.0528  0.7741 
   00626    0.4681   -5998.2020  0.7756 
   00627    0.4838   -5998.5135  0.7755 
   00628    0.4487   -6004.0444  0.7746 
   00629    0.4844   -6001.5596  0.7757 
   00630    0.4688   -6012.2927  0.7758 
   00631    0.4744   -6001.7613  0.7748 
   00632    0.4550   -5999.3901  0.7741 
   00633    0.4681   -6021.3189  0.7753 
   00634    0.4631   -6017.5287  0.7767 
   00635    0.4650   -6029.7171  0.7806 
   00636    0.4688   -6026.5585  0.7815 
   00637    0.4381   -6027.5173  0.7837 
   00638    0.4637   -6032.3083  0.7806 
   00639    0.4725   -6039.3205  0.7832 
   00640    0.4531   -6044.6638  0.7785 
   00641    0.4562   -6039.4132  0.7785 
   00642    0.4800   -6034.0813  0.7812 
   00643    0.4844   -6034.0493  0.7778 
   00644    0.4544   -6039.5227  0.7779 
   00645    0.4763   -6042.8260  0.7766 
   00646    0.4581   -6046.6446  0.7804 
   00647    0.4562   -6044.9602  0.7816 
   00648    0.4644   -6051.9620  0.7808 
   00649    0.4494   -6052.1120  0.7797 
   00650    0.4400   -6044.5036  0.7799 
   00651    0.4619   -6050.7798  0.7772 
   00652    0.4419   -6051.6134  0.7751 
   00653    0.4644   -6043.8868  0.7777 
   00654    0.4425   -6055.1954  0.7775 
   00655    0.4731   -6018.4417  0.7738 
   00656    0.4537   -6024.2022  0.7747 
   00657    0.4550   -6039.9377  0.7785 
   00658    0.4569   -6040.3827  0.7828 
   00659    0.4381   -6042.9776  0.7832 
   00660    0.4756   -6036.4448  0.7830 
   00661    0.4313   -6033.8387  0.7787 
   00662    0.4681   -6032.7479  0.7790 
   00663    0.4387   -6028.3770  0.7787 
   00664    0.4475   -6020.8293  0.7776 
   00665    0.4594   -6024.2093  0.7736 
   00666    0.4581   -6034.3131  0.7733 
   00667    0.4581   -6034.4609  0.7780 
   00668    0.4800   -6033.0425  0.7761 
   00669    0.4675   -6026.0031  0.7737 
   00670    0.4694   -6027.6141  0.7712 
   00671    0.4644   -6035.2113  0.7731 
   00672    0.4788   -6043.2173  0.7747 
   00673    0.4631   -6021.5289  0.7736 
   00674    0.4688   -6026.3860  0.7752 
   00675    0.4594   -6046.3058  0.7801 
   00676    0.4569   -6044.5580  0.7816 
   00677    0.4338   -6033.5855  0.7780 
   00678    0.4650   -6020.7906  0.7749 
   00679    0.4744   -6007.9476  0.7743 
   00680    0.4688   -6014.4815  0.7731 
   00681    0.4606   -6018.1807  0.7762 
   00682    0.4556   -6025.2863  0.7784 
   00683    0.4813   -6030.8915  0.7811 
   00684    0.4900   -6045.4511  0.7808 
   00685    0.4700   -6035.1371  0.7817 
   00686    0.4525   -6028.5655  0.7825 
   00687    0.4625   -6026.8227  0.7819 
   00688    0.4819   -6038.5974  0.7841 
   00689    0.4575   -6026.0606  0.7828 
   00690    0.4750   -6024.1525  0.7829 
   00691    0.4738   -6027.7733  0.7812 
   00692    0.4612   -6033.6498  0.7801 
   00693    0.4706   -6033.6757  0.7801 
   00694    0.4694   -6012.7863  0.7789 
   00695    0.4856   -6009.2468  0.7798 
   00696    0.4619   -6007.3401  0.7840 
   00697    0.4400   -6012.6012  0.7909 
   00698    0.4763   -5998.3893  0.7936 
   00699    0.4600   -5992.6573  0.7903 
   00700    0.4981   -6000.3333  0.7904 
   00701    0.4700   -6002.2725  0.7943 
   00702    0.4725   -6012.2357  0.7927 
   00703    0.4587   -6010.5604  0.7921 
   00704    0.4644   -6000.4648  0.7930 
   00705    0.4444   -6014.5959  0.7969 
   00706    0.4675   -6017.2985  0.7968 
   00707    0.4531   -6027.9380  0.7955 
   00708    0.4719   -6020.0833  0.7904 
   00709    0.4556   -6012.5781  0.7933 
   00710    0.4606   -6022.7243  0.7931 
   00711    0.4813   -6011.6493  0.7913 
   00712    0.4556   -6026.4725  0.7933 
   00713    0.4744   -6027.9869  0.7934 
   00714    0.4650   -6026.1157  0.7953 
   00715    0.4544   -6026.2311  0.7971 
   00716    0.4731   -6035.9548  0.7998 
   00717    0.4756   -6031.9469  0.8008 
   00718    0.4788   -6029.3261  0.8005 
   00719    0.4738   -6036.3917  0.7996 
   00720    0.4481   -6037.9771  0.7996 
   00721    0.4794   -6026.1237  0.7986 
   00722    0.4594   -6028.5426  0.7945 
   00723    0.4725   -6021.0979  0.7905 
   00724    0.4650   -6020.0070  0.7882 
   00725    0.4363   -6022.5432  0.7859 
   00726    0.4756   -6021.1601  0.7873 
   00727    0.4606   -6019.0338  0.7904 
   00728    0.4825   -6020.1324  0.7875 
   00729    0.4781   -6023.5912  0.7853 
   00730    0.4706   -6017.9097  0.7877 
   00731    0.4600   -6008.6117  0.7892 
   00732    0.4662   -6008.9707  0.7912 
   00733    0.4537   -6029.9330  0.7943 
   00734    0.4900   -6033.5747  0.7982 
   00735    0.4606   -6032.4055  0.7992 
   00736    0.4644   -6027.6940  0.8000 
   00737    0.4487   -6028.1925  0.7982 
   00738    0.4625   -6031.9461  0.8011 
   00739    0.4531   -6028.2904  0.8012 
   00740    0.4756   -6017.2806  0.8002 
   00741    0.4600   -6015.3519  0.8013 
   00742    0.4550   -6005.9316  0.8023 
   00743    0.4950   -6011.8094  0.8002 
   00744    0.4612   -6003.2868  0.8017 
   00745    0.4700   -6004.9486  0.8001 
   00746    0.4769   -6026.0154  0.8035 
   00747    0.4444   -6018.8673  0.8057 
   00748    0.4644   -6020.2972  0.8074 
   00749    0.4644   -6019.5810  0.8047 
   00750    0.4919   -6011.5852  0.8078 
   00751    0.4744   -6013.7266  0.8043 
   00752    0.4688   -6015.5579  0.8116 
   00753    0.4650   -6031.5677  0.8126 
   00754    0.4781   -6021.9202  0.8174 
   00755    0.4519   -6025.8998  0.8186 
   00756    0.4675   -6022.8232  0.8181 
   00757    0.4713   -6026.0711  0.8174 
   00758    0.4763   -6026.0846  0.8230 
   00759    0.4462   -6038.8546  0.8258 
   00760    0.4788   -6034.8681  0.8226 
   00761    0.4494   -6034.1062  0.8242 
   00762    0.4825   -6020.4538  0.8232 
   00763    0.4881   -6025.1172  0.8203 
   00764    0.4606   -6038.5127  0.8245 
   00765    0.4719   -6044.4609  0.8258 
   00766    0.4569   -6037.7546  0.8263 
   00767    0.4631   -6037.4741  0.8285 
   00768    0.4569   -6040.7058  0.8296 
   00769    0.4550   -6052.2261  0.8310 
   00770    0.4469   -6034.7987  0.8306 
   00771    0.4387   -6036.8044  0.8330 
   00772    0.4400   -6034.3549  0.8343 
   00773    0.4731   -6013.4642  0.8320 
   00774    0.4675   -6021.5376  0.8351 
   00775    0.4650   -6031.0677  0.8357 
   00776    0.4738   -6037.6314  0.8345 
   00777    0.4475   -6050.9932  0.8364 
   00778    0.4612   -6046.3953  0.8351 
   00779    0.4575   -6050.7635  0.8371 
   00780    0.4581   -6056.5818  0.8387 
   00781    0.4831   -6053.3077  0.8408 
   00782    0.4625   -6062.8804  0.8390 
   00783    0.4931   -6057.1842  0.8421 
   00784    0.4406   -6039.5545  0.8431 
   00785    0.4575   -6045.4605  0.8427 
   00786    0.4794   -6039.8883  0.8402 
   00787    0.4456   -6039.6247  0.8415 
   00788    0.4850   -6038.1120  0.8411 
   00789    0.4725   -6044.3735  0.8432 
   00790    0.4600   -6047.0515  0.8444 
   00791    0.4688   -6047.5948  0.8475 
   00792    0.4375   -6038.1819  0.8487 
   00793    0.4738   -6034.1972  0.8466 
   00794    0.4581   -6021.1015  0.8468 
   00795    0.4800   -6016.2439  0.8489 
   00796    0.4631   -6012.0891  0.8461 
   00797    0.4612   -6031.6210  0.8501 
   00798    0.4406   -6033.3422  0.8523 
   00799    0.4650   -6018.5777  0.8501 
   00800    0.4625   -6012.9638  0.8522 
   00801    0.4719   -6027.4302  0.8550 
   00802    0.4669   -6030.8945  0.8565 
   00803    0.4738   -6010.4853  0.8567 
   00804    0.4644   -6030.9574  0.8567 
   00805    0.4869   -6049.6316  0.8572 
   00806    0.4575   -6042.0640  0.8548 
   00807    0.4694   -6048.3105  0.8567 
   00808    0.4650   -6040.4971  0.8558 
   00809    0.4375   -6043.3845  0.8567 
   00810    0.4606   -6043.2189  0.8559 
   00811    0.4794   -6037.8005  0.8528 
   00812    0.4456   -6048.0891  0.8532 
   00813    0.4556   -6052.8123  0.8486 
   00814    0.4581   -6049.4545  0.8478 
   00815    0.4544   -6043.6347  0.8482 
   00816    0.4706   -6031.3705  0.8485 
   00817    0.4813   -6032.6436  0.8481 
   00818    0.4713   -6024.7592  0.8479 
   00819    0.4500   -6031.7001  0.8453 
   00820    0.4744   -6028.3614  0.8469 
   00821    0.4525   -6028.2295  0.8489 
   00822    0.4713   -6035.7784  0.8508 
   00823    0.4675   -6041.5383  0.8535 
   00824    0.4625   -6040.5183  0.8545 
   00825    0.4500   -6037.0739  0.8558 
   00826    0.4544   -6034.2205  0.8533 
   00827    0.4575   -6049.5821  0.8535 
   00828    0.4606   -6034.6006  0.8499 
   00829    0.4706   -6033.1761  0.8532 
   00830    0.4612   -6037.6706  0.8528 
   00831    0.4612   -6038.6239  0.8508 
   00832    0.4369   -6040.1814  0.8507 
   00833    0.4500   -6034.6550  0.8528 
   00834    0.4537   -6044.3160  0.8561 
   00835    0.4506   -6044.2108  0.8567 
   00836    0.4769   -6047.1776  0.8554 
   00837    0.4606   -6030.5536  0.8570 
   00838    0.4875   -6020.5745  0.8589 
   00839    0.4519   -6019.4533  0.8600 
   00840    0.4387   -6018.6395  0.8606 
   00841    0.4756   -6029.8621  0.8628 
   00842    0.4669   -6039.7701  0.8643 
   00843    0.4919   -6024.2423  0.8636 
   00844    0.4581   -6031.4594  0.8675 
   00845    0.4750   -6024.4536  0.8685 
   00846    0.4838   -6031.4514  0.8701 
   00847    0.4556   -6028.3020  0.8713 
   00848    0.4544   -6040.2650  0.8735 
   00849    0.4750   -6040.6837  0.8761 
   00850    0.4700   -6052.7900  0.8782 
   00851    0.4419   -6032.5992  0.8736 
   00852    0.4537   -6050.0491  0.8763 
   00853    0.4494   -6040.5825  0.8764 
   00854    0.4481   -6056.8397  0.8770 
   00855    0.4575   -6067.6746  0.8769 
   00856    0.4819   -6075.0378  0.8760 
   00857    0.4562   -6062.1695  0.8758 
   00858    0.4669   -6053.9859  0.8728 
   00859    0.4587   -6045.3894  0.8716 
   00860    0.4675   -6038.4357  0.8690 
   00861    0.4688   -6029.4755  0.8664 
   00862    0.4612   -6035.9623  0.8690 
   00863    0.4844   -6035.5084  0.8691 
   00864    0.4425   -6040.7658  0.8681 
   00865    0.4537   -6035.5729  0.8687 
   00866    0.4637   -6052.8648  0.8664 
   00867    0.4550   -6048.2458  0.8704 
   00868    0.4637   -6059.2092  0.8761 
   00869    0.4344   -6068.0742  0.8760 
   00870    0.4562   -6046.5084  0.8753 
   00871    0.4544   -6041.3624  0.8709 
   00872    0.4725   -6044.1386  0.8753 
   00873    0.4650   -6056.7788  0.8771 
   00874    0.4656   -6054.3134  0.8833 
   00875    0.4738   -6054.8450  0.8861 
   00876    0.4587   -6057.8942  0.8864 
   00877    0.4594   -6072.2256  0.8888 
   00878    0.4644   -6050.3222  0.8892 
   00879    0.4625   -6051.5822  0.8908 
   00880    0.4669   -6058.4945  0.8936 
   00881    0.4456   -6057.4195  0.8948 
   00882    0.4550   -6070.0481  0.9011 
   00883    0.4669   -6056.1604  0.8979 
   00884    0.4500   -6044.9617  0.8967 
   00885    0.4756   -6047.3930  0.8973 
   00886    0.4475   -6043.8474  0.8968 
   00887    0.4700   -6049.3043  0.8946 
   00888    0.4944   -6051.5623  0.8944 
   00889    0.4512   -6038.6605  0.8928 
   00890    0.4537   -6055.2694  0.8959 
   00891    0.4562   -6052.1760  0.8948 
   00892    0.4731   -6060.1790  0.8973 
   00893    0.4744   -6044.1102  0.8963 
   00894    0.4800   -6046.2182  0.8970 
   00895    0.4537   -6043.9732  0.8991 
   00896    0.4856   -6045.6289  0.9010 
   00897    0.4706   -6044.1792  0.8993 
   00898    0.4675   -6048.7876  0.8996 
   00899    0.4600   -6064.9951  0.9008 
   00900    0.4662   -6064.0859  0.9019 
   00901    0.4487   -6060.8291  0.9045 
   00902    0.4706   -6051.1203  0.9041 
   00903    0.4544   -6066.6237  0.9060 
   00904    0.4556   -6069.8459  0.9068 
   00905    0.4788   -6069.4759  0.9079 
   00906    0.4850   -6071.1692  0.9071 
   00907    0.4562   -6064.4158  0.9102 
   00908    0.4519   -6065.1027  0.9104 
   00909    0.4706   -6062.1292  0.9120 
   00910    0.4562   -6062.7045  0.9118 
   00911    0.4575   -6054.4713  0.9125 
   00912    0.4569   -6057.2582  0.9125 
   00913    0.4731   -6065.5070  0.9134 
   00914    0.4637   -6068.9010  0.9124 
   00915    0.4656   -6085.2703  0.9162 
   00916    0.4625   -6069.3109  0.9137 
   00917    0.4700   -6061.1451  0.9145 
   00918    0.4600   -6065.5682  0.9141 
   00919    0.4725   -6058.8450  0.9135 
   00920    0.4650   -6051.9018  0.9151 
   00921    0.4719   -6066.5195  0.9118 
   00922    0.4594   -6067.1545  0.9123 
   00923    0.4662   -6080.1917  0.9131 
   00924    0.4612   -6069.0064  0.9103 
   00925    0.4562   -6081.6504  0.9087 
   00926    0.4500   -6080.7870  0.9079 
   00927    0.4688   -6075.5347  0.9093 
   00928    0.4763   -6077.0371  0.9116 
   00929    0.4544   -6069.5424  0.9087 
   00930    0.4725   -6052.2634  0.9086 
   00931    0.4619   -6053.8179  0.9088 
   00932    0.4456   -6064.4403  0.9090 
   00933    0.4606   -6060.2637  0.9067 
   00934    0.4844   -6064.8907  0.9067 
   00935    0.4706   -6036.3511  0.9044 
   00936    0.4844   -6036.0774  0.9053 
   00937    0.4688   -6050.4662  0.9059 
   00938    0.4662   -6056.3124  0.9085 
   00939    0.4612   -6066.6677  0.9073 
   00940    0.4425   -6065.4148  0.9045 
   00941    0.4419   -6072.9986  0.9060 
   00942    0.4537   -6066.0125  0.9082 
   00943    0.4644   -6062.7319  0.9059 
   00944    0.4587   -6080.2515  0.9083 
   00945    0.4256   -6079.8400  0.9088 
   00946    0.4788   -6077.3102  0.9082 
   00947    0.4344   -6071.5210  0.9105 
   00948    0.4556   -6072.6452  0.9096 
   00949    0.4875   -6067.7750  0.9104 
   00950    0.4700   -6056.5305  0.9074 
   00951    0.4512   -6069.6689  0.9049 
   00952    0.4519   -6068.2377  0.9054 
   00953    0.4519   -6066.0729  0.9074 
   00954    0.4819   -6061.0662  0.9055 
   00955    0.4662   -6059.9610  0.9047 
   00956    0.4713   -6060.0352  0.9026 
   00957    0.4450   -6046.3521  0.9039 
   00958    0.4706   -6063.8667  0.9081 
   00959    0.4806   -6056.7477  0.9069 
   00960    0.4806   -6077.3359  0.9094 
   00961    0.4763   -6075.8116  0.9117 
   00962    0.4813   -6080.4463  0.9107 
   00963    0.4831   -6079.7363  0.9085 
   00964    0.4719   -6071.7803  0.9079 
   00965    0.4525   -6069.5313  0.9088 
   00966    0.4544   -6074.7858  0.9083 
   00967    0.4750   -6065.4939  0.9090 
   00968    0.4487   -6062.4715  0.9104 
   00969    0.4500   -6066.7839  0.9100 
   00970    0.4631   -6054.3209  0.9106 
   00971    0.4587   -6053.1925  0.9115 
   00972    0.4544   -6048.8752  0.9113 
   00973    0.4681   -6052.6800  0.9066 
   00974    0.4694   -6061.0953  0.9082 
   00975    0.4644   -6071.7067  0.9085 
   00976    0.4437   -6082.6781  0.9089 
   00977    0.4650   -6074.8209  0.9087 
   00978    0.4475   -6073.0572  0.9094 
   00979    0.4594   -6062.4298  0.9098 
   00980    0.4731   -6070.8336  0.9122 
   00981    0.4650   -6068.9905  0.9140 
   00982    0.4619   -6077.1414  0.9174 
   00983    0.4525   -6086.1799  0.9180 
   00984    0.4825   -6077.9508  0.9178 
   00985    0.4550   -6081.2670  0.9211 
   00986    0.4625   -6071.5694  0.9208 
   00987    0.4675   -6064.7597  0.9195 
   00988    0.4562   -6054.7652  0.9154 
   00989    0.4363   -6053.5095  0.9157 
   00990    0.4525   -6059.4410  0.9172 
   00991    0.4575   -6060.1526  0.9190 
   00992    0.4556   -6064.3257  0.9191 
   00993    0.4750   -6062.1282  0.9200 
   00994    0.4813   -6063.7490  0.9222 
   00995    0.4706   -6067.2170  0.9241 
   00996    0.4669   -6074.5984  0.9255 
   00997    0.4512   -6074.1649  0.9263 
   00998    0.4600   -6067.9287  0.9272 
   00999    0.4431   -6061.7355  0.9295 
   01000    0.4575   -6081.9592  0.9290 
