#=====================================================
# File created:        Mon-06-Nov-2023-at-03-12-20PM
# Size of lattice:     20x20
# Number of MC steps:  1000
# Reduced temperature: 0.400
# Run time (s):        1.866378
#=====================================================
# MC step:  Ratio:     Energy:   Order:
#=====================================================
   00000    0.5000    -397.0325  0.2742 
   00001    0.6750    -562.0048  0.2880 
   00002    0.6525    -714.2822  0.2846 
   00003    0.5675    -864.3618  0.2854 
   00004    0.5400    -951.6791  0.2928 
   00005    0.5300   -1021.3933  0.2688 
   00006    0.4900   -1064.5341  0.2634 
   00007    0.4575   -1101.0340  0.2728 
   00008    0.4825   -1125.6976  0.2828 
   00009    0.4725   -1164.2929  0.2868 
   00010    0.4550   -1183.1935  0.2720 
   00011    0.5100   -1205.9322  0.2900 
   00012    0.4975   -1211.4594  0.3035 
   00013    0.4600   -1227.7489  0.2963 
   00014    0.4350   -1233.4978  0.3004 
   00015    0.4000   -1243.3891  0.3017 
   00016    0.4425   -1248.7877  0.3122 
   00017    0.4900   -1259.2086  0.2959 
   00018    0.4800   -1261.5475  0.3079 
   00019    0.4575   -1265.5004  0.3231 
   00020    0.4725   -1269.0876  0.3381 
   00021    0.4250   -1280.7608  0.3400 
   00022    0.4500   -1275.8970  0.3465 
   00023    0.4800   -1272.6667  0.3404 
   00024    0.4625   -1282.7658  0.3363 
   00025    0.4775   -1277.5169  0.3407 
   00026    0.4275   -1292.5066  0.3333 
   00027    0.4750   -1298.9692  0.3397 
   00028    0.4725   -1299.2333  0.3415 
   00029    0.4200   -1296.7998  0.3542 
   00030    0.4125   -1306.3937  0.3481 
   00031    0.4375   -1313.2653  0.3518 
   00032    0.4600   -1309.0057  0.3417 
   00033    0.4025   -1311.2970  0.3519 
   00034    0.4925   -1309.9558  0.3467 
   00035    0.4700   -1317.8196  0.3658 
   00036    0.4325   -1325.0402  0.3713 
   00037    0.4475   -1322.2308  0.3672 
   00038    0.4225   -1317.8685  0.3805 
   00039    0.4175   -1324.3882  0.3935 
   00040    0.4700   -1333.8060  0.3965 
   00041    0.4675   -1305.4002  0.3983 
   00042    0.4250   -1311.5392  0.4265 
   00043    0.4675   -1323.0685  0.4103 
   00044    0.4150   -1324.9651  0.4088 
   00045    0.4500   -1315.1808  0.4091 
   00046    0.4600   -1320.8307  0.4100 
   00047    0.4525   -1305.0634  0.4196 
   00048    0.4325   -1289.3151  0.4278 
   00049    0.4500   -1311.9488  0.4334 
   00050    0.4300   -1332.3272  0.4229 
   00051    0.4575   -1318.9097  0.4198 
   00052    0.4375   -1322.5739  0.4310 
   00053    0.4375   -1323.0820  0.4353 
   00054    0.5075   -1321.5667  0.4323 
   00055    0.4625   -1345.0145  0.4518 
   00056    0.3875   -1335.1215  0.4511 
   00057    0.4600   -1337.1027  0.4362 
   00058    0.4775   -1338.9358  0.4371 
   00059    0.4500   -1339.5633  0.4333 
   00060    0.4550   -1337.9746  0.4368 
   00061    0.4450   -1332.1945  0.4379 
   00062    0.4150   -1330.0517  0.4332 
   00063    0.4475   -1321.9445  0.4215 
   00064    0.3925   -1335.3336  0.4396 
   00065    0.4375   -1321.5442  0.4354 
   00066    0.4400   -1315.2876  0.4382 
   00067    0.4300   -1316.8623  0.4347 
   00068    0.4750   -1320.3530  0.4216 
   00069    0.4225   -1310.0688  0.4098 
   00070    0.4550   -1326.1541  0.3922 
   00071    0.4550   -1326.1139  0.3757 
   00072    0.4350   -1322.7751  0.3947 
   00073    0.4325   -1328.0213  0.3947 
   00074    0.4200   -1329.6656  0.3986 
   00075    0.4525   -1323.3298  0.3944 
   00076    0.4450   -1322.7334  0.4014 
   00077    0.4500   -1326.9834  0.4230 
   00078    0.4175   -1319.7136  0.4209 
   00079    0.4600   -1321.4945  0.4223 
   00080    0.4800   -1332.1288  0.4084 
   00081    0.4600   -1337.7170  0.4285 
   00082    0.4475   -1336.0989  0.4231 
   00083    0.4150   -1333.8366  0.4237 
   00084    0.4500   -1336.2393  0.4225 
   00085    0.4650   -1315.6632  0.4420 
   00086    0.4225   -1328.0231  0.4367 
   00087    0.4375   -1325.4094  0.4425 
   00088    0.4600   -1314.7263  0.4567 
   00089    0.4725   -1332.1599  0.4485 
   00090    0.4400   -1335.8065  0.4469 
   00091    0.4400   -1339.1262  0.4403 
   00092    0.4175   -1353.6981  0.4389 
   00093    0.4250   -1354.8309  0.4407 
   00094    0.4100   -1355.8511  0.4450 
   00095    0.4250   -1361.0183  0.4435 
   00096    0.4225   -1357.9741  0.4607 
   00097    0.4300   -1341.3220  0.4582 
   00098    0.4475   -1350.5026  0.4590 
   00099    0.4325   -1358.2121  0.4600 
   00100    0.3975   -1362.5527  0.4587 
   00101    0.4325   -1366.9209  0.4632 
   00102    0.3975   -1362.3434  0.4742 
   00103    0.4250   -1362.4110  0.4857 
   00104    0.4275   -1346.9132  0.4809 
   00105    0.4500   -1353.6829  0.4884 
   00106    0.4375   -1366.2101  0.4878 
   00107    0.4125   -1355.4442  0.4876 
   00108    0.4475   -1349.5163  0.4852 
   00109    0.4750   -1346.5682  0.4897 
   00110    0.4200   -1349.9183  0.5016 
   00111    0.4225   -1346.9660  0.4894 
   00112    0.4200   -1352.3657  0.4973 
   00113    0.4800   -1345.9617  0.4974 
   00114    0.4475   -1341.0234  0.5112 
   00115    0.4275   -1337.1760  0.5016 
   00116    0.4900   -1337.7189  0.4968 
   00117    0.4650   -1343.2320  0.4985 
   00118    0.4650   -1344.8190  0.4927 
   00119    0.4100   -1343.8866  0.4916 
   00120    0.4525   -1344.4468  0.5038 
   00121    0.4375   -1369.1742  0.5117 
   00122    0.4550   -1367.9462  0.5213 
   00123    0.4175   -1367.9746  0.5140 
   00124    0.4275   -1370.8875  0.5125 
   00125    0.4375   -1360.6652  0.4969 
   00126    0.3975   -1351.7597  0.4937 
   00127    0.4475   -1346.8459  0.4905 
   00128    0.4675   -1338.0461  0.5113 
   00129    0.4500   -1347.7124  0.5198 
   00130    0.4275   -1353.7398  0.5236 
   00131    0.4475   -1347.0544  0.5225 
   00132    0.4250   -1353.8668  0.5269 
   00133    0.4350   -1361.1125  0.5257 
   00134    0.3850   -1359.8801  0.5336 
   00135    0.3900   -1365.3753  0.5425 
   00136    0.4275   -1358.3131  0.5494 
   00137    0.4025   -1355.9292  0.5474 
   00138    0.4625   -1358.0302  0.5404 
   00139    0.4525   -1365.6393  0.5504 
   00140    0.4375   -1379.9196  0.5541 
   00141    0.4425   -1376.4223  0.5504 
   00142    0.4275   -1371.3562  0.5543 
   00143    0.4025   -1379.8982  0.5658 
   00144    0.4250   -1370.4698  0.5635 
   00145    0.4050   -1375.2534  0.5724 
   00146    0.4100   -1376.7545  0.5563 
   00147    0.4600   -1375.8740  0.5542 
   00148    0.4300   -1373.5948  0.5462 
   00149    0.4300   -1365.0941  0.5512 
   00150    0.4250   -1362.5487  0.5561 
   00151    0.4075   -1345.3280  0.5678 
   00152    0.4550   -1357.2417  0.5894 
   00153    0.4725   -1340.4959  0.5734 
   00154    0.4225   -1350.4190  0.5763 
   00155    0.4575   -1366.7762  0.5931 
   00156    0.4175   -1363.3390  0.6008 
   00157    0.4550   -1352.9882  0.5968 
   00158    0.4225   -1365.0449  0.5926 
   00159    0.3950   -1364.7499  0.6001 
   00160    0.4275   -1369.5773  0.6130 
   00161    0.4775   -1364.9110  0.6105 
   00162    0.4700   -1354.9438  0.5985 
   00163    0.4550   -1343.8555  0.6084 
   00164    0.4425   -1349.2428  0.6068 
   00165    0.4650   -1347.9129  0.5992 
   00166    0.4475   -1333.2947  0.5945 
   00167    0.4950   -1341.8852  0.5880 
   00168    0.4425   -1332.7351  0.6002 
   00169    0.4650   -1359.9405  0.6163 
   00170    0.4500   -1356.9791  0.6112 
   00171    0.4400   -1359.7592  0.6147 
   00172    0.4250   -1362.7508  0.6216 
   00173    0.4175   -1360.3159  0.6143 
   00174    0.4150   -1354.1708  0.6200 
   00175    0.4550   -1355.9729  0.6269 
   00176    0.4375   -1357.4561  0.6320 
   00177    0.4250   -1366.8894  0.6431 
   00178    0.4225   -1374.1887  0.6584 
   00179    0.4300   -1380.5973  0.6443 
   00180    0.4450   -1362.2503  0.6570 
   00181    0.4075   -1373.0826  0.6558 
   00182    0.4150   -1364.4350  0.6623 
   00183    0.3875   -1373.5407  0.6669 
   00184    0.4600   -1370.5469  0.6600 
   00185    0.4300   -1381.8378  0.6742 
   00186    0.4150   -1377.5514  0.6790 
   00187    0.4350   -1372.5493  0.6796 
   00188    0.4475   -1367.5537  0.6681 
   00189    0.4625   -1370.7497  0.6625 
   00190    0.4175   -1361.4426  0.6696 
   00191    0.4150   -1357.2954  0.6760 
   00192    0.4325   -1356.6607  0.6625 
   00193    0.4425   -1357.6835  0.6508 
   00194    0.4450   -1372.2737  0.6628 
   00195    0.4175   -1371.6330  0.6738 
   00196    0.4250   -1382.4451  0.6721 
   00197    0.4150   -1385.5075  0.6827 
   00198    0.4150   -1375.7220  0.6904 
   00199    0.4650   -1370.1563  0.6825 
   00200    0.4450   -1372.0211  0.6811 
   00201    0.4150   -1380.7172  0.6918 
   00202    0.4500   -1384.6119  0.6908 
   00203    0.4250   -1389.2203  0.6858 
   00204    0.4175   -1384.4540  0.6885 
   00205    0.4150   -1390.0126  0.6834 
   00206    0.4525   -1385.9560  0.6880 
   00207    0.4650   -1382.2301  0.6919 
   00208    0.4675   -1388.5314  0.7031 
   00209    0.4450   -1394.4085  0.7106 
   00210    0.4225   -1397.4884  0.7006 
   00211    0.3650   -1387.3412  0.7035 
   00212    0.4400   -1392.5343  0.7059 
   00213    0.4550   -1392.7298  0.7162 
   00214    0.4075   -1388.8621  0.7191 
   00215    0.4175   -1397.1069  0.7203 
   00216    0.4300   -1386.5367  0.7008 
   00217    0.4025   -1375.7298  0.7047 
   00218    0.4250   -1376.1181  0.7168 
   00219    0.4150   -1378.2715  0.7270 
   00220    0.4550   -1386.5381  0.7440 
   00221    0.4250   -1379.9279  0.7439 
   00222    0.4050   -1386.5215  0.7495 
   00223    0.4275   -1392.1614  0.7558 
   00224    0.4075   -1392.4553  0.7518 
   00225    0.4125   -1389.9841  0.7541 
   00226    0.4350   -1397.1316  0.7697 
   00227    0.4525   -1395.1304  0.7613 
   00228    0.4475   -1403.6864  0.7776 
   00229    0.4325   -1385.5923  0.7618 
   00230    0.4550   -1396.3365  0.7705 
   00231    0.4300   -1398.2245  0.7794 
   00232    0.4050   -1391.0473  0.7795 
   00233    0.4625   -1390.0426  0.7729 
   00234    0.4550   -1400.4239  0.7706 
   00235    0.3800   -1402.3381  0.7712 
   00236    0.4275   -1390.3855  0.7596 
   00237    0.3975   -1377.8045  0.7582 
   00238    0.4225   -1380.4347  0.7601 
   00239    0.4525   -1386.8875  0.7613 
   00240    0.4350   -1393.1037  0.7615 
   00241    0.4175   -1380.1082  0.7435 
   00242    0.4025   -1393.4713  0.7511 
   00243    0.4550   -1401.9558  0.7461 
   00244    0.4075   -1397.6851  0.7492 
   00245    0.4075   -1392.2091  0.7542 
   00246    0.4325   -1398.7365  0.7609 
   00247    0.4225   -1408.1328  0.7730 
   00248    0.4675   -1407.8480  0.7833 
   00249    0.4275   -1407.9599  0.7882 
   00250    0.4375   -1401.5392  0.7984 
   00251    0.4400   -1388.6950  0.7926 
   00252    0.4350   -1385.9008  0.8005 
   00253    0.4525   -1394.4103  0.7907 
   00254    0.3875   -1399.4891  0.7985 
   00255    0.4050   -1398.8535  0.7958 
   00256    0.4150   -1386.5535  0.7915 
   00257    0.4375   -1410.4587  0.8081 
   00258    0.4400   -1407.0166  0.8111 
   00259    0.4575   -1405.0135  0.8113 
   00260    0.4050   -1422.5359  0.8195 
   00261    0.4350   -1414.7850  0.8113 
   00262    0.3850   -1430.1661  0.8204 
   00263    0.4050   -1420.6147  0.8222 
   00264    0.4400   -1424.3765  0.8274 
   00265    0.4200   -1439.0132  0.8337 
   00266    0.4200   -1422.8651  0.8307 
   00267    0.4250   -1429.9884  0.8231 
   00268    0.4225   -1430.1648  0.8269 
   00269    0.4525   -1441.7742  0.8334 
   00270    0.3800   -1422.6323  0.8279 
   00271    0.4125   -1418.5446  0.8271 
   00272    0.4225   -1420.4735  0.8189 
   00273    0.3925   -1418.4448  0.8218 
   00274    0.4575   -1413.7689  0.8123 
   00275    0.4050   -1421.5409  0.8169 
   00276    0.4025   -1409.1267  0.8149 
   00277    0.4400   -1415.2338  0.8099 
   00278    0.3925   -1423.5691  0.8197 
   00279    0.4375   -1428.8313  0.8181 
   00280    0.4150   -1440.2728  0.8223 
   00281    0.4075   -1432.9209  0.8274 
   00282    0.4000   -1445.0632  0.8273 
   00283    0.3875   -1427.7571  0.8335 
   00284    0.4025   -1428.6725  0.8406 
   00285    0.3900   -1422.4409  0.8376 
   00286    0.4400   -1401.9903  0.8210 
   00287    0.4150   -1406.8433  0.8150 
   00288    0.4150   -1389.5480  0.7999 
   00289    0.4325   -1407.6193  0.8071 
   00290    0.3950   -1421.2472  0.8107 
   00291    0.4275   -1423.4148  0.8089 
   00292    0.4750   -1422.4957  0.8211 
   00293    0.4600   -1414.3374  0.8070 
   00294    0.4250   -1410.4936  0.8086 
   00295    0.3950   -1409.3899  0.8048 
   00296    0.4250   -1406.7207  0.8040 
   00297    0.4450   -1416.4104  0.8000 
   00298    0.3875   -1427.6758  0.8186 
   00299    0.4000   -1414.7413  0.8176 
   00300    0.4175   -1429.6078  0.8271 
   00301    0.4475   -1446.0879  0.8285 
   00302    0.3750   -1443.1996  0.8282 
   00303    0.3925   -1433.5058  0.8286 
   00304    0.4050   -1433.0461  0.8310 
   00305    0.3875   -1432.0397  0.8272 
   00306    0.4625   -1417.9192  0.8203 
   00307    0.4150   -1420.8804  0.8226 
   00308    0.4325   -1411.5589  0.8247 
   00309    0.3950   -1418.1657  0.8373 
   00310    0.4375   -1419.6016  0.8280 
   00311    0.3750   -1410.4520  0.8366 
   00312    0.3875   -1406.9617  0.8373 
   00313    0.4325   -1408.4997  0.8389 
   00314    0.4675   -1393.8452  0.8303 
   00315    0.3875   -1413.8785  0.8342 
   00316    0.4350   -1409.7258  0.8332 
   00317    0.4200   -1418.8883  0.8390 
   00318    0.3975   -1424.3731  0.8545 
   00319    0.4700   -1425.1009  0.8638 
   00320    0.4250   -1426.5813  0.8556 
   00321    0.4150   -1429.6721  0.8564 
   00322    0.4475   -1431.7373  0.8541 
   00323    0.4025   -1440.8977  0.8458 
   00324    0.4100   -1422.8838  0.8441 
   00325    0.4075   -1420.8325  0.8463 
   00326    0.3900   -1419.9613  0.8440 
   00327    0.4050   -1418.3087  0.8493 
   00328    0.4400   -1428.1533  0.8477 
   00329    0.4125   -1421.5956  0.8474 
   00330    0.4125   -1435.5886  0.8515 
   00331    0.3900   -1432.9104  0.8535 
   00332    0.3600   -1435.7624  0.8505 
   00333    0.4050   -1442.8712  0.8558 
   00334    0.4200   -1431.3599  0.8602 
   00335    0.4175   -1426.7593  0.8462 
   00336    0.4150   -1418.8898  0.8471 
   00337    0.4150   -1417.5166  0.8576 
   00338    0.3925   -1423.1737  0.8611 
   00339    0.4050   -1419.8310  0.8545 
   00340    0.4100   -1410.3060  0.8459 
   00341    0.4200   -1402.0612  0.8406 
   00342    0.3800   -1407.9383  0.8400 
   00343    0.4000   -1412.4023  0.8445 
   00344    0.3900   -1412.2808  0.8419 
   00345    0.4150   -1415.3488  0.8487 
   00346    0.4150   -1412.2122  0.8490 
   00347    0.4300   -1411.1506  0.8561 
   00348    0.4050   -1418.2069  0.8520 
   00349    0.4325   -1412.4415  0.8491 
   00350    0.4125   -1422.2163  0.8532 
   00351    0.4375   -1416.2527  0.8527 
   00352    0.4150   -1421.7635  0.8517 
   00353    0.4175   -1416.4762  0.8560 
   00354    0.4550   -1422.4323  0.8520 
   00355    0.4300   -1423.9072  0.8551 
   00356    0.4150   -1423.1946  0.8591 
   00357    0.4025   -1422.8306  0.8580 
   00358    0.4325   -1421.6768  0.8628 
   00359    0.4425   -1422.1685  0.8651 
   00360    0.4075   -1416.8751  0.8660 
   00361    0.4650   -1436.8569  0.8789 
   00362    0.4150   -1430.3569  0.8790 
   00363    0.4700   -1429.3649  0.8824 
   00364    0.4100   -1435.9706  0.8763 
   00365    0.4250   -1436.6163  0.8761 
   00366    0.4425   -1433.3305  0.8784 
   00367    0.4300   -1438.3259  0.8787 
   00368    0.4150   -1436.1352  0.8716 
   00369    0.4275   -1428.4031  0.8680 
   00370    0.4400   -1422.7481  0.8711 
   00371    0.3875   -1414.8999  0.8654 
   00372    0.3850   -1415.8859  0.8654 
   00373    0.4325   -1427.9799  0.8683 
   00374    0.4100   -1432.1686  0.8710 
   00375    0.3425   -1423.5440  0.8662 
   00376    0.4475   -1422.4434  0.8657 
   00377    0.3775   -1423.6751  0.8678 
   00378    0.4150   -1423.6859  0.8601 
   00379    0.4450   -1433.7121  0.8556 
   00380    0.4300   -1422.5738  0.8615 
   00381    0.3725   -1420.9741  0.8627 
   00382    0.4625   -1429.2838  0.8626 
   00383    0.4325   -1423.5016  0.8677 
   00384    0.4075   -1414.6009  0.8614 
   00385    0.4700   -1419.3013  0.8576 
   00386    0.3875   -1411.7773  0.8572 
   00387    0.4425   -1410.7698  0.8591 
   00388    0.4475   -1420.9433  0.8671 
   00389    0.4275   -1420.8093  0.8724 
   00390    0.4275   -1428.7689  0.8757 
   00391    0.4400   -1439.7965  0.8716 
   00392    0.4225   -1430.0287  0.8610 
   00393    0.4525   -1426.2502  0.8613 
   00394    0.3950   -1416.7475  0.8557 
   00395    0.4425   -1426.9338  0.8632 
   00396    0.4275   -1425.5322  0.8623 
   00397    0.4325   -1435.8393  0.8651 
   00398    0.4125   -1430.5544  0.8687 
   00399    0.4150   -1415.8375  0.8618 
   00400    0.4175   -1424.7812  0.8600 
   00401    0.4375   -1412.2421  0.8596 
   00402    0.3800   -1419.8874  0.8564 
   00403    0.4525   -1429.7657  0.8716 
   00404    0.4475   -1429.1966  0.8681 
   00405    0.4625   -1440.2410  0.8744 
   00406    0.3850   -1423.0171  0.8611 
   00407    0.4400   -1426.9026  0.8615 
   00408    0.4275   -1415.8878  0.8590 
   00409    0.4250   -1423.2387  0.8612 
   00410    0.4150   -1434.0780  0.8674 
   00411    0.4225   -1434.6759  0.8685 
   00412    0.4500   -1436.2322  0.8798 
   00413    0.4350   -1445.6175  0.8860 
   00414    0.4000   -1439.9885  0.8880 
   00415    0.4025   -1449.6313  0.8976 
   00416    0.4450   -1420.0172  0.8900 
   00417    0.4375   -1423.9192  0.8859 
   00418    0.3900   -1436.3782  0.8880 
   00419    0.4500   -1427.3021  0.8904 
   00420    0.3900   -1423.7784  0.8924 
   00421    0.3850   -1433.3285  0.8963 
   00422    0.4550   -1443.5639  0.8964 
   00423    0.3875   -1422.4340  0.8859 
   00424    0.4225   -1414.5251  0.8874 
   00425    0.4525   -1436.0937  0.8984 
   00426    0.3900   -1425.6542  0.8935 
   00427    0.4450   -1435.8810  0.8940 
   00428    0.4350   -1435.0483  0.8925 
   00429    0.3725   -1431.2320  0.8827 
   00430    0.3975   -1433.7699  0.8867 
   00431    0.4300   -1441.0455  0.8860 
   00432    0.4075   -1444.3126  0.8825 
   00433    0.3700   -1439.2648  0.8907 
   00434    0.4175   -1430.7661  0.8897 
   00435    0.4150   -1431.1391  0.8894 
   00436    0.4250   -1434.1842  0.8923 
   00437    0.4225   -1429.6049  0.8996 
   00438    0.4250   -1439.3879  0.8982 
   00439    0.4375   -1427.2367  0.8946 
   00440    0.4025   -1431.0322  0.8936 
   00441    0.4225   -1429.5686  0.8902 
   00442    0.4175   -1429.8223  0.8897 
   00443    0.4050   -1422.3771  0.8894 
   00444    0.4125   -1419.5384  0.8875 
   00445    0.4550   -1416.7053  0.8914 
   00446    0.4050   -1424.1239  0.8938 
   00447    0.4075   -1435.3850  0.8983 
   00448    0.4550   -1425.7616  0.9006 
   00449    0.4300   -1429.6888  0.9050 
   00450    0.4350   -1443.4159  0.9060 
   00451    0.3950   -1461.0869  0.9106 
   00452    0.4050   -1450.3520  0.9077 
   00453    0.3925   -1459.3177  0.9072 
   00454    0.4100   -1441.6473  0.9048 
   00455    0.3850   -1434.0102  0.9000 
   00456    0.4125   -1422.8730  0.9003 
   00457    0.4250   -1437.9234  0.9030 
   00458    0.4550   -1442.6777  0.9131 
   00459    0.4050   -1441.8307  0.9127 
   00460    0.3925   -1456.7091  0.9132 
   00461    0.3825   -1444.2266  0.9080 
   00462    0.4250   -1440.3519  0.9099 
   00463    0.4500   -1440.1135  0.9105 
   00464    0.4150   -1449.1086  0.9160 
   00465    0.4400   -1454.7090  0.9146 
   00466    0.4400   -1449.5002  0.9144 
   00467    0.4450   -1435.4475  0.9111 
   00468    0.4175   -1438.9662  0.9082 
   00469    0.4450   -1441.9599  0.9117 
   00470    0.4400   -1432.5747  0.9027 
   00471    0.4425   -1431.7073  0.8998 
   00472    0.4375   -1423.3676  0.8874 
   00473    0.4275   -1423.8517  0.8867 
   00474    0.4050   -1415.2985  0.8751 
   00475    0.4450   -1414.3682  0.8806 
   00476    0.4175   -1409.6958  0.8797 
   00477    0.4775   -1415.5088  0.8883 
   00478    0.4300   -1419.4393  0.8830 
   00479    0.4150   -1419.6575  0.8807 
   00480    0.4175   -1424.9493  0.8851 
   00481    0.4500   -1422.3740  0.8839 
   00482    0.4175   -1416.6192  0.8754 
   00483    0.4200   -1426.5460  0.8830 
   00484    0.4500   -1429.4109  0.8828 
   00485    0.4475   -1427.3760  0.8829 
   00486    0.4225   -1428.6153  0.8818 
   00487    0.4150   -1413.8546  0.8818 
   00488    0.4350   -1402.5967  0.8770 
   00489    0.4200   -1406.4087  0.8789 
   00490    0.4200   -1418.8591  0.8844 
   00491    0.4200   -1416.9973  0.8812 
   00492    0.4575   -1435.1631  0.8884 
   00493    0.4000   -1432.5304  0.8917 
   00494    0.4075   -1429.6188  0.8887 
   00495    0.4075   -1433.6035  0.8957 
   00496    0.4400   -1435.8836  0.8956 
   00497    0.4725   -1435.2709  0.8891 
   00498    0.3950   -1442.1151  0.8902 
   00499    0.4125   -1438.8994  0.8914 
   00500    0.4350   -1435.1353  0.8889 
   00501    0.4325   -1436.2554  0.8942 
   00502    0.4200   -1436.4421  0.9003 
   00503    0.4125   -1437.6727  0.9028 
   00504    0.4325   -1437.9252  0.9050 
   00505    0.4075   -1453.8287  0.9121 
   00506    0.4350   -1455.7359  0.9178 
   00507    0.4025   -1456.7072  0.9192 
   00508    0.3600   -1463.0093  0.9190 
   00509    0.3950   -1458.6273  0.9214 
   00510    0.4050   -1455.2757  0.9194 
   00511    0.3825   -1450.8956  0.9142 
   00512    0.3825   -1446.9568  0.9137 
   00513    0.4225   -1435.4931  0.9074 
   00514    0.4275   -1433.2427  0.9040 
   00515    0.4325   -1426.4311  0.9062 
   00516    0.4175   -1413.6848  0.8970 
   00517    0.4200   -1415.2441  0.9009 
   00518    0.4100   -1412.7649  0.8989 
   00519    0.4500   -1419.5367  0.8960 
   00520    0.4450   -1426.4456  0.9033 
   00521    0.3825   -1424.7059  0.9002 
   00522    0.4425   -1430.7653  0.9055 
   00523    0.4150   -1431.2491  0.9072 
   00524    0.4075   -1417.8510  0.9091 
   00525    0.4125   -1424.9369  0.9149 
   00526    0.4350   -1430.0260  0.9165 
   00527    0.3950   -1435.0004  0.9245 
   00528    0.4125   -1443.4387  0.9264 
   00529    0.4075   -1434.2839  0.9242 
   00530    0.4550   -1430.2603  0.9228 
   00531    0.4775   -1453.2541  0.9276 
   00532    0.4225   -1457.7842  0.9284 
   00533    0.4400   -1440.2643  0.9257 
   00534    0.4275   -1427.3105  0.9201 
   00535    0.4075   -1435.4876  0.9222 
   00536    0.4200   -1418.1776  0.9093 
   00537    0.4025   -1414.9832  0.9020 
   00538    0.3775   -1429.9058  0.9126 
   00539    0.4675   -1425.7182  0.9135 
   00540    0.4050   -1424.8816  0.9130 
   00541    0.4300   -1429.9275  0.9114 
   00542    0.4200   -1430.5248  0.9121 
   00543    0.3875   -1420.6484  0.9065 
   00544    0.4575   -1418.8207  0.9048 
   00545    0.3950   -1416.2298  0.9018 
   00546    0.4200   -1385.7096  0.8908 
   00547    0.4350   -1405.3083  0.8997 
   00548    0.4550   -1421.8590  0.9017 
   00549    0.3950   -1425.5793  0.8986 
   00550    0.3925   -1427.1798  0.8939 
   00551    0.4625   -1434.5415  0.9022 
   00552    0.4150   -1444.6686  0.9067 
   00553    0.4125   -1442.6237  0.9050 
   00554    0.4550   -1424.6246  0.8984 
   00555    0.4000   -1427.4578  0.8994 
   00556    0.4075   -1435.4014  0.8949 
   00557    0.3925   -1420.5788  0.8947 
   00558    0.4600   -1410.3558  0.8938 
   00559    0.4425   -1413.6444  0.8968 
   00560    0.4500   -1427.7989  0.9019 
   00561    0.4150   -1436.2734  0.9121 
   00562    0.4650   -1451.5336  0.9131 
   00563    0.4100   -1444.6199  0.9126 
   00564    0.4250   -1437.9880  0.9070 
   00565    0.4500   -1437.2169  0.9011 
   00566    0.4375   -1430.0631  0.8918 
   00567    0.4050   -1422.7543  0.8859 
   00568    0.4025   -1421.4836  0.8812 
   00569    0.4425   -1420.5293  0.8788 
   00570    0.4175   -1410.1838  0.8803 
   00571    0.4375   -1407.9794  0.8742 
   00572    0.4250   -1433.1269  0.8851 
   00573    0.4250   -1424.9399  0.8856 
   00574    0.3625   -1421.9701  0.8898 
   00575    0.3925   -1414.8122  0.8930 
   00576    0.4550   -1412.4958  0.8985 
   00577    0.4825   -1427.3055  0.9049 
   00578    0.4150   -1430.5776  0.8974 
   00579    0.4250   -1427.0734  0.9042 
   00580    0.4225   -1435.2065  0.9089 
   00581    0.4575   -1438.3607  0.9060 
   00582    0.4025   -1437.6219  0.9083 
   00583    0.4375   -1431.4205  0.9023 
   00584    0.4125   -1428.5301  0.8996 
   00585    0.4275   -1429.8376  0.9010 
   00586    0.4025   -1417.3863  0.8967 
   00587    0.4025   -1422.4191  0.8941 
   00588    0.4375   -1419.8444  0.8872 
   00589    0.4575   -1410.4957  0.8889 
   00590    0.4425   -1405.0601  0.8899 
   00591    0.4575   -1425.7673  0.8950 
   00592    0.4250   -1418.9810  0.8915 
   00593    0.4350   -1420.7191  0.8959 
   00594    0.4300   -1406.4132  0.8876 
   00595    0.4450   -1415.7980  0.8909 
   00596    0.4075   -1423.9260  0.8934 
   00597    0.3825   -1431.2590  0.8972 
   00598    0.4475   -1432.8954  0.8975 
   00599    0.4500   -1423.0052  0.8997 
   00600    0.4225   -1436.5427  0.9093 
   00601    0.4025   -1448.3113  0.9152 
   00602    0.4025   -1427.9127  0.9088 
   00603    0.4325   -1435.9652  0.9142 
   00604    0.4575   -1423.3277  0.9135 
   00605    0.4800   -1420.4634  0.9107 
   00606    0.4300   -1402.8431  0.8997 
   00607    0.4325   -1404.5183  0.9009 
   00608    0.4200   -1412.8545  0.9051 
   00609    0.3975   -1418.9463  0.9042 
   00610    0.4175   -1415.3261  0.9043 
   00611    0.4575   -1404.3501  0.8978 
   00612    0.4250   -1413.0894  0.8883 
   00613    0.4625   -1413.8922  0.8928 
   00614    0.4400   -1407.5348  0.8853 
   00615    0.4125   -1407.3747  0.8812 
   00616    0.4450   -1415.9760  0.8879 
   00617    0.4525   -1433.3259  0.8846 
   00618    0.4350   -1427.7425  0.8787 
   00619    0.4325   -1431.1524  0.8887 
   00620    0.4600   -1431.7473  0.8976 
   00621    0.3550   -1433.0113  0.8930 
   00622    0.3875   -1429.2088  0.8913 
   00623    0.4250   -1438.6214  0.8928 
   00624    0.4150   -1437.9888  0.8997 
   00625    0.4100   -1432.3391  0.8977 
   00626    0.3975   -1427.4987  0.8958 
   00627    0.4400   -1426.4501  0.8946 
   00628    0.4450   -1420.9101  0.8940 
   00629    0.4375   -1407.4839  0.8877 
   00630    0.4175   -1417.9755  0.8977 
   00631    0.4550   -1438.1187  0.9002 
   00632    0.3900   -1443.7115  0.9072 
   00633    0.4625   -1437.1947  0.9068 
   00634    0.4175   -1447.0215  0.9108 
   00635    0.4125   -1453.1625  0.9127 
   00636    0.4400   -1439.1174  0.9087 
   00637    0.4350   -1422.4229  0.9023 
   00638    0.4150   -1407.3413  0.8992 
   00639    0.4000   -1414.8543  0.8978 
   00640    0.4475   -1410.8328  0.8994 
   00641    0.4625   -1435.0020  0.9048 
   00642    0.4600   -1437.0314  0.9064 
   00643    0.4100   -1430.9830  0.9022 
   00644    0.4200   -1438.7858  0.9006 
   00645    0.3950   -1443.4108  0.9002 
   00646    0.3925   -1433.0880  0.9009 
   00647    0.3875   -1422.8962  0.9063 
   00648    0.4625   -1420.5578  0.9084 
   00649    0.4100   -1419.0059  0.9127 
   00650    0.4100   -1428.6769  0.9143 
   00651    0.4250   -1426.4991  0.9140 
   00652    0.4300   -1429.2512  0.9149 
   00653    0.4650   -1439.4736  0.9207 
   00654    0.4200   -1434.4202  0.9166 
   00655    0.4000   -1428.7077  0.9137 
   00656    0.4425   -1421.0778  0.9100 
   00657    0.4550   -1421.1762  0.9104 
   00658    0.4200   -1407.0876  0.9005 
   00659    0.4175   -1404.3318  0.9007 
   00660    0.4525   -1410.3414  0.9000 
   00661    0.4050   -1407.9346  0.8965 
   00662    0.4550   -1397.9235  0.8894 
   00663    0.4125   -1411.3409  0.8913 
   00664    0.4275   -1410.6899  0.8880 
   00665    0.4525   -1407.4642  0.8863 
   00666    0.4100   -1405.9711  0.8825 
   00667    0.3775   -1412.6665  0.8832 
   00668    0.3950   -1406.2058  0.8780 
   00669    0.4425   -1408.6445  0.8753 
   00670    0.4350   -1418.2221  0.8687 
   00671    0.4250   -1408.0531  0.8667 
   00672    0.4325   -1428.2848  0.8789 
   00673    0.4475   -1428.3461  0.8856 
   00674    0.4325   -1435.1565  0.8951 
   00675    0.4350   -1430.3853  0.8908 
   00676    0.4475   -1435.0447  0.8951 
   00677    0.4075   -1435.1544  0.8979 
   00678    0.4075   -1438.0182  0.9001 
   00679    0.4125   -1429.9626  0.8979 
   00680    0.4500   -1427.2029  0.8919 
   00681    0.4150   -1411.0937  0.8838 
   00682    0.3975   -1412.3335  0.8756 
   00683    0.4500   -1421.5064  0.8784 
   00684    0.3750   -1428.6353  0.8841 
   00685    0.4350   -1430.7901  0.8801 
   00686    0.3650   -1418.1405  0.8832 
   00687    0.4325   -1417.4500  0.8724 
   00688    0.4350   -1409.4433  0.8730 
   00689    0.3825   -1398.3445  0.8706 
   00690    0.4650   -1409.0163  0.8679 
   00691    0.4600   -1396.2301  0.8613 
   00692    0.4350   -1389.5354  0.8575 
   00693    0.4575   -1390.8319  0.8502 
   00694    0.4275   -1393.9430  0.8488 
   00695    0.4675   -1385.6829  0.8396 
   00696    0.4525   -1404.5897  0.8357 
   00697    0.4500   -1403.9259  0.8443 
   00698    0.3925   -1408.1055  0.8483 
   00699    0.4050   -1401.8987  0.8415 
   00700    0.4425   -1412.5769  0.8566 
   00701    0.4100   -1411.7321  0.8554 
   00702    0.4325   -1406.8596  0.8520 
   00703    0.4150   -1423.7497  0.8675 
   00704    0.3900   -1417.7191  0.8650 
   00705    0.4200   -1422.3504  0.8579 
   00706    0.3900   -1411.2183  0.8529 
   00707    0.4000   -1409.1458  0.8636 
   00708    0.4450   -1408.8927  0.8610 
   00709    0.4225   -1412.8092  0.8650 
   00710    0.4300   -1431.5474  0.8760 
   00711    0.4300   -1444.2243  0.8819 
   00712    0.4300   -1449.3876  0.8824 
   00713    0.4075   -1449.1006  0.8787 
   00714    0.4025   -1445.5541  0.8804 
   00715    0.4400   -1437.4377  0.8767 
   00716    0.4000   -1443.2698  0.8781 
   00717    0.3875   -1431.3405  0.8770 
   00718    0.4150   -1425.2063  0.8726 
   00719    0.4450   -1415.5155  0.8734 
   00720    0.4175   -1422.1729  0.8805 
   00721    0.4175   -1425.8878  0.8755 
   00722    0.4250   -1440.7418  0.8836 
   00723    0.4625   -1445.4901  0.8921 
   00724    0.4500   -1437.2147  0.8806 
   00725    0.4650   -1435.0435  0.8830 
   00726    0.4675   -1431.7608  0.8801 
   00727    0.4275   -1439.0584  0.8827 
   00728    0.4150   -1440.1409  0.8937 
   00729    0.3900   -1420.9662  0.8895 
   00730    0.4250   -1444.4906  0.8970 
   00731    0.4150   -1426.4172  0.8871 
   00732    0.4400   -1422.7507  0.8848 
   00733    0.3825   -1428.0358  0.8899 
   00734    0.3950   -1421.2346  0.8780 
   00735    0.4075   -1420.0602  0.8817 
   00736    0.4275   -1424.7020  0.8831 
   00737    0.4000   -1439.1027  0.8796 
   00738    0.4550   -1423.4239  0.8693 
   00739    0.4450   -1428.6106  0.8764 
   00740    0.4600   -1438.5001  0.8802 
   00741    0.4475   -1439.6104  0.8823 
   00742    0.4100   -1435.1270  0.8882 
   00743    0.4275   -1446.2121  0.8918 
   00744    0.3900   -1434.7630  0.8905 
   00745    0.3775   -1447.1497  0.8924 
   00746    0.4175   -1437.3925  0.8931 
   00747    0.4125   -1434.2770  0.8907 
   00748    0.4625   -1397.6317  0.8828 
   00749    0.4150   -1402.1656  0.8852 
   00750    0.4250   -1407.5816  0.8908 
   00751    0.4550   -1420.5240  0.8941 
   00752    0.3800   -1414.0595  0.8963 
   00753    0.4075   -1418.5608  0.9037 
   00754    0.4025   -1430.8629  0.9050 
   00755    0.4000   -1434.1115  0.9066 
   00756    0.3600   -1438.7205  0.9093 
   00757    0.4275   -1427.1019  0.9114 
   00758    0.4125   -1451.7145  0.9190 
   00759    0.3975   -1446.5476  0.9196 
   00760    0.4000   -1454.4223  0.9230 
   00761    0.3775   -1440.2384  0.9216 
   00762    0.3925   -1439.2269  0.9242 
   00763    0.4200   -1442.2096  0.9259 
   00764    0.4225   -1441.8693  0.9271 
   00765    0.4325   -1452.6964  0.9259 
   00766    0.3800   -1446.3174  0.9258 
   00767    0.4150   -1440.3646  0.9248 
   00768    0.4525   -1439.6953  0.9214 
   00769    0.3975   -1430.7346  0.9206 
   00770    0.4250   -1432.0297  0.9188 
   00771    0.3875   -1428.6915  0.9185 
   00772    0.4525   -1444.6459  0.9222 
   00773    0.3900   -1445.4325  0.9228 
   00774    0.4300   -1438.0500  0.9229 
   00775    0.4100   -1442.8921  0.9248 
   00776    0.4350   -1443.8695  0.9235 
   00777    0.4200   -1435.7923  0.9188 
   00778    0.4125   -1445.1069  0.9160 
   00779    0.4225   -1448.3193  0.9158 
   00780    0.3900   -1450.8355  0.9097 
   00781    0.4300   -1437.5679  0.9055 
   00782    0.4350   -1435.3720  0.9033 
   00783    0.3675   -1425.1089  0.8956 
   00784    0.4050   -1428.8787  0.8988 
   00785    0.4525   -1442.5797  0.9051 
   00786    0.3875   -1442.7996  0.9075 
   00787    0.4100   -1440.2556  0.9034 
   00788    0.4100   -1433.2469  0.9100 
   00789    0.4075   -1435.8233  0.9113 
   00790    0.3875   -1422.0228  0.9061 
   00791    0.4525   -1418.3239  0.9024 
   00792    0.4500   -1425.9339  0.9080 
   00793    0.4200   -1424.0669  0.9088 
   00794    0.4275   -1429.9359  0.9127 
   00795    0.4350   -1432.5156  0.9077 
   00796    0.4400   -1419.0393  0.9033 
   00797    0.4275   -1423.4493  0.9061 
   00798    0.4125   -1427.1646  0.9054 
   00799    0.4400   -1422.2371  0.9066 
   00800    0.4350   -1423.9765  0.9083 
   00801    0.4050   -1421.1240  0.9104 
   00802    0.4250   -1430.3020  0.9121 
   00803    0.3525   -1434.0177  0.9175 
   00804    0.4125   -1427.7469  0.9112 
   00805    0.3850   -1435.5974  0.9126 
   00806    0.4100   -1425.3886  0.9100 
   00807    0.4425   -1419.7449  0.9079 
   00808    0.3950   -1419.9473  0.9016 
   00809    0.3725   -1433.6666  0.9036 
   00810    0.4275   -1424.6345  0.8998 
   00811    0.4350   -1416.0309  0.8971 
   00812    0.4325   -1420.3517  0.8994 
   00813    0.4275   -1414.4304  0.8926 
   00814    0.4325   -1402.6367  0.8890 
   00815    0.4550   -1401.5374  0.8930 
   00816    0.4675   -1404.4005  0.8813 
   00817    0.4075   -1420.2583  0.8890 
   00818    0.4000   -1413.7897  0.8902 
   00819    0.4200   -1422.2940  0.8938 
   00820    0.4275   -1428.8666  0.8974 
   00821    0.4150   -1427.8466  0.8985 
   00822    0.4450   -1444.1318  0.9039 
   00823    0.3875   -1432.5906  0.9049 
   00824    0.4200   -1423.3561  0.9000 
   00825    0.4350   -1414.8802  0.8979 
   00826    0.4250   -1441.4457  0.9057 
   00827    0.4500   -1429.3597  0.9067 
   00828    0.4175   -1422.4226  0.9026 
   00829    0.3975   -1418.9786  0.8981 
   00830    0.4300   -1422.3311  0.9002 
   00831    0.4425   -1439.4752  0.9085 
   00832    0.4125   -1433.7803  0.9071 
   00833    0.3850   -1422.6192  0.9043 
   00834    0.3875   -1428.9232  0.9054 
   00835    0.4100   -1441.7484  0.9073 
   00836    0.4400   -1438.5006  0.9089 
   00837    0.4200   -1427.7738  0.9031 
   00838    0.4825   -1408.8100  0.8969 
   00839    0.4300   -1411.2257  0.8955 
   00840    0.4000   -1412.1300  0.9005 
   00841    0.4150   -1415.2117  0.9024 
   00842    0.4175   -1425.0697  0.9068 
   00843    0.4425   -1438.1232  0.9115 
   00844    0.4450   -1432.7985  0.9095 
   00845    0.4150   -1422.4010  0.9013 
   00846    0.4200   -1422.8161  0.9015 
   00847    0.4050   -1417.0162  0.8953 
   00848    0.4150   -1414.4267  0.8955 
   00849    0.4025   -1406.9440  0.8970 
   00850    0.3900   -1402.2502  0.8909 
   00851    0.4550   -1402.6708  0.8913 
   00852    0.4325   -1393.4493  0.8895 
   00853    0.4200   -1407.0492  0.8865 
   00854    0.4625   -1402.9738  0.8850 
   00855    0.4150   -1410.4680  0.8956 
   00856    0.4100   -1423.8669  0.8969 
   00857    0.4125   -1422.1985  0.8911 
   00858    0.4325   -1425.6125  0.8964 
   00859    0.4050   -1423.7855  0.8941 
   00860    0.4175   -1405.8597  0.8898 
   00861    0.4325   -1405.2727  0.8892 
   00862    0.4600   -1418.1167  0.8851 
   00863    0.4250   -1423.7061  0.8831 
   00864    0.4150   -1427.1328  0.8872 
   00865    0.4000   -1431.0726  0.8877 
   00866    0.4075   -1429.7062  0.8857 
   00867    0.3875   -1431.4704  0.8878 
   00868    0.4000   -1444.2284  0.8957 
   00869    0.3850   -1432.9742  0.8933 
   00870    0.3700   -1441.1988  0.8987 
   00871    0.4025   -1417.6916  0.8936 
   00872    0.4325   -1414.5472  0.8943 
   00873    0.4225   -1416.7485  0.8942 
   00874    0.4375   -1430.1559  0.8988 
   00875    0.3950   -1434.1056  0.9003 
   00876    0.3950   -1444.4336  0.9039 
   00877    0.4325   -1440.9367  0.9020 
   00878    0.4200   -1434.8248  0.8995 
   00879    0.4100   -1435.2974  0.8984 
   00880    0.4125   -1416.9980  0.8941 
   00881    0.4125   -1433.5945  0.9016 
   00882    0.4125   -1420.6586  0.8920 
   00883    0.3950   -1412.0473  0.8853 
   00884    0.3950   -1426.0561  0.8942 
   00885    0.3825   -1429.2560  0.8948 
   00886    0.4200   -1435.3053  0.8943 
   00887    0.4225   -1436.0728  0.8985 
   00888    0.3875   -1427.5028  0.8956 
   00889    0.3825   -1435.4148  0.8934 
   00890    0.4300   -1410.0812  0.8851 
   00891    0.4050   -1399.3691  0.8815 
   00892    0.4300   -1414.5678  0.8879 
   00893    0.3850   -1419.0504  0.8886 
   00894    0.4225   -1412.6496  0.8832 
   00895    0.4425   -1415.1883  0.8854 
   00896    0.4675   -1412.4727  0.8858 
   00897    0.4125   -1404.2636  0.8830 
   00898    0.4350   -1405.7399  0.8864 
   00899    0.4175   -1412.8084  0.8876 
   00900    0.4600   -1408.1469  0.8832 
   00901    0.4500   -1413.5162  0.8852 
   00902    0.4075   -1403.5443  0.8837 
   00903    0.4225   -1395.2476  0.8758 
   00904    0.4725   -1400.4690  0.8698 
   00905    0.4375   -1413.1868  0.8790 
   00906    0.4150   -1398.5435  0.8745 
   00907    0.4325   -1397.8667  0.8835 
   00908    0.4375   -1404.4293  0.8905 
   00909    0.4150   -1416.4787  0.8934 
   00910    0.4525   -1409.3039  0.8964 
   00911    0.4375   -1411.2963  0.8941 
   00912    0.4450   -1415.5342  0.8880 
   00913    0.4300   -1411.2547  0.8851 
   00914    0.4600   -1416.1751  0.8883 
   00915    0.4400   -1402.4325  0.8785 
   00916    0.4175   -1409.9084  0.8825 
   00917    0.4500   -1407.2567  0.8838 
   00918    0.4375   -1398.7641  0.8756 
   00919    0.4475   -1401.7826  0.8746 
   00920    0.4300   -1405.5127  0.8789 
   00921    0.4525   -1417.9530  0.8779 
   00922    0.3875   -1422.4569  0.8750 
   00923    0.4475   -1421.0153  0.8806 
   00924    0.4075   -1417.8623  0.8836 
   00925    0.4275   -1422.9810  0.8806 
   00926    0.4800   -1427.2936  0.8824 
   00927    0.4300   -1428.9479  0.8902 
   00928    0.3800   -1427.3211  0.8889 
   00929    0.3925   -1424.9568  0.8910 
   00930    0.4450   -1426.2805  0.8918 
   00931    0.3725   -1431.9659  0.9011 
   00932    0.4125   -1431.4109  0.8968 
   00933    0.4025   -1432.4683  0.9004 
   00934    0.4025   -1419.3472  0.8952 
   00935    0.4150   -1419.1417  0.8952 
   00936    0.3900   -1424.7334  0.8971 
   00937    0.4325   -1420.6486  0.8927 
   00938    0.4550   -1414.1940  0.8933 
   00939    0.4125   -1425.8031  0.8959 
   00940    0.4475   -1424.9735  0.8999 
   00941    0.4150   -1419.2860  0.8896 
   00942    0.4650   -1413.2320  0.8947 
   00943    0.4400   -1420.6657  0.8962 
   00944    0.3900   -1432.2338  0.9036 
   00945    0.4175   -1420.2130  0.8994 
   00946    0.3850   -1434.8401  0.9041 
   00947    0.4250   -1430.8891  0.9043 
   00948    0.4125   -1427.4227  0.8996 
   00949    0.4325   -1419.8689  0.8952 
   00950    0.4550   -1417.2901  0.8940 
   00951    0.4425   -1424.3305  0.8945 
   00952    0.4300   -1425.1906  0.9046 
   00953    0.4075   -1417.2292  0.8992 
   00954    0.4275   -1408.7114  0.8936 
   00955    0.3950   -1411.9567  0.8991 
   00956    0.4200   -1422.9582  0.9009 
   00957    0.4525   -1418.4008  0.8942 
   00958    0.3975   -1422.9408  0.8957 
   00959    0.3850   -1429.0692  0.8935 
   00960    0.4425   -1428.3422  0.8935 
   00961    0.4225   -1430.9987  0.8907 
   00962    0.4475   -1419.0790  0.8872 
   00963    0.4125   -1415.1989  0.8840 
   00964    0.4225   -1421.0904  0.8875 
   00965    0.3750   -1422.9850  0.8830 
   00966    0.4250   -1430.7077  0.8865 
   00967    0.4200   -1444.2757  0.8913 
   00968    0.4575   -1442.2661  0.8920 
   00969    0.4200   -1427.1723  0.8888 
   00970    0.4450   -1415.1743  0.8805 
   00971    0.4400   -1408.6810  0.8670 
   00972    0.4250   -1418.7614  0.8655 
   00973    0.4425   -1409.8666  0.8641 
   00974    0.4700   -1409.4361  0.8647 
   00975    0.4300   -1409.8981  0.8618 
   00976    0.4400   -1396.5975  0.8603 
   00977    0.4375   -1409.1149  0.8631 
   00978    0.4325   -1414.7725  0.8713 
   00979    0.3950   -1419.9442  0.8755 
   00980    0.4350   -1414.0198  0.8673 
   00981    0.4400   -1419.5451  0.8717 
   00982    0.4250   -1418.6424  0.8637 
   00983    0.4550   -1417.2918  0.8642 
   00984    0.4225   -1438.0857  0.8787 
   00985    0.4525   -1441.0975  0.8864 
   00986    0.3875   -1443.5606  0.8839 
   00987    0.4150   -1446.7789  0.8886 
   00988    0.4325   -1444.2629  0.8907 
   00989    0.4325   -1419.4350  0.8831 
   00990    0.3925   -1408.1798  0.8707 
   00991    0.4000   -1420.9092  0.8857 
   00992    0.4125   -1424.9283  0.8861 
   00993    0.4000   -1429.6961  0.8857 
   00994    0.4025   -1427.1986  0.8746 
   00995    0.4175   -1427.8621  0.8716 
   00996    0.4750   -1437.6847  0.8777 
   00997    0.4250   -1446.8552  0.8821 
   00998    0.3950   -1443.8048  0.8819 
   00999    0.4675   -1436.7902  0.8766 
   01000    0.3950   -1441.6454  0.8784 
