#=====================================================
# File created:        Mon-06-Nov-2023-at-10-57-31AM
# Size of lattice:     40x40
# Number of MC steps:  1000
# Reduced temperature: 1.600
# Run time (s):        37.271109
#=====================================================
# MC step:  Ratio:     Energy:   Order:
#=====================================================
   00000    0.5000   -1576.3494  0.2614 
   00001    0.7000   -1811.8303  0.2658 
   00002    0.6850   -1981.1021  0.2658 
   00003    0.6625   -2171.9221  0.2706 
   00004    0.6425   -2315.6075  0.2846 
   00005    0.6375   -2410.4035  0.2801 
   00006    0.6475   -2440.3972  0.2764 
   00007    0.5925   -2516.4462  0.2704 
   00008    0.6075   -2528.1916  0.2626 
   00009    0.6225   -2574.2944  0.2676 
   00010    0.6550   -2640.4270  0.2625 
   00011    0.5925   -2718.2088  0.2573 
   00012    0.6000   -2719.2819  0.2583 
   00013    0.6100   -2700.6130  0.2536 
   00014    0.6200   -2726.1270  0.2586 
   00015    0.6250   -2747.1414  0.2581 
   00016    0.6175   -2723.0043  0.2661 
   00017    0.6125   -2756.1708  0.2589 
   00018    0.6225   -2830.6423  0.2593 
   00019    0.6075   -2835.5972  0.2606 
   00020    0.5450   -2794.1751  0.2677 
   00021    0.6150   -2758.3127  0.2750 
   00022    0.5800   -2779.9865  0.2778 
   00023    0.5925   -2768.7272  0.2676 
   00024    0.5950   -2761.1124  0.2654 
   00025    0.5800   -2730.8669  0.2661 
   00026    0.6150   -2714.4699  0.2729 
   00027    0.5750   -2749.9925  0.2716 
   00028    0.6175   -2751.8157  0.2728 
   00029    0.5650   -2777.7417  0.2716 
   00030    0.6325   -2791.4509  0.2689 
   00031    0.6100   -2802.6154  0.2627 
   00032    0.6150   -2837.1766  0.2615 
   00033    0.5775   -2831.4094  0.2543 
   00034    0.5925   -2840.4123  0.2621 
   00035    0.5900   -2849.8558  0.2659 
   00036    0.5750   -2810.3114  0.2699 
   00037    0.5625   -2830.9855  0.2687 
   00038    0.5625   -2839.6606  0.2719 
   00039    0.5925   -2833.5553  0.2672 
   00040    0.5850   -2862.5948  0.2756 
   00041    0.5800   -2800.0647  0.2650 
   00042    0.6200   -2784.2644  0.2658 
   00043    0.6200   -2718.5797  0.2608 
   00044    0.6050   -2731.3386  0.2618 
   00045    0.6200   -2735.8278  0.2642 
   00046    0.5800   -2757.5181  0.2573 
   00047    0.6250   -2761.8388  0.2597 
   00048    0.5925   -2742.7829  0.2581 
   00049    0.5850   -2788.9413  0.2623 
   00050    0.6000   -2844.7517  0.2523 
   00051    0.5725   -2861.6818  0.2512 
   00052    0.5975   -2868.1094  0.2553 
   00053    0.6025   -2822.0544  0.2541 
   00054    0.5975   -2847.1831  0.2549 
   00055    0.6075   -2818.7888  0.2560 
   00056    0.5925   -2799.4714  0.2579 
   00057    0.6000   -2720.4298  0.2628 
   00058    0.6425   -2749.0324  0.2627 
   00059    0.6150   -2782.7680  0.2590 
   00060    0.5975   -2797.3754  0.2618 
   00061    0.6200   -2778.5628  0.2675 
   00062    0.6175   -2762.7401  0.2664 
   00063    0.5625   -2763.6702  0.2616 
   00064    0.5475   -2740.7709  0.2638 
   00065    0.5900   -2723.4942  0.2555 
   00066    0.6025   -2725.3857  0.2684 
   00067    0.6125   -2736.7029  0.2610 
   00068    0.6200   -2742.4382  0.2717 
   00069    0.6050   -2726.7594  0.2796 
   00070    0.6250   -2680.0592  0.2768 
   00071    0.6225   -2716.8187  0.2713 
   00072    0.6250   -2776.0656  0.2680 
   00073    0.6175   -2806.5319  0.2717 
   00074    0.5625   -2815.2855  0.2728 
   00075    0.5550   -2894.3390  0.2673 
   00076    0.6325   -2844.6577  0.2754 
   00077    0.6350   -2797.7511  0.2726 
   00078    0.5775   -2810.4327  0.2763 
   00079    0.6075   -2843.3927  0.2677 
   00080    0.5800   -2832.7932  0.2677 
   00081    0.5975   -2886.5121  0.2778 
   00082    0.6025   -2895.1521  0.2687 
   00083    0.5700   -2851.5749  0.2739 
   00084    0.6025   -2851.9744  0.2843 
   00085    0.6050   -2797.7888  0.2744 
   00086    0.6025   -2822.9184  0.2800 
   00087    0.5975   -2845.3487  0.2762 
   00088    0.6175   -2825.4590  0.2785 
   00089    0.5875   -2793.5953  0.2714 
   00090    0.6375   -2724.2541  0.2654 
   00091    0.6075   -2761.9522  0.2716 
   00092    0.6125   -2784.9679  0.2668 
   00093    0.6150   -2873.1866  0.2625 
   00094    0.5625   -2869.5748  0.2622 
   00095    0.5650   -2843.8723  0.2644 
   00096    0.6075   -2810.7980  0.2640 
   00097    0.6300   -2801.5463  0.2623 
   00098    0.6300   -2782.5505  0.2753 
   00099    0.6225   -2773.5146  0.2755 
   00100    0.5875   -2823.6568  0.2671 
   00101    0.6075   -2785.9103  0.2725 
   00102    0.5950   -2773.1479  0.2679 
   00103    0.5850   -2747.1102  0.2631 
   00104    0.5900   -2811.5581  0.2607 
   00105    0.5850   -2796.9698  0.2739 
   00106    0.6025   -2838.6251  0.2684 
   00107    0.6300   -2872.9889  0.2670 
   00108    0.5775   -2857.9734  0.2651 
   00109    0.6050   -2931.9852  0.2645 
   00110    0.5975   -2955.9189  0.2612 
   00111    0.5650   -2892.1032  0.2612 
   00112    0.6175   -2821.3871  0.2540 
   00113    0.5775   -2798.1072  0.2567 
   00114    0.5925   -2802.1951  0.2625 
   00115    0.5700   -2770.4357  0.2637 
   00116    0.6150   -2795.2564  0.2631 
   00117    0.6125   -2819.0370  0.2618 
   00118    0.5425   -2826.4376  0.2623 
   00119    0.5825   -2793.0717  0.2646 
   00120    0.6050   -2785.7951  0.2672 
   00121    0.5350   -2762.5863  0.2786 
   00122    0.5575   -2786.3548  0.2765 
   00123    0.6350   -2796.9195  0.2759 
   00124    0.6175   -2777.1431  0.2746 
   00125    0.5825   -2762.8321  0.2764 
   00126    0.6000   -2760.2408  0.2808 
   00127    0.5775   -2796.7640  0.2773 
   00128    0.5850   -2817.7236  0.2790 
   00129    0.5975   -2795.7699  0.2781 
   00130    0.5650   -2792.2268  0.2691 
   00131    0.5975   -2804.4298  0.2728 
   00132    0.6150   -2769.0645  0.2688 
   00133    0.5775   -2804.5696  0.2684 
   00134    0.5825   -2779.2331  0.2711 
   00135    0.5975   -2810.1618  0.2759 
   00136    0.5900   -2782.5176  0.2732 
   00137    0.6050   -2757.5852  0.2721 
   00138    0.6025   -2797.5204  0.2805 
   00139    0.5850   -2864.8131  0.2794 
   00140    0.5850   -2837.8410  0.2707 
   00141    0.6125   -2832.9410  0.2760 
   00142    0.6000   -2841.4380  0.2754 
   00143    0.6000   -2846.7534  0.2802 
   00144    0.6025   -2889.8211  0.2731 
   00145    0.5875   -2872.7785  0.2741 
   00146    0.5775   -2845.7271  0.2591 
   00147    0.6150   -2800.6910  0.2770 
   00148    0.5775   -2812.8190  0.2741 
   00149    0.6150   -2765.3490  0.2704 
   00150    0.5975   -2809.9532  0.2764 
   00151    0.5925   -2823.7642  0.2756 
   00152    0.6050   -2844.1945  0.2795 
   00153    0.6000   -2872.9300  0.2772 
   00154    0.6325   -2900.1042  0.2785 
   00155    0.5875   -2926.1023  0.2724 
   00156    0.5600   -2878.3871  0.2762 
   00157    0.6150   -2849.9831  0.2796 
   00158    0.5825   -2846.2805  0.2749 
   00159    0.5575   -2837.5016  0.2638 
   00160    0.5875   -2877.0511  0.2685 
   00161    0.5600   -2862.8318  0.2699 
   00162    0.6150   -2851.2838  0.2648 
   00163    0.6375   -2846.1715  0.2614 
   00164    0.6150   -2790.4400  0.2546 
   00165    0.6275   -2794.0978  0.2587 
   00166    0.5925   -2811.8125  0.2588 
   00167    0.5750   -2818.7775  0.2681 
   00168    0.5600   -2759.2181  0.2695 
   00169    0.6025   -2786.2834  0.2689 
   00170    0.5775   -2778.4546  0.2674 
   00171    0.6075   -2728.3699  0.2695 
   00172    0.6025   -2754.1459  0.2679 
   00173    0.5675   -2739.9754  0.2611 
   00174    0.5925   -2750.7107  0.2577 
   00175    0.6025   -2772.5248  0.2519 
   00176    0.6200   -2781.3055  0.2586 
   00177    0.6275   -2755.5188  0.2566 
   00178    0.6000   -2774.2267  0.2554 
   00179    0.6000   -2798.6700  0.2601 
   00180    0.6175   -2802.5661  0.2549 
   00181    0.6000   -2840.5165  0.2514 
   00182    0.5775   -2797.3001  0.2596 
   00183    0.5925   -2826.7352  0.2589 
   00184    0.5750   -2839.3175  0.2540 
   00185    0.5800   -2837.4228  0.2563 
   00186    0.5950   -2787.7324  0.2577 
   00187    0.6575   -2791.8341  0.2584 
   00188    0.5875   -2735.4741  0.2646 
   00189    0.5925   -2722.1889  0.2693 
   00190    0.5825   -2760.1924  0.2766 
   00191    0.6025   -2803.4866  0.2753 
   00192    0.5650   -2779.8981  0.2689 
   00193    0.6275   -2771.5948  0.2745 
   00194    0.6100   -2816.1609  0.2743 
   00195    0.5600   -2814.4566  0.2774 
   00196    0.6075   -2804.4110  0.2738 
   00197    0.6250   -2784.0409  0.2772 
   00198    0.5750   -2848.8561  0.2832 
   00199    0.5800   -2830.3281  0.2807 
   00200    0.6300   -2839.0702  0.2746 
   00201    0.5850   -2799.3201  0.2650 
   00202    0.5600   -2788.2463  0.2660 
   00203    0.5575   -2835.4318  0.2713 
   00204    0.6100   -2823.3198  0.2825 
   00205    0.6200   -2837.8389  0.2825 
   00206    0.5975   -2840.9401  0.2821 
   00207    0.6050   -2821.5078  0.2825 
   00208    0.6025   -2831.8276  0.2768 
   00209    0.5525   -2882.5337  0.2752 
   00210    0.5600   -2882.1436  0.2859 
   00211    0.5875   -2864.4191  0.2862 
   00212    0.5625   -2889.4889  0.2839 
   00213    0.5800   -2884.1424  0.2786 
   00214    0.5975   -2807.0643  0.2839 
   00215    0.5625   -2824.9718  0.2823 
   00216    0.6050   -2833.5175  0.2735 
   00217    0.5700   -2806.7428  0.2710 
   00218    0.5700   -2758.7142  0.2600 
   00219    0.6075   -2736.0697  0.2540 
   00220    0.6150   -2759.5923  0.2553 
   00221    0.6200   -2779.9836  0.2528 
   00222    0.5675   -2822.9836  0.2653 
   00223    0.6150   -2760.6785  0.2675 
   00224    0.6175   -2787.6079  0.2695 
   00225    0.6100   -2803.8529  0.2736 
   00226    0.5350   -2841.4409  0.2695 
   00227    0.5875   -2909.1378  0.2760 
   00228    0.6075   -2887.8753  0.2668 
   00229    0.6600   -2880.9660  0.2845 
   00230    0.5625   -2816.6821  0.2866 
   00231    0.5350   -2857.8760  0.2814 
   00232    0.6400   -2850.4190  0.2849 
   00233    0.5825   -2882.9944  0.2800 
   00234    0.5750   -2838.7192  0.2790 
   00235    0.5450   -2817.1181  0.2765 
   00236    0.6325   -2855.8154  0.2841 
   00237    0.5850   -2784.5067  0.2841 
   00238    0.5850   -2777.7393  0.2892 
   00239    0.5650   -2743.0836  0.2810 
   00240    0.6500   -2775.9408  0.2880 
   00241    0.5925   -2800.8896  0.2933 
   00242    0.6025   -2850.4650  0.2849 
   00243    0.5575   -2821.9795  0.2869 
   00244    0.5900   -2860.6992  0.2779 
   00245    0.5700   -2848.2965  0.2742 
   00246    0.5675   -2814.7126  0.2761 
   00247    0.6025   -2850.9259  0.2731 
   00248    0.6025   -2805.7892  0.2734 
   00249    0.5900   -2801.9011  0.2641 
   00250    0.6075   -2797.0265  0.2792 
   00251    0.6225   -2800.2736  0.2692 
   00252    0.5625   -2802.9722  0.2656 
   00253    0.6200   -2756.5963  0.2765 
   00254    0.5950   -2782.7288  0.2752 
   00255    0.5800   -2774.7252  0.2772 
   00256    0.5875   -2814.1492  0.2805 
   00257    0.5800   -2819.8391  0.2847 
   00258    0.5700   -2846.4808  0.2825 
   00259    0.5950   -2831.6832  0.2808 
   00260    0.6025   -2854.0093  0.2750 
   00261    0.5775   -2860.8230  0.2817 
   00262    0.6125   -2817.8655  0.2775 
   00263    0.6050   -2802.6590  0.2737 
   00264    0.6525   -2820.9471  0.2687 
   00265    0.6250   -2771.1533  0.2598 
   00266    0.6025   -2801.4529  0.2698 
   00267    0.6200   -2807.5074  0.2708 
   00268    0.5600   -2776.6836  0.2623 
   00269    0.6475   -2801.0586  0.2750 
   00270    0.5800   -2815.0218  0.2703 
   00271    0.5875   -2840.8428  0.2835 
   00272    0.5975   -2763.1051  0.2870 
   00273    0.6275   -2787.7041  0.2922 
   00274    0.5925   -2842.6765  0.2962 
   00275    0.6100   -2778.9482  0.3012 
   00276    0.6125   -2752.0373  0.2961 
   00277    0.6000   -2794.7190  0.3000 
   00278    0.5725   -2818.3061  0.2999 
   00279    0.6175   -2848.1418  0.3032 
   00280    0.6175   -2808.5393  0.3035 
   00281    0.5800   -2741.5467  0.3053 
   00282    0.5650   -2754.1555  0.3162 
   00283    0.5850   -2732.7695  0.3001 
   00284    0.6275   -2717.3824  0.2937 
   00285    0.6125   -2742.4175  0.2889 
   00286    0.5850   -2776.3188  0.2848 
   00287    0.6150   -2832.9237  0.2823 
   00288    0.6300   -2875.2502  0.2766 
   00289    0.6175   -2896.6853  0.2820 
   00290    0.5775   -2866.5302  0.2772 
   00291    0.6350   -2884.2445  0.2810 
   00292    0.5925   -2879.8265  0.2806 
   00293    0.5900   -2853.1833  0.2743 
   00294    0.5675   -2793.2625  0.2624 
   00295    0.5850   -2769.4571  0.2622 
   00296    0.6100   -2797.0385  0.2628 
   00297    0.6200   -2830.5262  0.2609 
   00298    0.6050   -2868.5917  0.2594 
   00299    0.6225   -2881.2677  0.2605 
   00300    0.5625   -2885.5175  0.2605 
   00301    0.5950   -2860.3914  0.2615 
   00302    0.6025   -2795.4418  0.2662 
   00303    0.5800   -2841.8636  0.2688 
   00304    0.5875   -2865.3917  0.2569 
   00305    0.5750   -2826.2408  0.2663 
   00306    0.5850   -2798.4163  0.2684 
   00307    0.6125   -2905.4182  0.2704 
   00308    0.6125   -2899.7256  0.2706 
   00309    0.5825   -2905.0124  0.2664 
   00310    0.5775   -2870.0256  0.2660 
   00311    0.5875   -2872.1860  0.2600 
   00312    0.5725   -2853.0418  0.2585 
   00313    0.6025   -2780.8746  0.2558 
   00314    0.6000   -2775.9509  0.2551 
   00315    0.5800   -2744.1254  0.2582 
   00316    0.5950   -2759.5981  0.2583 
   00317    0.6050   -2767.1659  0.2721 
   00318    0.5550   -2774.3756  0.2732 
   00319    0.6075   -2749.5572  0.2671 
   00320    0.5375   -2724.2705  0.2692 
   00321    0.5675   -2757.9784  0.2571 
   00322    0.5950   -2753.1332  0.2575 
   00323    0.6025   -2728.8044  0.2558 
   00324    0.5875   -2768.8513  0.2633 
   00325    0.5700   -2765.7622  0.2738 
   00326    0.5650   -2808.5870  0.2696 
   00327    0.5875   -2799.0431  0.2812 
   00328    0.5650   -2780.3135  0.2706 
   00329    0.5825   -2761.0182  0.2736 
   00330    0.5900   -2789.3387  0.2759 
   00331    0.6350   -2788.9682  0.2603 
   00332    0.5875   -2844.4347  0.2657 
   00333    0.5800   -2839.3024  0.2677 
   00334    0.5675   -2863.1834  0.2720 
   00335    0.5950   -2843.1395  0.2820 
   00336    0.5925   -2880.4308  0.2864 
   00337    0.5575   -2903.5771  0.2913 
   00338    0.5750   -2902.7138  0.2946 
   00339    0.6050   -2909.9933  0.2925 
   00340    0.5975   -2846.5268  0.2976 
   00341    0.6300   -2837.3499  0.2951 
   00342    0.6200   -2840.5918  0.2917 
   00343    0.5925   -2834.3810  0.2939 
   00344    0.5900   -2873.7466  0.2949 
   00345    0.5925   -2948.0018  0.2868 
   00346    0.5850   -2929.8180  0.2952 
   00347    0.5850   -2822.2894  0.2960 
   00348    0.5700   -2817.4820  0.2982 
   00349    0.5625   -2831.8115  0.3010 
   00350    0.6025   -2848.3941  0.2968 
   00351    0.5925   -2795.9074  0.2922 
   00352    0.5775   -2799.2128  0.2979 
   00353    0.6025   -2787.2572  0.2946 
   00354    0.6125   -2714.1160  0.2900 
   00355    0.6325   -2769.2368  0.2765 
   00356    0.6000   -2752.8837  0.2854 
   00357    0.6150   -2681.8306  0.2799 
   00358    0.5825   -2716.6179  0.2781 
   00359    0.6000   -2733.8320  0.2732 
   00360    0.5750   -2757.0941  0.2711 
   00361    0.6050   -2690.7509  0.2674 
   00362    0.5800   -2716.0414  0.2707 
   00363    0.6050   -2738.5553  0.2767 
   00364    0.5800   -2792.6468  0.2795 
   00365    0.5950   -2791.3697  0.2775 
   00366    0.5575   -2834.4107  0.2801 
   00367    0.6125   -2827.8203  0.2801 
   00368    0.6500   -2756.8100  0.2775 
   00369    0.5700   -2748.2236  0.2812 
   00370    0.5950   -2760.5531  0.2698 
   00371    0.5950   -2714.5849  0.2730 
   00372    0.5800   -2795.3289  0.2654 
   00373    0.6275   -2790.5308  0.2590 
   00374    0.5925   -2831.4611  0.2545 
   00375    0.5825   -2868.1912  0.2601 
   00376    0.5700   -2840.2608  0.2544 
   00377    0.6075   -2859.0419  0.2558 
   00378    0.6025   -2843.9322  0.2642 
   00379    0.5775   -2832.9568  0.2664 
   00380    0.6050   -2835.1507  0.2637 
   00381    0.5775   -2809.1315  0.2712 
   00382    0.5625   -2827.2447  0.2697 
   00383    0.6000   -2804.0164  0.2723 
   00384    0.6275   -2773.5746  0.2702 
   00385    0.5950   -2854.0855  0.2700 
   00386    0.6200   -2832.6535  0.2696 
   00387    0.5875   -2850.8980  0.2736 
   00388    0.5850   -2835.7042  0.2774 
   00389    0.5550   -2807.7446  0.2628 
   00390    0.6000   -2806.6190  0.2596 
   00391    0.6125   -2774.2212  0.2548 
   00392    0.6100   -2750.9713  0.2538 
   00393    0.6025   -2773.2840  0.2519 
   00394    0.5900   -2810.4877  0.2565 
   00395    0.5775   -2812.5547  0.2645 
   00396    0.5600   -2846.9747  0.2684 
   00397    0.6100   -2920.8531  0.2597 
   00398    0.5750   -2930.6706  0.2584 
   00399    0.5975   -2898.4155  0.2636 
   00400    0.6025   -2877.4124  0.2520 
   00401    0.5900   -2864.5312  0.2532 
   00402    0.6000   -2840.8023  0.2580 
   00403    0.6200   -2833.9843  0.2552 
   00404    0.5975   -2880.8469  0.2653 
   00405    0.6225   -2943.7250  0.2662 
   00406    0.5975   -2982.5332  0.2706 
   00407    0.5575   -2989.8776  0.2686 
   00408    0.5800   -2941.7094  0.2618 
   00409    0.6100   -2887.5604  0.2607 
   00410    0.5675   -2818.2740  0.2609 
   00411    0.5900   -2758.6575  0.2588 
   00412    0.6125   -2744.6169  0.2619 
   00413    0.5875   -2787.6865  0.2590 
   00414    0.5900   -2847.8809  0.2510 
   00415    0.5750   -2824.0231  0.2593 
   00416    0.5550   -2802.6596  0.2624 
   00417    0.5825   -2798.7411  0.2613 
   00418    0.6225   -2761.6080  0.2655 
   00419    0.6250   -2804.3593  0.2761 
   00420    0.5875   -2804.2185  0.2730 
   00421    0.5900   -2822.3378  0.2693 
   00422    0.5900   -2840.3195  0.2731 
   00423    0.5825   -2899.2641  0.2725 
   00424    0.5900   -2872.5290  0.2735 
   00425    0.6650   -2803.0561  0.2793 
   00426    0.5625   -2897.8946  0.2766 
   00427    0.6025   -2868.4672  0.2823 
   00428    0.5875   -2874.5884  0.2848 
   00429    0.6150   -2811.3292  0.2878 
   00430    0.5950   -2778.2162  0.2882 
   00431    0.5800   -2738.8997  0.2885 
   00432    0.6025   -2751.8663  0.2956 
   00433    0.6175   -2784.0351  0.2970 
   00434    0.5775   -2842.6581  0.2772 
   00435    0.5775   -2791.2084  0.2641 
   00436    0.5575   -2804.4759  0.2582 
   00437    0.6025   -2826.3551  0.2581 
   00438    0.6275   -2808.6419  0.2571 
   00439    0.6225   -2861.9566  0.2668 
   00440    0.5900   -2906.4078  0.2719 
   00441    0.6150   -2907.1716  0.2741 
   00442    0.5775   -2841.5145  0.2698 
   00443    0.6125   -2832.8576  0.2584 
   00444    0.5825   -2847.2700  0.2591 
   00445    0.5900   -2857.3387  0.2602 
   00446    0.5675   -2840.4832  0.2599 
   00447    0.6225   -2882.1706  0.2719 
   00448    0.5850   -2896.8934  0.2660 
   00449    0.5950   -2874.8051  0.2736 
   00450    0.6050   -2881.5124  0.2731 
   00451    0.5650   -2851.4934  0.2852 
   00452    0.5675   -2879.3126  0.2950 
   00453    0.6175   -2810.4158  0.2905 
   00454    0.6100   -2850.3470  0.2983 
   00455    0.6150   -2825.7842  0.2947 
   00456    0.6000   -2788.6935  0.2967 
   00457    0.5650   -2786.7504  0.3034 
   00458    0.6425   -2773.8304  0.2934 
   00459    0.6075   -2756.5549  0.2819 
   00460    0.6500   -2758.1227  0.2859 
   00461    0.5925   -2766.8686  0.2814 
   00462    0.5825   -2795.7887  0.2814 
   00463    0.6025   -2785.5542  0.2764 
   00464    0.5850   -2768.9935  0.2821 
   00465    0.5775   -2735.5602  0.2811 
   00466    0.6025   -2757.7931  0.2865 
   00467    0.6475   -2758.6975  0.2824 
   00468    0.6075   -2765.6785  0.2865 
   00469    0.6225   -2813.3339  0.2948 
   00470    0.5825   -2811.3314  0.2951 
   00471    0.5525   -2860.5049  0.2937 
   00472    0.6225   -2848.8657  0.2872 
   00473    0.6050   -2837.2648  0.2821 
   00474    0.5825   -2833.6228  0.2711 
   00475    0.5375   -2815.3819  0.2642 
   00476    0.6100   -2795.7145  0.2736 
   00477    0.6200   -2796.8860  0.2658 
   00478    0.5850   -2819.0761  0.2806 
   00479    0.5550   -2787.8274  0.2781 
   00480    0.6325   -2761.8093  0.2821 
   00481    0.6175   -2731.2286  0.2819 
   00482    0.5900   -2709.4764  0.2866 
   00483    0.5925   -2812.8549  0.2942 
   00484    0.6050   -2849.6283  0.3066 
   00485    0.6175   -2835.5421  0.3006 
   00486    0.6100   -2841.4423  0.3034 
   00487    0.5875   -2860.8269  0.3122 
   00488    0.5875   -2871.4255  0.3162 
   00489    0.6025   -2863.3474  0.3122 
   00490    0.5975   -2792.5435  0.3022 
   00491    0.5750   -2807.1365  0.3056 
   00492    0.5900   -2872.0701  0.3133 
   00493    0.6100   -2797.4852  0.3162 
   00494    0.5825   -2788.1432  0.3156 
   00495    0.5675   -2776.9272  0.3091 
   00496    0.6000   -2812.1824  0.2997 
   00497    0.5825   -2789.3368  0.3059 
   00498    0.6050   -2759.9844  0.3060 
   00499    0.6075   -2781.7106  0.3130 
   00500    0.5950   -2840.1523  0.3152 
   00501    0.6375   -2858.0879  0.3169 
   00502    0.6000   -2865.0250  0.3239 
   00503    0.5950   -2820.4493  0.3227 
   00504    0.6150   -2870.1074  0.3283 
   00505    0.5800   -2883.5726  0.3223 
   00506    0.6225   -2868.8188  0.3261 
   00507    0.5950   -2840.6153  0.3240 
   00508    0.6125   -2815.0330  0.3144 
   00509    0.6125   -2843.8348  0.3129 
   00510    0.5900   -2817.6320  0.3057 
   00511    0.6100   -2788.5970  0.3085 
   00512    0.5975   -2819.0481  0.3103 
   00513    0.5725   -2785.3329  0.3048 
   00514    0.5625   -2780.9136  0.3029 
   00515    0.5975   -2806.5563  0.2969 
   00516    0.6300   -2850.7128  0.3033 
   00517    0.6000   -2837.5775  0.2913 
   00518    0.5925   -2917.0465  0.2934 
   00519    0.6150   -2873.5070  0.2936 
   00520    0.5775   -2854.7072  0.3030 
   00521    0.6225   -2802.4135  0.2975 
   00522    0.6150   -2850.0782  0.2961 
   00523    0.5750   -2794.3058  0.2924 
   00524    0.5600   -2845.8662  0.2828 
   00525    0.6100   -2794.6133  0.2787 
   00526    0.6125   -2804.2831  0.2872 
   00527    0.5850   -2846.7194  0.3027 
   00528    0.5825   -2831.0741  0.3010 
   00529    0.5625   -2859.4341  0.3010 
   00530    0.5525   -2890.2536  0.3101 
   00531    0.5850   -2893.3798  0.3033 
   00532    0.5775   -2866.1543  0.2973 
   00533    0.5750   -2849.6428  0.2923 
   00534    0.6025   -2816.7705  0.2981 
   00535    0.5850   -2806.2558  0.2962 
   00536    0.5675   -2802.2781  0.2979 
   00537    0.5750   -2797.7426  0.2956 
   00538    0.6100   -2776.6470  0.3009 
   00539    0.5650   -2748.8244  0.3015 
   00540    0.6200   -2724.1064  0.3021 
   00541    0.5800   -2714.2898  0.2888 
   00542    0.6000   -2756.5618  0.2901 
   00543    0.6125   -2836.4295  0.2896 
   00544    0.6175   -2853.7420  0.2795 
   00545    0.5950   -2861.9014  0.2761 
   00546    0.5925   -2875.1337  0.2776 
   00547    0.5650   -2867.2047  0.2670 
   00548    0.6150   -2789.4070  0.2743 
   00549    0.6100   -2811.9384  0.2821 
   00550    0.6000   -2774.8708  0.2772 
   00551    0.6150   -2772.2898  0.2793 
   00552    0.6125   -2730.2676  0.2806 
   00553    0.6050   -2747.2471  0.2831 
   00554    0.6300   -2802.2269  0.2936 
   00555    0.5775   -2786.9193  0.2941 
   00556    0.6250   -2792.5946  0.2926 
   00557    0.6100   -2771.5751  0.2908 
   00558    0.6350   -2788.5504  0.2967 
   00559    0.5625   -2852.1127  0.2959 
   00560    0.5825   -2850.8428  0.3004 
   00561    0.5625   -2882.8193  0.2999 
   00562    0.5700   -2907.7146  0.2962 
   00563    0.5825   -2967.5459  0.3011 
   00564    0.5800   -2995.7229  0.2910 
   00565    0.5475   -3017.9109  0.2952 
   00566    0.5400   -3015.4206  0.2947 
   00567    0.5700   -2978.5246  0.2890 
   00568    0.5950   -2970.6659  0.2922 
   00569    0.6000   -2908.3592  0.2905 
   00570    0.6200   -2912.0520  0.2858 
   00571    0.5675   -2930.2534  0.2971 
   00572    0.5675   -2920.4165  0.3002 
   00573    0.6075   -2850.7792  0.2992 
   00574    0.5875   -2864.8708  0.2942 
   00575    0.5600   -2851.9871  0.3014 
   00576    0.6400   -2864.4747  0.3083 
   00577    0.5800   -2914.2266  0.3011 
   00578    0.5800   -2879.4788  0.2949 
   00579    0.6125   -2900.3941  0.2934 
   00580    0.6100   -2849.4140  0.2949 
   00581    0.5525   -2888.7043  0.2951 
   00582    0.5750   -2924.7746  0.2949 
   00583    0.5525   -2920.6428  0.2961 
   00584    0.5800   -2894.7035  0.2992 
   00585    0.5625   -2875.4246  0.3044 
   00586    0.5825   -2862.0244  0.3113 
   00587    0.6075   -2838.8505  0.3111 
   00588    0.6000   -2808.6743  0.3112 
   00589    0.5975   -2799.1391  0.3152 
   00590    0.5900   -2819.3356  0.3098 
   00591    0.6025   -2780.0613  0.3036 
   00592    0.5925   -2776.1078  0.3010 
   00593    0.5575   -2797.1435  0.2921 
   00594    0.5875   -2848.4907  0.2905 
   00595    0.6150   -2787.1694  0.2961 
   00596    0.6050   -2817.6217  0.2964 
   00597    0.5200   -2892.7706  0.2953 
   00598    0.5950   -2884.2512  0.2939 
   00599    0.6050   -2878.7254  0.2844 
   00600    0.6000   -2828.6757  0.2821 
   00601    0.5950   -2799.5166  0.2878 
   00602    0.5675   -2829.4989  0.2946 
   00603    0.6150   -2819.3893  0.2999 
   00604    0.5975   -2786.2646  0.3007 
   00605    0.5800   -2805.8618  0.2891 
   00606    0.6000   -2793.1271  0.2879 
   00607    0.5975   -2864.6886  0.2815 
   00608    0.6250   -2843.5613  0.2915 
   00609    0.6200   -2857.4836  0.2880 
   00610    0.6100   -2868.0113  0.2810 
   00611    0.5900   -2860.3906  0.2779 
   00612    0.5900   -2860.2575  0.2789 
   00613    0.5750   -2870.6848  0.2808 
   00614    0.5775   -2842.6374  0.2832 
   00615    0.5600   -2886.3716  0.2861 
   00616    0.5850   -2897.3443  0.2893 
   00617    0.5700   -2906.4758  0.2833 
   00618    0.6250   -2864.9745  0.2802 
   00619    0.5625   -2797.9684  0.2729 
   00620    0.5850   -2791.2506  0.2816 
   00621    0.5975   -2754.8943  0.2735 
   00622    0.6100   -2731.1215  0.2578 
   00623    0.5475   -2796.5848  0.2539 
   00624    0.5850   -2836.0688  0.2577 
   00625    0.5875   -2860.5803  0.2605 
   00626    0.5800   -2834.0791  0.2669 
   00627    0.6200   -2819.3670  0.2689 
   00628    0.5750   -2792.9865  0.2730 
   00629    0.6150   -2766.0510  0.2819 
   00630    0.5675   -2792.5111  0.2791 
   00631    0.5800   -2765.3317  0.2855 
   00632    0.5750   -2736.5810  0.2865 
   00633    0.6400   -2833.0678  0.2940 
   00634    0.6125   -2803.4087  0.2892 
   00635    0.6150   -2807.9643  0.2895 
   00636    0.5975   -2796.3028  0.2886 
   00637    0.5650   -2797.0602  0.2878 
   00638    0.5525   -2748.0450  0.2787 
   00639    0.6300   -2691.9941  0.2816 
   00640    0.5500   -2739.9253  0.2861 
   00641    0.5800   -2734.9301  0.3050 
   00642    0.6200   -2754.6472  0.3002 
   00643    0.6450   -2786.2723  0.2972 
   00644    0.6225   -2807.3996  0.2905 
   00645    0.5650   -2833.5409  0.2898 
   00646    0.5775   -2852.2081  0.2836 
   00647    0.6100   -2860.8771  0.2871 
   00648    0.5775   -2862.3938  0.2912 
   00649    0.5600   -2884.6899  0.2894 
   00650    0.6050   -2907.5618  0.2844 
   00651    0.6150   -2894.3295  0.2963 
   00652    0.6150   -2874.2814  0.3028 
   00653    0.5800   -2867.1179  0.3066 
   00654    0.6100   -2857.5203  0.3060 
   00655    0.5975   -2852.3135  0.3019 
   00656    0.6075   -2825.0026  0.3056 
   00657    0.5775   -2813.3421  0.3134 
   00658    0.5800   -2829.8280  0.3080 
   00659    0.5700   -2806.1241  0.3098 
   00660    0.6025   -2813.5103  0.3008 
   00661    0.5800   -2856.7836  0.2934 
   00662    0.6150   -2888.0624  0.3032 
   00663    0.6100   -2912.3615  0.2960 
   00664    0.6100   -2872.1698  0.3038 
   00665    0.6000   -2854.8237  0.2959 
   00666    0.5775   -2870.4782  0.3056 
   00667    0.5850   -2868.0646  0.3097 
   00668    0.5700   -2859.5382  0.3054 
   00669    0.5575   -2902.1517  0.3213 
   00670    0.5600   -2878.8019  0.3143 
   00671    0.5825   -2868.0046  0.3139 
   00672    0.5850   -2874.2012  0.3094 
   00673    0.5850   -2928.5459  0.3014 
   00674    0.5525   -2948.8700  0.3067 
   00675    0.5325   -2980.5262  0.3067 
   00676    0.5825   -2968.8448  0.2995 
   00677    0.5950   -2937.0864  0.3034 
   00678    0.5800   -2953.2970  0.3018 
   00679    0.5825   -2909.4367  0.2929 
   00680    0.6075   -2899.5189  0.2915 
   00681    0.5975   -2888.5434  0.2919 
   00682    0.5850   -2910.0858  0.2932 
   00683    0.5650   -2888.0563  0.2897 
   00684    0.5850   -2921.0259  0.2908 
   00685    0.5550   -2924.7962  0.2807 
   00686    0.6100   -2894.3993  0.2833 
   00687    0.5875   -2891.7061  0.2788 
   00688    0.6025   -2858.5066  0.2750 
   00689    0.6200   -2798.0870  0.2799 
   00690    0.5975   -2792.1698  0.2781 
   00691    0.5550   -2850.1316  0.2739 
   00692    0.5925   -2848.0009  0.2710 
   00693    0.6125   -2798.0686  0.2568 
   00694    0.5800   -2793.9634  0.2733 
   00695    0.5450   -2784.7837  0.2775 
   00696    0.5950   -2768.4012  0.2773 
   00697    0.5850   -2795.9089  0.2821 
   00698    0.6175   -2824.7826  0.2813 
   00699    0.6075   -2833.0262  0.2734 
   00700    0.5825   -2872.2705  0.2809 
   00701    0.5475   -2856.2847  0.2823 
   00702    0.5850   -2882.8969  0.2873 
   00703    0.5500   -2883.9706  0.2869 
   00704    0.6225   -2869.0704  0.2781 
   00705    0.6050   -2803.2473  0.2840 
   00706    0.6000   -2832.4548  0.2792 
   00707    0.5275   -2787.1661  0.2776 
   00708    0.6250   -2810.7513  0.2792 
   00709    0.6075   -2860.3262  0.2734 
   00710    0.6175   -2849.8879  0.2750 
   00711    0.6000   -2921.1954  0.2711 
   00712    0.5975   -2967.3415  0.2607 
   00713    0.5825   -2958.5059  0.2604 
   00714    0.5750   -2925.2420  0.2606 
   00715    0.5725   -2883.2066  0.2543 
   00716    0.6200   -2884.2542  0.2581 
   00717    0.5675   -2837.7097  0.2599 
   00718    0.6000   -2791.1752  0.2698 
   00719    0.6250   -2782.2887  0.2591 
   00720    0.6050   -2772.4780  0.2661 
   00721    0.6050   -2732.7710  0.2721 
   00722    0.5925   -2761.5762  0.2718 
   00723    0.5650   -2792.4024  0.2734 
   00724    0.6075   -2822.1457  0.2822 
   00725    0.5825   -2804.0486  0.2715 
   00726    0.6300   -2790.9805  0.2640 
   00727    0.5925   -2764.0481  0.2528 
   00728    0.6100   -2799.5794  0.2652 
   00729    0.5725   -2827.9727  0.2675 
   00730    0.5850   -2824.0453  0.2720 
   00731    0.5525   -2790.5525  0.2643 
   00732    0.6300   -2773.8388  0.2673 
   00733    0.5275   -2780.6364  0.2728 
   00734    0.5675   -2819.3950  0.2726 
   00735    0.5900   -2828.5826  0.2674 
   00736    0.5625   -2785.0454  0.2630 
   00737    0.6125   -2840.2831  0.2561 
   00738    0.5400   -2816.1547  0.2596 
   00739    0.6025   -2805.4874  0.2652 
   00740    0.6250   -2861.0210  0.2641 
   00741    0.5700   -2883.8688  0.2552 
   00742    0.6025   -2849.5746  0.2630 
   00743    0.6025   -2883.7494  0.2643 
   00744    0.5975   -2851.7194  0.2724 
   00745    0.5550   -2869.5692  0.2689 
   00746    0.5450   -2852.6732  0.2703 
   00747    0.5700   -2858.5465  0.2670 
   00748    0.6075   -2851.6944  0.2666 
   00749    0.5850   -2821.0253  0.2649 
   00750    0.5825   -2832.7408  0.2659 
   00751    0.5675   -2834.5202  0.2662 
   00752    0.6250   -2845.9865  0.2635 
   00753    0.5850   -2808.8033  0.2622 
   00754    0.5425   -2859.5913  0.2634 
   00755    0.5675   -2783.6279  0.2724 
   00756    0.5825   -2800.3062  0.2691 
   00757    0.5825   -2779.5163  0.2678 
   00758    0.5900   -2815.7000  0.2694 
   00759    0.5700   -2849.1766  0.2629 
   00760    0.5950   -2851.4326  0.2590 
   00761    0.5800   -2891.1731  0.2666 
   00762    0.5300   -2897.6596  0.2751 
   00763    0.5950   -2889.3029  0.2833 
   00764    0.5550   -2915.6074  0.2851 
   00765    0.6125   -2954.0418  0.2907 
   00766    0.5975   -2931.7299  0.2997 
   00767    0.6100   -2877.5487  0.3048 
   00768    0.6175   -2896.4773  0.3136 
   00769    0.6125   -2813.0347  0.2993 
   00770    0.6125   -2825.1093  0.2983 
   00771    0.5850   -2806.7845  0.3018 
   00772    0.5750   -2830.6624  0.3061 
   00773    0.5950   -2823.6292  0.2914 
   00774    0.5900   -2866.6335  0.2889 
   00775    0.5875   -2843.5571  0.2906 
   00776    0.5775   -2875.4626  0.2893 
   00777    0.6000   -2840.1121  0.2799 
   00778    0.5775   -2856.8910  0.2951 
   00779    0.5925   -2874.4244  0.2976 
   00780    0.5725   -2897.7101  0.2997 
   00781    0.5800   -2850.4852  0.2953 
   00782    0.5975   -2866.5260  0.2914 
   00783    0.5525   -2833.3360  0.2912 
   00784    0.6125   -2869.8391  0.2974 
   00785    0.5875   -2800.9837  0.2875 
   00786    0.6000   -2770.8773  0.2911 
   00787    0.6050   -2768.8842  0.2848 
   00788    0.6075   -2816.1384  0.2836 
   00789    0.5725   -2763.9938  0.2838 
   00790    0.6100   -2754.9889  0.2853 
   00791    0.5950   -2806.7815  0.2840 
   00792    0.6000   -2737.4167  0.2849 
   00793    0.6150   -2710.0952  0.2932 
   00794    0.5775   -2701.7325  0.2829 
   00795    0.6375   -2612.9771  0.2824 
   00796    0.6075   -2649.2659  0.2734 
   00797    0.6000   -2653.8176  0.2716 
   00798    0.6150   -2716.2168  0.2620 
   00799    0.5875   -2706.8510  0.2621 
   00800    0.6125   -2720.1373  0.2590 
   00801    0.6200   -2691.0981  0.2634 
   00802    0.5750   -2709.0672  0.2650 
   00803    0.5675   -2782.9443  0.2772 
   00804    0.5750   -2790.5817  0.2914 
   00805    0.6125   -2835.5598  0.2865 
   00806    0.5875   -2833.0294  0.2853 
   00807    0.6100   -2830.3516  0.2708 
   00808    0.5875   -2909.0342  0.2683 
   00809    0.5900   -2849.6191  0.2670 
   00810    0.5375   -2844.1211  0.2573 
   00811    0.6150   -2826.2629  0.2636 
   00812    0.5825   -2773.6669  0.2671 
   00813    0.6075   -2811.1402  0.2739 
   00814    0.6325   -2840.1694  0.2787 
   00815    0.5925   -2895.9242  0.2902 
   00816    0.6000   -2839.7559  0.2828 
   00817    0.5700   -2855.9646  0.2805 
   00818    0.5975   -2879.3235  0.2925 
   00819    0.6075   -2924.6900  0.2951 
   00820    0.5800   -2893.1670  0.2930 
   00821    0.5950   -2915.5041  0.2863 
   00822    0.5625   -2983.9790  0.2742 
   00823    0.5950   -2969.9996  0.2757 
   00824    0.5725   -2935.2613  0.2835 
   00825    0.5850   -2958.5692  0.2764 
   00826    0.5750   -2952.9500  0.2795 
   00827    0.5325   -2968.6844  0.2862 
   00828    0.5800   -2990.6320  0.2938 
   00829    0.5550   -2955.5480  0.2918 
   00830    0.5850   -2927.7239  0.2947 
   00831    0.5750   -2876.8998  0.2820 
   00832    0.5925   -2835.7024  0.2744 
   00833    0.6050   -2801.9169  0.2744 
   00834    0.5750   -2785.9356  0.2669 
   00835    0.6000   -2765.3768  0.2580 
   00836    0.6000   -2760.5421  0.2674 
   00837    0.5900   -2693.9761  0.2666 
   00838    0.5950   -2705.3994  0.2644 
   00839    0.5750   -2683.9207  0.2727 
   00840    0.5975   -2665.0483  0.2712 
   00841    0.6225   -2661.2524  0.2760 
   00842    0.6000   -2673.8605  0.2761 
   00843    0.6350   -2716.8548  0.2723 
   00844    0.5900   -2771.9466  0.2759 
   00845    0.5925   -2754.7506  0.2791 
   00846    0.5875   -2800.3144  0.2812 
   00847    0.6000   -2812.3045  0.2824 
   00848    0.5950   -2787.4631  0.2907 
   00849    0.6025   -2791.1276  0.2788 
   00850    0.5775   -2790.4118  0.2711 
   00851    0.5725   -2754.8805  0.2678 
   00852    0.6050   -2701.9331  0.2754 
   00853    0.6075   -2695.1554  0.2800 
   00854    0.5950   -2729.0728  0.2747 
   00855    0.6250   -2714.5019  0.2747 
   00856    0.5775   -2765.2412  0.2798 
   00857    0.6325   -2744.8745  0.2763 
   00858    0.5825   -2799.7090  0.2777 
   00859    0.5875   -2764.4161  0.2726 
   00860    0.5750   -2758.5797  0.2784 
   00861    0.5950   -2731.9623  0.2816 
   00862    0.5900   -2703.6955  0.2897 
   00863    0.6175   -2727.7733  0.2942 
   00864    0.5975   -2730.4853  0.2834 
   00865    0.5575   -2759.1639  0.2884 
   00866    0.6200   -2759.2039  0.2878 
   00867    0.6075   -2783.7378  0.2811 
   00868    0.5725   -2802.2193  0.2687 
   00869    0.6075   -2795.8302  0.2644 
   00870    0.5775   -2826.6220  0.2688 
   00871    0.5775   -2870.0715  0.2591 
   00872    0.6200   -2938.5659  0.2648 
   00873    0.5925   -2951.5640  0.2629 
   00874    0.5750   -2893.7140  0.2626 
   00875    0.5950   -2896.7327  0.2589 
   00876    0.5700   -2878.0281  0.2671 
   00877    0.5975   -2828.9837  0.2687 
   00878    0.5625   -2904.2307  0.2643 
   00879    0.5550   -2869.2782  0.2680 
   00880    0.5550   -2863.2994  0.2684 
   00881    0.5775   -2872.9270  0.2644 
   00882    0.5775   -2900.6995  0.2624 
   00883    0.5750   -2949.6341  0.2848 
   00884    0.5800   -2911.8225  0.2854 
   00885    0.5775   -2891.3162  0.2912 
   00886    0.6075   -2871.9614  0.2922 
   00887    0.5800   -2853.3746  0.2927 
   00888    0.6025   -2838.7625  0.2886 
   00889    0.5925   -2870.5020  0.2922 
   00890    0.5900   -2818.5900  0.2902 
   00891    0.5850   -2817.4466  0.2935 
   00892    0.6075   -2821.1942  0.2923 
   00893    0.6225   -2796.7424  0.2988 
   00894    0.6325   -2748.7714  0.2929 
   00895    0.6250   -2759.9524  0.2844 
   00896    0.5750   -2771.0462  0.2797 
   00897    0.6350   -2753.7027  0.2799 
   00898    0.5825   -2814.7633  0.2798 
   00899    0.6200   -2803.2132  0.2681 
   00900    0.6200   -2807.2622  0.2667 
   00901    0.5825   -2789.4334  0.2677 
   00902    0.6075   -2809.6849  0.2615 
   00903    0.6150   -2798.6196  0.2797 
   00904    0.5875   -2800.6518  0.2913 
   00905    0.5825   -2793.1973  0.2963 
   00906    0.6425   -2765.5819  0.3043 
   00907    0.5875   -2763.7842  0.3033 
   00908    0.5850   -2772.2253  0.3058 
   00909    0.5750   -2821.8062  0.3113 
   00910    0.5975   -2829.8933  0.3167 
   00911    0.6100   -2852.5313  0.2990 
   00912    0.6050   -2893.3099  0.2961 
   00913    0.6050   -2895.2720  0.2886 
   00914    0.5725   -2847.3778  0.2857 
   00915    0.5775   -2864.4192  0.2831 
   00916    0.5650   -2887.6444  0.2873 
   00917    0.5600   -2874.1348  0.2798 
   00918    0.5850   -2882.4880  0.2909 
   00919    0.6100   -2890.1762  0.2946 
   00920    0.6075   -2849.2867  0.2842 
   00921    0.5600   -2881.3543  0.2849 
   00922    0.6275   -2881.2292  0.2793 
   00923    0.5800   -2827.5707  0.2815 
   00924    0.5950   -2854.1157  0.2731 
   00925    0.5425   -2840.0590  0.2724 
   00926    0.6550   -2853.3333  0.2676 
   00927    0.5750   -2795.9618  0.2753 
   00928    0.6200   -2762.0369  0.2680 
   00929    0.6225   -2824.2185  0.2713 
   00930    0.6000   -2826.7483  0.2675 
   00931    0.5975   -2858.2157  0.2773 
   00932    0.5775   -2897.7814  0.2752 
   00933    0.6150   -2898.0670  0.2823 
   00934    0.5575   -2860.4090  0.2712 
   00935    0.5650   -2837.3673  0.2714 
   00936    0.6250   -2856.0489  0.2794 
   00937    0.5825   -2872.6331  0.2790 
   00938    0.5850   -2891.8611  0.2775 
   00939    0.5850   -2849.2550  0.2806 
   00940    0.5725   -2888.7921  0.2796 
   00941    0.5975   -2825.9210  0.2804 
   00942    0.6050   -2834.5075  0.2888 
   00943    0.5775   -2799.2271  0.2734 
   00944    0.6150   -2773.3411  0.2657 
   00945    0.6125   -2792.4437  0.2642 
   00946    0.5975   -2807.2441  0.2661 
   00947    0.5800   -2820.8060  0.2671 
   00948    0.5950   -2872.4196  0.2596 
   00949    0.5800   -2840.1775  0.2572 
   00950    0.5575   -2850.2773  0.2627 
   00951    0.5975   -2856.8026  0.2589 
   00952    0.6150   -2873.6260  0.2676 
   00953    0.5675   -2915.1889  0.2725 
   00954    0.6150   -2792.0618  0.2777 
   00955    0.5675   -2832.0577  0.2815 
   00956    0.6125   -2792.9948  0.2801 
   00957    0.6000   -2785.7363  0.2738 
   00958    0.6200   -2730.2869  0.2744 
   00959    0.5975   -2739.5042  0.2828 
   00960    0.6025   -2743.2223  0.2752 
   00961    0.6375   -2779.0908  0.2890 
   00962    0.5925   -2802.5679  0.2781 
   00963    0.5650   -2810.7960  0.2809 
   00964    0.6000   -2788.9745  0.2769 
   00965    0.5775   -2731.3554  0.2689 
   00966    0.5975   -2739.8902  0.2695 
   00967    0.5550   -2741.6156  0.2583 
   00968    0.6200   -2733.4514  0.2606 
   00969    0.6150   -2726.1922  0.2664 
   00970    0.6300   -2795.3166  0.2747 
   00971    0.5750   -2804.5184  0.2840 
   00972    0.5775   -2784.7902  0.2837 
   00973    0.6100   -2775.9939  0.2877 
   00974    0.6325   -2765.0904  0.2982 
   00975    0.5775   -2733.7094  0.3033 
   00976    0.5800   -2704.4364  0.3113 
   00977    0.6075   -2680.2135  0.3030 
   00978    0.6025   -2737.1241  0.2988 
   00979    0.6025   -2730.7459  0.2950 
   00980    0.6200   -2727.5042  0.2863 
   00981    0.6225   -2741.3767  0.2938 
   00982    0.6225   -2736.2164  0.2992 
   00983    0.5650   -2705.7013  0.2955 
   00984    0.6675   -2690.2634  0.3005 
   00985    0.5925   -2731.2998  0.2905 
   00986    0.5775   -2769.4861  0.2798 
   00987    0.6050   -2724.7938  0.2801 
   00988    0.6150   -2768.5235  0.2914 
   00989    0.5625   -2820.5930  0.3032 
   00990    0.5975   -2793.8236  0.3050 
   00991    0.6175   -2817.2676  0.3077 
   00992    0.5800   -2804.9074  0.3027 
   00993    0.5775   -2756.0402  0.2943 
   00994    0.5600   -2783.4541  0.2893 
   00995    0.5900   -2750.9315  0.2860 
   00996    0.5625   -2791.5527  0.2890 
   00997    0.5800   -2796.8277  0.2847 
   00998    0.6200   -2758.9025  0.2864 
   00999    0.6125   -2726.3399  0.2931 
   01000    0.6050   -2744.3756  0.2854 
