#=====================================================
# File created:        Mon-06-Nov-2023-at-02-27-48PM
# Size of lattice:     40x40
# Number of MC steps:  1000
# Reduced temperature: 0.600
# Run time (s):        31.179131
#=====================================================
# MC step:  Ratio:     Energy:   Order:
#=====================================================
   00000    0.5000   -1612.7993  0.2586 
   00001    0.6806   -2386.5344  0.2596 
   00002    0.6144   -2896.4011  0.2615 
   00003    0.5737   -3239.9997  0.2665 
   00004    0.5563   -3461.8711  0.2676 
   00005    0.5181   -3700.0312  0.2666 
   00006    0.5131   -3851.2000  0.2885 
   00007    0.4819   -3960.1937  0.2938 
   00008    0.4875   -3993.8364  0.3029 
   00009    0.5038   -4127.1076  0.3048 
   00010    0.4881   -4189.7917  0.3012 
   00011    0.4669   -4333.6694  0.2865 
   00012    0.4775   -4413.2597  0.2921 
   00013    0.4506   -4458.3336  0.2948 
   00014    0.4656   -4483.8611  0.3044 
   00015    0.4487   -4508.2273  0.3016 
   00016    0.4431   -4598.6876  0.3104 
   00017    0.4625   -4622.5046  0.3140 
   00018    0.4275   -4693.9683  0.3130 
   00019    0.4419   -4743.7387  0.3160 
   00020    0.4269   -4739.8957  0.3104 
   00021    0.4325   -4759.0213  0.2951 
   00022    0.4163   -4789.0110  0.2921 
   00023    0.4431   -4805.8390  0.2952 
   00024    0.4475   -4801.4567  0.2958 
   00025    0.4269   -4819.7977  0.3131 
   00026    0.4512   -4820.4117  0.3231 
   00027    0.4419   -4815.1058  0.3282 
   00028    0.4356   -4813.2954  0.3330 
   00029    0.4444   -4837.3345  0.3246 
   00030    0.4294   -4847.3145  0.3226 
   00031    0.4331   -4790.3032  0.3240 
   00032    0.4138   -4844.6096  0.3265 
   00033    0.4094   -4875.7996  0.3222 
   00034    0.4325   -4889.3044  0.3165 
   00035    0.4288   -4863.5951  0.3241 
   00036    0.4356   -4898.7468  0.3192 
   00037    0.4113   -4840.6308  0.3126 
   00038    0.4444   -4875.4238  0.3170 
   00039    0.4213   -4888.0584  0.3196 
   00040    0.4188   -4931.6180  0.3247 
   00041    0.4150   -4980.5538  0.3311 
   00042    0.4344   -4942.8909  0.3334 
   00043    0.4175   -4969.0574  0.3410 
   00044    0.4188   -4943.1752  0.3362 
   00045    0.4369   -4995.1626  0.3358 
   00046    0.4194   -4993.5509  0.3371 
   00047    0.4069   -4972.4450  0.3439 
   00048    0.4000   -4997.7972  0.3508 
   00049    0.4044   -5018.7636  0.3503 
   00050    0.4125   -4968.1170  0.3438 
   00051    0.4088   -4994.7105  0.3458 
   00052    0.4225   -5029.9958  0.3501 
   00053    0.4344   -5010.1223  0.3486 
   00054    0.3975   -5012.7673  0.3521 
   00055    0.3969   -5080.5341  0.3601 
   00056    0.4138   -5065.1209  0.3581 
   00057    0.4188   -5078.1574  0.3525 
   00058    0.4188   -5039.9790  0.3509 
   00059    0.4238   -5055.9707  0.3510 
   00060    0.4100   -5022.9027  0.3672 
   00061    0.4075   -5009.5147  0.3644 
   00062    0.4200   -5055.2302  0.3528 
   00063    0.4156   -5023.3088  0.3448 
   00064    0.4363   -5011.7854  0.3341 
   00065    0.4175   -5041.2825  0.3498 
   00066    0.4106   -4988.0204  0.3532 
   00067    0.4263   -5016.3425  0.3487 
   00068    0.4175   -5034.3283  0.3509 
   00069    0.4019   -5032.1583  0.3500 
   00070    0.4194   -5048.2728  0.3476 
   00071    0.4069   -5056.1582  0.3493 
   00072    0.4188   -5021.5844  0.3421 
   00073    0.4144   -5001.7448  0.3443 
   00074    0.4106   -5027.0395  0.3485 
   00075    0.4100   -4987.1316  0.3342 
   00076    0.4300   -4985.2866  0.3373 
   00077    0.4244   -4992.7565  0.3420 
   00078    0.4338   -4954.3397  0.3448 
   00079    0.4125   -4937.0059  0.3490 
   00080    0.3937   -4958.7206  0.3433 
   00081    0.4025   -4944.0812  0.3379 
   00082    0.4338   -4929.2233  0.3399 
   00083    0.4306   -4947.2277  0.3385 
   00084    0.4125   -4967.0691  0.3438 
   00085    0.4244   -4968.0523  0.3420 
   00086    0.4188   -4973.0118  0.3393 
   00087    0.4338   -4937.5721  0.3423 
   00088    0.4263   -4953.0983  0.3445 
   00089    0.4163   -5001.8781  0.3499 
   00090    0.3837   -5000.2868  0.3485 
   00091    0.4300   -4976.7217  0.3428 
   00092    0.4225   -4955.7198  0.3478 
   00093    0.4200   -4950.9359  0.3441 
   00094    0.4219   -4941.0794  0.3483 
   00095    0.4281   -4957.8916  0.3432 
   00096    0.4369   -4997.5103  0.3410 
   00097    0.4181   -5026.0589  0.3370 
   00098    0.4169   -5006.5096  0.3381 
   00099    0.4188   -5073.6284  0.3271 
   00100    0.4213   -5020.7246  0.3228 
   00101    0.4163   -5016.3515  0.3346 
   00102    0.4125   -5027.5567  0.3336 
   00103    0.4125   -5022.6954  0.3388 
   00104    0.4169   -5073.7669  0.3414 
   00105    0.4144   -5056.4713  0.3231 
   00106    0.4238   -5071.4494  0.3185 
   00107    0.3850   -5140.3705  0.3211 
   00108    0.3925   -5094.2559  0.3265 
   00109    0.4019   -5113.4385  0.3226 
   00110    0.4150   -5114.1355  0.3240 
   00111    0.4156   -5086.9829  0.3242 
   00112    0.3850   -5109.4237  0.3323 
   00113    0.4000   -5120.7536  0.3269 
   00114    0.3975   -5157.7365  0.3265 
   00115    0.3819   -5147.0464  0.3234 
   00116    0.4156   -5130.4511  0.3295 
   00117    0.4088   -5111.8016  0.3294 
   00118    0.4056   -5107.7644  0.3300 
   00119    0.4169   -5120.3689  0.3401 
   00120    0.3987   -5104.3010  0.3435 
   00121    0.3994   -5112.3520  0.3492 
   00122    0.4019   -5141.1699  0.3496 
   00123    0.4119   -5096.1568  0.3522 
   00124    0.4031   -5094.8219  0.3410 
   00125    0.4244   -5102.8482  0.3357 
   00126    0.4419   -5126.0313  0.3327 
   00127    0.4088   -5121.1839  0.3425 
   00128    0.4025   -5114.9619  0.3359 
   00129    0.3975   -5137.8719  0.3346 
   00130    0.4088   -5119.2661  0.3414 
   00131    0.3912   -5117.3538  0.3447 
   00132    0.4025   -5133.3891  0.3420 
   00133    0.4006   -5115.2421  0.3387 
   00134    0.3962   -5072.0364  0.3367 
   00135    0.4313   -5100.2467  0.3371 
   00136    0.4125   -5056.6746  0.3467 
   00137    0.4062   -5054.1767  0.3426 
   00138    0.4081   -5079.3787  0.3442 
   00139    0.4000   -5120.4115  0.3420 
   00140    0.4006   -5114.6209  0.3453 
   00141    0.3956   -5132.1098  0.3419 
   00142    0.3944   -5138.5734  0.3336 
   00143    0.4081   -5150.3595  0.3407 
   00144    0.4100   -5122.2645  0.3449 
   00145    0.4000   -5137.9056  0.3379 
   00146    0.4088   -5132.8557  0.3386 
   00147    0.4119   -5118.4516  0.3398 
   00148    0.4025   -5100.6505  0.3443 
   00149    0.4106   -5144.1733  0.3461 
   00150    0.4181   -5146.0602  0.3361 
   00151    0.4006   -5141.1587  0.3328 
   00152    0.4088   -5089.7377  0.3301 
   00153    0.3937   -5053.0081  0.3252 
   00154    0.4119   -5074.9205  0.3365 
   00155    0.4131   -5118.4219  0.3375 
   00156    0.4219   -5116.0915  0.3406 
   00157    0.4175   -5112.2607  0.3420 
   00158    0.4031   -5155.2822  0.3426 
   00159    0.4125   -5168.4349  0.3397 
   00160    0.4200   -5090.6039  0.3392 
   00161    0.4150   -5129.9931  0.3379 
   00162    0.4163   -5130.0687  0.3300 
   00163    0.4044   -5092.6439  0.3300 
   00164    0.4069   -5114.1074  0.3320 
   00165    0.3950   -5106.3913  0.3343 
   00166    0.3937   -5095.4878  0.3323 
   00167    0.4025   -5116.3741  0.3304 
   00168    0.4138   -5138.0815  0.3287 
   00169    0.4069   -5149.2751  0.3277 
   00170    0.4331   -5140.5107  0.3326 
   00171    0.4037   -5120.7138  0.3326 
   00172    0.4163   -5132.8142  0.3282 
   00173    0.3906   -5150.7243  0.3369 
   00174    0.4012   -5097.6425  0.3377 
   00175    0.4119   -5078.8218  0.3273 
   00176    0.4138   -5132.5845  0.3242 
   00177    0.3987   -5141.6441  0.3275 
   00178    0.4006   -5124.5460  0.3205 
   00179    0.3856   -5165.0911  0.3155 
   00180    0.3875   -5125.7319  0.3115 
   00181    0.4175   -5086.7833  0.3128 
   00182    0.4006   -5094.9384  0.3171 
   00183    0.3819   -5103.7212  0.3197 
   00184    0.4306   -5119.5709  0.3110 
   00185    0.4094   -5085.4970  0.3150 
   00186    0.4100   -5058.0400  0.3177 
   00187    0.4025   -5062.2412  0.3291 
   00188    0.4113   -5091.3208  0.3249 
   00189    0.4088   -5105.2316  0.3252 
   00190    0.4056   -5162.7416  0.3246 
   00191    0.4075   -5178.0557  0.3200 
   00192    0.3856   -5156.8256  0.3247 
   00193    0.4225   -5162.2064  0.3268 
   00194    0.4000   -5164.7124  0.3248 
   00195    0.4100   -5174.9352  0.3273 
   00196    0.4075   -5170.9925  0.3355 
   00197    0.3962   -5123.3005  0.3368 
   00198    0.4094   -5124.2765  0.3415 
   00199    0.4213   -5101.9595  0.3447 
   00200    0.4100   -5110.1779  0.3465 
   00201    0.3975   -5141.8439  0.3345 
   00202    0.4094   -5175.4123  0.3401 
   00203    0.3956   -5166.5651  0.3464 
   00204    0.3994   -5190.8980  0.3565 
   00205    0.4231   -5227.6844  0.3485 
   00206    0.4081   -5247.8274  0.3477 
   00207    0.3956   -5259.2562  0.3462 
   00208    0.4050   -5263.3012  0.3433 
   00209    0.3975   -5225.5325  0.3449 
   00210    0.4056   -5232.1159  0.3496 
   00211    0.4231   -5179.7190  0.3495 
   00212    0.3956   -5173.8231  0.3540 
   00213    0.4069   -5152.8433  0.3536 
   00214    0.3875   -5137.5969  0.3619 
   00215    0.4050   -5146.1859  0.3617 
   00216    0.4012   -5148.4811  0.3621 
   00217    0.4019   -5127.2635  0.3517 
   00218    0.3925   -5182.4322  0.3532 
   00219    0.3850   -5169.5700  0.3534 
   00220    0.4188   -5178.8089  0.3467 
   00221    0.4244   -5180.4592  0.3528 
   00222    0.4081   -5212.4522  0.3515 
   00223    0.4050   -5265.8176  0.3594 
   00224    0.4163   -5223.1373  0.3613 
   00225    0.4131   -5229.2952  0.3650 
   00226    0.3994   -5195.7539  0.3624 
   00227    0.4075   -5160.4144  0.3661 
   00228    0.3875   -5224.0443  0.3664 
   00229    0.4031   -5188.5878  0.3714 
   00230    0.3887   -5164.6169  0.3674 
   00231    0.4244   -5149.0830  0.3769 
   00232    0.3994   -5165.7895  0.3797 
   00233    0.4313   -5209.9602  0.3884 
   00234    0.4175   -5222.2423  0.3802 
   00235    0.4125   -5177.7922  0.3794 
   00236    0.4125   -5171.3191  0.3795 
   00237    0.4075   -5149.5760  0.3875 
   00238    0.3994   -5163.1773  0.3916 
   00239    0.3862   -5130.3816  0.3937 
   00240    0.4069   -5148.9880  0.3886 
   00241    0.4100   -5165.8691  0.3834 
   00242    0.3925   -5167.6803  0.3875 
   00243    0.4031   -5139.8056  0.3883 
   00244    0.4331   -5184.6478  0.3864 
   00245    0.4100   -5188.3890  0.3813 
   00246    0.4225   -5171.0005  0.3773 
   00247    0.4037   -5178.2660  0.3780 
   00248    0.4225   -5190.7874  0.3814 
   00249    0.3894   -5177.3934  0.3783 
   00250    0.4150   -5155.1912  0.3754 
   00251    0.4006   -5127.7282  0.3810 
   00252    0.4363   -5184.2209  0.3754 
   00253    0.4037   -5187.8483  0.3723 
   00254    0.3994   -5188.1375  0.3746 
   00255    0.4081   -5184.3794  0.3845 
   00256    0.3987   -5192.2408  0.3845 
   00257    0.4381   -5154.1576  0.3910 
   00258    0.4019   -5160.0922  0.3886 
   00259    0.4269   -5143.9525  0.3821 
   00260    0.3944   -5145.4008  0.3873 
   00261    0.4225   -5156.3561  0.3861 
   00262    0.4281   -5207.2145  0.3861 
   00263    0.4275   -5182.2441  0.3946 
   00264    0.3962   -5168.5585  0.3945 
   00265    0.4050   -5181.6663  0.3961 
   00266    0.3875   -5183.1064  0.4004 
   00267    0.3969   -5223.6891  0.4087 
   00268    0.4319   -5161.2620  0.4096 
   00269    0.4175   -5169.3594  0.4192 
   00270    0.4163   -5172.7585  0.4127 
   00271    0.3937   -5155.9620  0.4085 
   00272    0.3962   -5126.0159  0.4141 
   00273    0.3850   -5134.6268  0.4132 
   00274    0.4331   -5130.5035  0.4266 
   00275    0.4200   -5122.9674  0.4328 
   00276    0.4081   -5148.7003  0.4393 
   00277    0.4119   -5149.3988  0.4376 
   00278    0.4075   -5145.3151  0.4415 
   00279    0.4113   -5165.7832  0.4456 
   00280    0.3900   -5157.4119  0.4420 
   00281    0.4069   -5182.2354  0.4431 
   00282    0.3925   -5190.8326  0.4436 
   00283    0.4313   -5210.5589  0.4394 
   00284    0.3831   -5209.9693  0.4365 
   00285    0.3844   -5228.7048  0.4313 
   00286    0.4031   -5218.1629  0.4241 
   00287    0.3825   -5246.6362  0.4272 
   00288    0.3975   -5239.1000  0.4237 
   00289    0.4050   -5200.0280  0.4302 
   00290    0.3900   -5246.9861  0.4368 
   00291    0.3706   -5218.2985  0.4388 
   00292    0.4056   -5189.4433  0.4450 
   00293    0.4306   -5190.0635  0.4485 
   00294    0.4156   -5192.5249  0.4523 
   00295    0.4244   -5199.9163  0.4526 
   00296    0.3981   -5167.9201  0.4533 
   00297    0.4188   -5173.9519  0.4445 
   00298    0.3912   -5178.6851  0.4402 
   00299    0.4350   -5182.4663  0.4455 
   00300    0.3931   -5130.4691  0.4435 
   00301    0.4050   -5130.5448  0.4459 
   00302    0.4088   -5104.6757  0.4432 
   00303    0.4138   -5116.3059  0.4315 
   00304    0.4125   -5101.4923  0.4341 
   00305    0.4062   -5078.1627  0.4335 
   00306    0.4288   -5119.5901  0.4299 
   00307    0.4056   -5158.0994  0.4313 
   00308    0.4175   -5180.4838  0.4369 
   00309    0.4031   -5171.5904  0.4438 
   00310    0.4163   -5169.9549  0.4375 
   00311    0.4238   -5120.3494  0.4388 
   00312    0.3881   -5127.4575  0.4411 
   00313    0.4325   -5120.7825  0.4427 
   00314    0.4019   -5117.9932  0.4404 
   00315    0.3925   -5152.1744  0.4445 
   00316    0.4219   -5182.0391  0.4456 
   00317    0.4081   -5171.6401  0.4419 
   00318    0.4100   -5109.9457  0.4375 
   00319    0.3994   -5117.7374  0.4426 
   00320    0.4294   -5179.9594  0.4496 
   00321    0.4156   -5184.4093  0.4470 
   00322    0.4156   -5134.5410  0.4434 
   00323    0.4450   -5172.0189  0.4408 
   00324    0.3919   -5177.1430  0.4360 
   00325    0.3919   -5112.8024  0.4299 
   00326    0.4138   -5121.6212  0.4255 
   00327    0.3969   -5125.2447  0.4235 
   00328    0.3944   -5137.3097  0.4211 
   00329    0.4056   -5169.3517  0.4201 
   00330    0.3962   -5197.4856  0.4292 
   00331    0.3950   -5223.4226  0.4205 
   00332    0.3831   -5226.0632  0.4290 
   00333    0.4288   -5220.1187  0.4221 
   00334    0.3969   -5225.3558  0.4256 
   00335    0.3819   -5200.4162  0.4322 
   00336    0.4275   -5182.8981  0.4342 
   00337    0.4150   -5128.5405  0.4316 
   00338    0.4056   -5130.7019  0.4330 
   00339    0.4131   -5141.3760  0.4369 
   00340    0.4163   -5174.1329  0.4317 
   00341    0.4025   -5143.0866  0.4155 
   00342    0.4044   -5119.0732  0.4043 
   00343    0.4231   -5120.8269  0.4032 
   00344    0.3912   -5157.7695  0.4031 
   00345    0.4044   -5159.1626  0.3987 
   00346    0.4019   -5199.0357  0.3984 
   00347    0.4031   -5145.3694  0.3980 
   00348    0.4012   -5142.1019  0.4019 
   00349    0.3994   -5178.1933  0.3953 
   00350    0.3812   -5181.8365  0.3918 
   00351    0.3994   -5185.0898  0.4000 
   00352    0.4219   -5183.5541  0.3982 
   00353    0.4188   -5163.3085  0.3982 
   00354    0.4213   -5091.9525  0.3917 
   00355    0.4163   -5103.3061  0.3865 
   00356    0.4106   -5121.4374  0.3819 
   00357    0.4113   -5105.8710  0.3773 
   00358    0.4238   -5096.7125  0.3720 
   00359    0.4075   -5139.7664  0.3769 
   00360    0.3962   -5118.7086  0.3744 
   00361    0.4169   -5115.7450  0.3855 
   00362    0.4144   -5119.4451  0.3822 
   00363    0.4100   -5140.8990  0.3869 
   00364    0.3862   -5152.7435  0.3935 
   00365    0.4119   -5163.7017  0.4025 
   00366    0.4269   -5157.5404  0.4039 
   00367    0.3944   -5178.3202  0.4016 
   00368    0.4138   -5224.1386  0.4023 
   00369    0.3987   -5168.4477  0.4099 
   00370    0.4294   -5180.2721  0.4095 
   00371    0.4119   -5214.0159  0.4090 
   00372    0.4150   -5237.6140  0.4074 
   00373    0.3819   -5216.5917  0.4068 
   00374    0.4150   -5217.2777  0.4045 
   00375    0.4050   -5220.9301  0.4106 
   00376    0.4200   -5208.0663  0.4049 
   00377    0.4175   -5206.3476  0.3994 
   00378    0.4012   -5224.5503  0.4033 
   00379    0.3881   -5180.6934  0.3994 
   00380    0.4188   -5171.7041  0.3994 
   00381    0.4062   -5175.3775  0.3959 
   00382    0.4231   -5193.5539  0.3960 
   00383    0.4019   -5184.5635  0.3894 
   00384    0.3919   -5209.4163  0.3866 
   00385    0.3881   -5194.4088  0.3819 
   00386    0.4075   -5214.8959  0.3850 
   00387    0.3956   -5212.5555  0.3844 
   00388    0.4206   -5187.0163  0.3827 
   00389    0.4000   -5192.3837  0.3859 
   00390    0.3919   -5176.5834  0.3892 
   00391    0.4131   -5156.4324  0.3887 
   00392    0.3956   -5136.0540  0.3910 
   00393    0.4225   -5139.0639  0.3962 
   00394    0.4188   -5133.4520  0.4003 
   00395    0.4181   -5126.6656  0.3986 
   00396    0.4150   -5139.9284  0.3953 
   00397    0.4044   -5148.4885  0.3923 
   00398    0.4138   -5121.5702  0.3909 
   00399    0.3975   -5125.9529  0.3874 
   00400    0.3969   -5132.9021  0.3911 
   00401    0.4106   -5142.3816  0.3847 
   00402    0.4231   -5159.9287  0.3740 
   00403    0.4125   -5138.9444  0.3800 
   00404    0.4238   -5116.7453  0.3849 
   00405    0.4131   -5130.3979  0.3834 
   00406    0.4206   -5153.1358  0.3846 
   00407    0.4069   -5204.9358  0.3894 
   00408    0.4094   -5218.2284  0.3866 
   00409    0.4075   -5243.8026  0.3835 
   00410    0.3806   -5226.9015  0.3767 
   00411    0.3937   -5206.2058  0.3698 
   00412    0.3875   -5218.6760  0.3781 
   00413    0.3869   -5187.2181  0.3694 
   00414    0.4050   -5162.4616  0.3757 
   00415    0.4156   -5167.7944  0.3793 
   00416    0.4106   -5144.5304  0.3748 
   00417    0.4181   -5167.8279  0.3898 
   00418    0.4019   -5124.5262  0.3818 
   00419    0.3944   -5158.0189  0.3868 
   00420    0.4019   -5179.5292  0.3949 
   00421    0.4075   -5221.4298  0.3937 
   00422    0.4125   -5200.2866  0.3932 
   00423    0.3856   -5193.4494  0.3952 
   00424    0.4069   -5165.3044  0.3934 
   00425    0.4113   -5159.8543  0.4009 
   00426    0.4100   -5131.6015  0.4051 
   00427    0.3850   -5186.4337  0.4065 
   00428    0.4188   -5191.6028  0.4066 
   00429    0.4181   -5192.1669  0.4130 
   00430    0.3844   -5201.7971  0.4148 
   00431    0.3931   -5202.2146  0.4137 
   00432    0.3675   -5172.9579  0.4165 
   00433    0.4050   -5192.4070  0.4189 
   00434    0.3975   -5196.2117  0.4228 
   00435    0.4069   -5208.6082  0.4289 
   00436    0.4131   -5187.4793  0.4282 
   00437    0.4025   -5207.8747  0.4321 
   00438    0.3969   -5199.4836  0.4380 
   00439    0.4037   -5181.8335  0.4477 
   00440    0.3981   -5183.1439  0.4431 
   00441    0.3956   -5134.4683  0.4455 
   00442    0.3769   -5209.0561  0.4522 
   00443    0.3781   -5221.6767  0.4465 
   00444    0.4231   -5235.1749  0.4418 
   00445    0.4281   -5190.4672  0.4355 
   00446    0.4369   -5163.8801  0.4310 
   00447    0.4037   -5181.4114  0.4358 
   00448    0.4219   -5174.2665  0.4347 
   00449    0.4088   -5237.7122  0.4386 
   00450    0.4069   -5189.9927  0.4350 
   00451    0.4044   -5185.2047  0.4393 
   00452    0.4025   -5213.5426  0.4441 
   00453    0.4125   -5202.5124  0.4330 
   00454    0.3969   -5178.7596  0.4278 
   00455    0.3856   -5141.7747  0.4306 
   00456    0.4094   -5133.7870  0.4392 
   00457    0.4088   -5185.8310  0.4402 
   00458    0.3975   -5202.3880  0.4455 
   00459    0.4031   -5196.2265  0.4503 
   00460    0.3994   -5173.1396  0.4640 
   00461    0.4113   -5185.0846  0.4634 
   00462    0.4156   -5158.2686  0.4619 
   00463    0.4081   -5153.1515  0.4592 
   00464    0.4037   -5224.6610  0.4603 
   00465    0.4012   -5201.7513  0.4624 
   00466    0.4281   -5198.1167  0.4632 
   00467    0.3944   -5211.1375  0.4562 
   00468    0.4169   -5215.8003  0.4622 
   00469    0.4037   -5256.5126  0.4596 
   00470    0.4019   -5271.9532  0.4665 
   00471    0.4056   -5246.8561  0.4614 
   00472    0.4100   -5232.3930  0.4606 
   00473    0.3994   -5213.0756  0.4591 
   00474    0.3837   -5223.4718  0.4557 
   00475    0.4325   -5198.5489  0.4600 
   00476    0.4075   -5268.3598  0.4571 
   00477    0.4225   -5240.4964  0.4610 
   00478    0.3869   -5260.3669  0.4529 
   00479    0.3725   -5316.7286  0.4514 
   00480    0.4025   -5296.9744  0.4445 
   00481    0.3919   -5262.4035  0.4406 
   00482    0.4012   -5240.0168  0.4378 
   00483    0.3950   -5198.5306  0.4439 
   00484    0.3969   -5215.6696  0.4454 
   00485    0.3937   -5216.5912  0.4435 
   00486    0.4050   -5187.5919  0.4505 
   00487    0.3981   -5154.4795  0.4510 
   00488    0.4094   -5158.0544  0.4512 
   00489    0.4175   -5146.4608  0.4525 
   00490    0.3994   -5145.2578  0.4598 
   00491    0.4094   -5147.4828  0.4560 
   00492    0.4113   -5177.6813  0.4524 
   00493    0.4113   -5172.9058  0.4505 
   00494    0.3912   -5200.9296  0.4503 
   00495    0.4156   -5172.3250  0.4536 
   00496    0.4213   -5194.8810  0.4554 
   00497    0.3900   -5222.6077  0.4492 
   00498    0.4169   -5199.1634  0.4492 
   00499    0.3931   -5192.7452  0.4401 
   00500    0.3969   -5233.9475  0.4443 
   00501    0.3962   -5197.3516  0.4479 
   00502    0.4106   -5220.7980  0.4479 
   00503    0.3956   -5213.2633  0.4423 
   00504    0.4012   -5184.3409  0.4356 
   00505    0.4106   -5149.5574  0.4301 
   00506    0.3931   -5189.7124  0.4314 
   00507    0.3856   -5227.2250  0.4221 
   00508    0.3775   -5211.2229  0.4167 
   00509    0.4006   -5177.0757  0.4088 
   00510    0.3956   -5194.5481  0.4093 
   00511    0.3919   -5191.9248  0.4153 
   00512    0.4150   -5171.2424  0.4146 
   00513    0.3881   -5216.7113  0.4194 
   00514    0.4219   -5201.4422  0.4235 
   00515    0.3931   -5186.7206  0.4205 
   00516    0.3919   -5181.9171  0.4282 
   00517    0.4094   -5145.3335  0.4341 
   00518    0.4037   -5114.6156  0.4338 
   00519    0.4025   -5113.2214  0.4324 
   00520    0.3981   -5127.8160  0.4314 
   00521    0.4144   -5176.1023  0.4381 
   00522    0.4019   -5183.6930  0.4350 
   00523    0.3906   -5191.3944  0.4462 
   00524    0.4169   -5196.0987  0.4442 
   00525    0.4006   -5181.0858  0.4388 
   00526    0.3825   -5207.1531  0.4441 
   00527    0.4025   -5252.8922  0.4574 
   00528    0.3875   -5227.6164  0.4536 
   00529    0.4081   -5243.6580  0.4512 
   00530    0.3887   -5216.1707  0.4540 
   00531    0.4200   -5183.3008  0.4563 
   00532    0.4081   -5183.2524  0.4576 
   00533    0.4075   -5144.5982  0.4599 
   00534    0.3812   -5168.5020  0.4596 
   00535    0.3944   -5178.1936  0.4545 
   00536    0.3944   -5167.1671  0.4587 
   00537    0.4012   -5107.9910  0.4661 
   00538    0.4081   -5109.8858  0.4567 
   00539    0.4188   -5071.9778  0.4554 
   00540    0.4288   -5118.2555  0.4539 
   00541    0.4275   -5117.3124  0.4594 
   00542    0.4012   -5142.8569  0.4503 
   00543    0.3906   -5169.5508  0.4529 
   00544    0.4487   -5179.9569  0.4528 
   00545    0.4044   -5176.2915  0.4554 
   00546    0.4194   -5209.4192  0.4705 
   00547    0.4100   -5219.7929  0.4684 
   00548    0.3987   -5212.4353  0.4787 
   00549    0.4037   -5189.8484  0.4721 
   00550    0.3906   -5198.1598  0.4688 
   00551    0.4100   -5214.2570  0.4767 
   00552    0.4069   -5188.0696  0.4808 
   00553    0.4062   -5169.0685  0.4882 
   00554    0.3900   -5174.0928  0.4947 
   00555    0.3975   -5181.1251  0.4892 
   00556    0.4075   -5198.0447  0.4891 
   00557    0.4062   -5173.9074  0.4959 
   00558    0.4031   -5175.3625  0.4996 
   00559    0.3837   -5178.6999  0.4933 
   00560    0.4194   -5182.9172  0.4984 
   00561    0.4050   -5193.7972  0.5013 
   00562    0.4100   -5192.6431  0.4957 
   00563    0.3844   -5244.9994  0.4791 
   00564    0.3987   -5183.7165  0.4769 
   00565    0.4062   -5146.5098  0.4769 
   00566    0.4106   -5176.6803  0.4858 
   00567    0.3975   -5162.8038  0.4766 
   00568    0.3919   -5201.9227  0.4757 
   00569    0.4194   -5212.3325  0.4766 
   00570    0.3906   -5217.9076  0.4812 
   00571    0.4119   -5241.0946  0.4886 
   00572    0.4156   -5285.1354  0.4955 
   00573    0.3875   -5282.4529  0.4935 
   00574    0.4194   -5259.5763  0.5093 
   00575    0.3987   -5245.5092  0.5015 
   00576    0.4075   -5255.1227  0.5115 
   00577    0.4012   -5248.9021  0.5048 
   00578    0.3781   -5234.1103  0.5042 
   00579    0.4138   -5245.2254  0.5024 
   00580    0.3831   -5243.8932  0.5053 
   00581    0.3981   -5221.1756  0.5055 
   00582    0.4069   -5213.5227  0.5012 
   00583    0.3750   -5156.4938  0.5016 
   00584    0.3862   -5186.9119  0.5046 
   00585    0.4150   -5202.4790  0.5091 
   00586    0.4031   -5224.6216  0.5085 
   00587    0.3875   -5191.5510  0.5031 
   00588    0.3994   -5231.0411  0.5019 
   00589    0.3887   -5204.6283  0.5073 
   00590    0.4150   -5180.6405  0.5145 
   00591    0.3881   -5144.1100  0.5145 
   00592    0.4081   -5160.0134  0.5055 
   00593    0.4188   -5133.7290  0.5041 
   00594    0.4119   -5159.5462  0.5037 
   00595    0.3881   -5189.8563  0.5111 
   00596    0.4094   -5199.5462  0.5060 
   00597    0.3850   -5229.7646  0.5049 
   00598    0.3894   -5180.0632  0.5100 
   00599    0.4100   -5190.9806  0.5055 
   00600    0.3937   -5187.9652  0.5142 
   00601    0.4006   -5181.4699  0.5127 
   00602    0.4075   -5141.5388  0.5127 
   00603    0.4150   -5135.1823  0.5193 
   00604    0.4225   -5151.6615  0.5167 
   00605    0.3962   -5122.5128  0.5104 
   00606    0.4356   -5141.8808  0.5023 
   00607    0.4031   -5115.7415  0.5139 
   00608    0.4062   -5125.2304  0.5132 
   00609    0.4088   -5172.7142  0.5193 
   00610    0.4288   -5147.4392  0.5087 
   00611    0.4006   -5151.6102  0.5045 
   00612    0.3944   -5141.4841  0.5052 
   00613    0.4075   -5147.5945  0.5054 
   00614    0.4181   -5147.4529  0.5149 
   00615    0.4006   -5164.8766  0.5123 
   00616    0.3887   -5193.5185  0.5156 
   00617    0.4113   -5175.0400  0.5114 
   00618    0.4006   -5181.7336  0.5080 
   00619    0.3869   -5224.7583  0.5103 
   00620    0.4194   -5173.4352  0.5082 
   00621    0.4263   -5154.4112  0.5070 
   00622    0.3738   -5143.2759  0.5121 
   00623    0.4169   -5135.4067  0.5224 
   00624    0.4175   -5131.0331  0.5219 
   00625    0.4119   -5147.7457  0.5174 
   00626    0.3912   -5129.4062  0.5235 
   00627    0.3987   -5148.5941  0.5311 
   00628    0.4125   -5164.6885  0.5454 
   00629    0.4025   -5207.2672  0.5430 
   00630    0.4188   -5186.4108  0.5537 
   00631    0.4050   -5195.5224  0.5524 
   00632    0.3937   -5222.9197  0.5614 
   00633    0.3994   -5238.4205  0.5603 
   00634    0.4200   -5217.7769  0.5543 
   00635    0.4037   -5187.8852  0.5542 
   00636    0.4163   -5109.1784  0.5509 
   00637    0.3931   -5109.5009  0.5578 
   00638    0.4156   -5166.9353  0.5510 
   00639    0.3900   -5126.3996  0.5522 
   00640    0.4181   -5156.8151  0.5537 
   00641    0.4075   -5186.3136  0.5509 
   00642    0.3800   -5201.6908  0.5462 
   00643    0.3981   -5146.5310  0.5331 
   00644    0.4019   -5149.7851  0.5339 
   00645    0.4050   -5179.4781  0.5289 
   00646    0.4131   -5163.2642  0.5334 
   00647    0.4044   -5209.0172  0.5371 
   00648    0.4075   -5206.6827  0.5310 
   00649    0.3937   -5178.1668  0.5326 
   00650    0.3975   -5175.7931  0.5272 
   00651    0.3950   -5134.6736  0.5390 
   00652    0.3962   -5195.1313  0.5470 
   00653    0.4131   -5204.4974  0.5567 
   00654    0.3937   -5270.9614  0.5665 
   00655    0.3894   -5266.5106  0.5675 
   00656    0.3969   -5241.6038  0.5640 
   00657    0.4163   -5256.4566  0.5526 
   00658    0.3987   -5249.4670  0.5633 
   00659    0.3800   -5254.1052  0.5701 
   00660    0.3975   -5224.5551  0.5655 
   00661    0.3875   -5223.9339  0.5642 
   00662    0.4313   -5194.2095  0.5734 
   00663    0.4000   -5201.0392  0.5820 
   00664    0.4000   -5226.9578  0.5765 
   00665    0.3881   -5231.9337  0.5768 
   00666    0.4069   -5231.3802  0.5686 
   00667    0.3969   -5241.5402  0.5700 
   00668    0.4163   -5236.0546  0.5751 
   00669    0.4106   -5221.5835  0.5718 
   00670    0.4156   -5209.2016  0.5768 
   00671    0.3931   -5224.0814  0.5654 
   00672    0.3962   -5243.5851  0.5681 
   00673    0.3975   -5258.1381  0.5648 
   00674    0.4181   -5253.2723  0.5604 
   00675    0.4131   -5272.6916  0.5697 
   00676    0.3881   -5232.5487  0.5685 
   00677    0.4206   -5177.8648  0.5592 
   00678    0.4144   -5218.7515  0.5575 
   00679    0.4044   -5193.2624  0.5545 
   00680    0.4037   -5184.9582  0.5552 
   00681    0.3937   -5177.6926  0.5581 
   00682    0.4044   -5229.2974  0.5692 
   00683    0.3981   -5240.5786  0.5742 
   00684    0.3875   -5256.1096  0.5786 
   00685    0.3869   -5209.6464  0.5799 
   00686    0.3987   -5186.1918  0.5766 
   00687    0.4100   -5167.0274  0.5747 
   00688    0.4138   -5192.1122  0.5662 
   00689    0.4012   -5185.6612  0.5813 
   00690    0.3894   -5188.6319  0.5853 
   00691    0.4012   -5191.3907  0.5874 
   00692    0.4131   -5212.8264  0.5876 
   00693    0.3850   -5242.7001  0.5891 
   00694    0.3950   -5197.7099  0.5846 
   00695    0.3950   -5217.4766  0.5864 
   00696    0.3956   -5224.8342  0.5830 
   00697    0.3975   -5215.0092  0.5846 
   00698    0.4156   -5197.9033  0.5847 
   00699    0.4106   -5164.6467  0.5793 
   00700    0.4300   -5170.9265  0.5819 
   00701    0.4131   -5192.4598  0.5780 
   00702    0.3844   -5247.4913  0.5791 
   00703    0.3956   -5288.3474  0.5883 
   00704    0.4012   -5281.3524  0.5947 
   00705    0.3738   -5277.7212  0.5897 
   00706    0.4000   -5293.8421  0.5883 
   00707    0.3831   -5279.7793  0.5861 
   00708    0.4094   -5275.0109  0.5934 
   00709    0.3875   -5241.1227  0.5990 
   00710    0.3925   -5285.2869  0.6043 
   00711    0.3762   -5268.3642  0.6051 
   00712    0.4263   -5298.2051  0.6067 
   00713    0.4050   -5317.3940  0.6019 
   00714    0.4031   -5347.0984  0.6114 
   00715    0.4069   -5330.3422  0.6099 
   00716    0.3756   -5295.4184  0.6046 
   00717    0.4113   -5297.0382  0.6060 
   00718    0.4056   -5257.2836  0.5963 
   00719    0.3937   -5255.1316  0.5935 
   00720    0.3956   -5258.5936  0.5992 
   00721    0.3987   -5299.1017  0.5920 
   00722    0.4088   -5331.7504  0.5927 
   00723    0.4019   -5332.4241  0.5935 
   00724    0.3975   -5276.5998  0.5926 
   00725    0.3981   -5263.1109  0.5952 
   00726    0.4119   -5285.8245  0.5935 
   00727    0.3769   -5286.9720  0.5960 
   00728    0.4088   -5262.5503  0.5976 
   00729    0.3931   -5264.1085  0.5961 
   00730    0.4200   -5278.6020  0.6049 
   00731    0.4125   -5255.5081  0.6075 
   00732    0.4163   -5286.0952  0.6130 
   00733    0.4194   -5275.3971  0.6128 
   00734    0.3812   -5237.0368  0.6072 
   00735    0.4025   -5250.3549  0.6062 
   00736    0.4113   -5240.4719  0.6096 
   00737    0.4069   -5222.2934  0.5932 
   00738    0.4062   -5183.7904  0.5765 
   00739    0.3894   -5215.5799  0.5972 
   00740    0.4131   -5192.6266  0.6041 
   00741    0.4012   -5223.0570  0.6035 
   00742    0.3919   -5203.6002  0.6031 
   00743    0.4113   -5220.0710  0.5936 
   00744    0.4125   -5215.3071  0.5978 
   00745    0.3950   -5210.4645  0.5985 
   00746    0.4150   -5188.8043  0.6045 
   00747    0.4150   -5193.6360  0.6011 
   00748    0.4206   -5220.3539  0.5931 
   00749    0.4175   -5192.3511  0.5887 
   00750    0.4000   -5163.2416  0.5945 
   00751    0.4125   -5162.4155  0.6042 
   00752    0.3981   -5187.3481  0.6100 
   00753    0.3862   -5193.3077  0.6146 
   00754    0.4006   -5181.8014  0.6091 
   00755    0.4113   -5167.0001  0.6050 
   00756    0.4131   -5173.5620  0.6084 
   00757    0.4106   -5233.4735  0.6104 
   00758    0.4156   -5236.8401  0.6130 
   00759    0.4075   -5163.5932  0.6091 
   00760    0.4019   -5122.9542  0.6016 
   00761    0.3975   -5121.1087  0.5974 
   00762    0.4244   -5146.6563  0.5995 
   00763    0.4000   -5170.9305  0.5981 
   00764    0.4050   -5142.0156  0.5945 
   00765    0.3887   -5183.5278  0.5985 
   00766    0.4156   -5183.7128  0.5965 
   00767    0.4144   -5183.4096  0.5987 
   00768    0.4094   -5155.4084  0.5908 
   00769    0.3950   -5135.2279  0.5901 
   00770    0.3837   -5204.9965  0.5949 
   00771    0.3856   -5234.4093  0.5990 
   00772    0.4094   -5152.8728  0.5907 
   00773    0.3862   -5189.7912  0.5989 
   00774    0.4075   -5133.9967  0.5912 
   00775    0.4006   -5130.3221  0.5992 
   00776    0.4106   -5195.8559  0.6015 
   00777    0.3944   -5157.1665  0.5934 
   00778    0.3969   -5186.7451  0.5981 
   00779    0.4244   -5192.9625  0.6028 
   00780    0.3937   -5216.5011  0.6044 
   00781    0.4269   -5242.2200  0.6045 
   00782    0.3875   -5201.0610  0.6083 
   00783    0.4094   -5207.9856  0.6064 
   00784    0.4050   -5209.7507  0.6082 
   00785    0.4025   -5196.6394  0.6063 
   00786    0.4081   -5218.2032  0.6093 
   00787    0.4181   -5201.4010  0.6085 
   00788    0.3931   -5244.4854  0.6098 
   00789    0.4119   -5231.0246  0.6091 
   00790    0.3931   -5200.0491  0.6083 
   00791    0.4069   -5214.1866  0.6101 
   00792    0.3869   -5221.5318  0.6074 
   00793    0.4062   -5256.2933  0.5999 
   00794    0.3962   -5296.0672  0.6104 
   00795    0.3950   -5281.1237  0.6122 
   00796    0.4025   -5267.2904  0.6124 
   00797    0.4163   -5259.2278  0.6191 
   00798    0.3825   -5187.0841  0.6099 
   00799    0.4044   -5229.5873  0.6104 
   00800    0.4281   -5197.5005  0.6084 
   00801    0.3925   -5229.0317  0.6109 
   00802    0.4256   -5253.4496  0.6122 
   00803    0.3937   -5239.3751  0.6140 
   00804    0.3881   -5219.8025  0.6127 
   00805    0.4081   -5207.7346  0.6100 
   00806    0.3862   -5204.9286  0.6084 
   00807    0.4019   -5210.3190  0.6172 
   00808    0.3975   -5210.5049  0.6209 
   00809    0.4056   -5203.2275  0.6218 
   00810    0.4244   -5186.1201  0.6201 
   00811    0.3787   -5198.9031  0.6166 
   00812    0.4012   -5156.7696  0.6209 
   00813    0.4044   -5199.8173  0.6253 
   00814    0.3900   -5198.9623  0.6232 
   00815    0.4163   -5203.0929  0.6205 
   00816    0.3819   -5238.0691  0.6203 
   00817    0.4006   -5267.1827  0.6279 
   00818    0.4000   -5250.7212  0.6214 
   00819    0.4031   -5227.0654  0.6264 
   00820    0.3962   -5196.7695  0.6277 
   00821    0.4238   -5167.6591  0.6251 
   00822    0.4244   -5162.3073  0.6180 
   00823    0.3975   -5148.6979  0.6119 
   00824    0.4012   -5177.6091  0.6257 
   00825    0.4075   -5215.3340  0.6265 
   00826    0.4037   -5280.1334  0.6319 
   00827    0.4044   -5298.7628  0.6358 
   00828    0.4175   -5268.5626  0.6361 
   00829    0.3981   -5289.2740  0.6319 
   00830    0.4088   -5251.4284  0.6322 
   00831    0.4156   -5253.4619  0.6322 
   00832    0.3956   -5259.3208  0.6361 
   00833    0.4156   -5291.4877  0.6363 
   00834    0.3956   -5312.8966  0.6344 
   00835    0.4125   -5270.2763  0.6390 
   00836    0.3931   -5231.7140  0.6395 
   00837    0.4175   -5237.5564  0.6422 
   00838    0.3906   -5274.4038  0.6410 
   00839    0.3894   -5260.2852  0.6368 
   00840    0.4062   -5270.2812  0.6429 
   00841    0.3981   -5240.7425  0.6359 
   00842    0.4206   -5248.4892  0.6346 
   00843    0.4150   -5230.5608  0.6310 
   00844    0.3825   -5250.5698  0.6332 
   00845    0.4206   -5232.6555  0.6371 
   00846    0.3937   -5187.0793  0.6366 
   00847    0.3944   -5190.0240  0.6410 
   00848    0.3969   -5218.7005  0.6438 
   00849    0.4231   -5212.6639  0.6470 
   00850    0.4244   -5236.7684  0.6460 
   00851    0.4094   -5227.4041  0.6410 
   00852    0.4088   -5275.6548  0.6469 
   00853    0.4025   -5314.1009  0.6529 
   00854    0.4044   -5277.8468  0.6475 
   00855    0.4138   -5278.2565  0.6467 
   00856    0.3987   -5307.1991  0.6546 
   00857    0.3819   -5276.5522  0.6580 
   00858    0.3912   -5260.5195  0.6581 
   00859    0.4119   -5241.0796  0.6529 
   00860    0.3644   -5292.6375  0.6663 
   00861    0.4025   -5267.1413  0.6616 
   00862    0.4300   -5264.4044  0.6704 
   00863    0.4113   -5258.2845  0.6701 
   00864    0.4094   -5252.5514  0.6671 
   00865    0.3987   -5250.3249  0.6593 
   00866    0.3987   -5229.7991  0.6561 
   00867    0.3894   -5245.4579  0.6572 
   00868    0.3969   -5225.6597  0.6591 
   00869    0.3956   -5258.6643  0.6668 
   00870    0.3819   -5248.2702  0.6647 
   00871    0.4088   -5254.8898  0.6624 
   00872    0.4069   -5234.1185  0.6560 
   00873    0.4213   -5251.3651  0.6602 
   00874    0.3862   -5270.3145  0.6617 
   00875    0.3956   -5263.3302  0.6679 
   00876    0.3944   -5261.1082  0.6743 
   00877    0.3931   -5241.4317  0.6707 
   00878    0.4069   -5244.6309  0.6602 
   00879    0.3994   -5239.1800  0.6635 
   00880    0.4088   -5213.1712  0.6587 
   00881    0.4062   -5276.8784  0.6634 
   00882    0.4056   -5243.1810  0.6666 
   00883    0.3675   -5247.9909  0.6768 
   00884    0.4213   -5256.6916  0.6782 
   00885    0.3887   -5276.2439  0.6850 
   00886    0.3981   -5235.4097  0.6809 
   00887    0.3969   -5237.7308  0.6875 
   00888    0.4113   -5245.3365  0.6803 
   00889    0.4125   -5232.5630  0.6886 
   00890    0.3881   -5226.4655  0.6826 
   00891    0.3844   -5250.0844  0.6802 
   00892    0.4075   -5261.2674  0.6768 
   00893    0.3925   -5313.4417  0.6843 
   00894    0.3969   -5330.8897  0.6806 
   00895    0.3638   -5321.7902  0.6841 
   00896    0.4012   -5279.5537  0.6808 
   00897    0.4050   -5240.4634  0.6793 
   00898    0.4075   -5202.1082  0.6747 
   00899    0.3844   -5226.1618  0.6776 
   00900    0.4113   -5226.1285  0.6754 
   00901    0.3906   -5225.4264  0.6749 
   00902    0.4075   -5178.1498  0.6686 
   00903    0.4000   -5181.6683  0.6620 
   00904    0.4094   -5187.5289  0.6538 
   00905    0.4113   -5191.6728  0.6534 
   00906    0.4006   -5207.0687  0.6546 
   00907    0.4150   -5253.5297  0.6517 
   00908    0.3831   -5275.2644  0.6601 
   00909    0.4169   -5255.0101  0.6611 
   00910    0.4012   -5244.0539  0.6652 
   00911    0.4044   -5235.2589  0.6700 
   00912    0.4050   -5202.9891  0.6711 
   00913    0.3856   -5214.0303  0.6723 
   00914    0.3981   -5208.0367  0.6786 
   00915    0.3881   -5231.9297  0.6647 
   00916    0.4125   -5234.4524  0.6634 
   00917    0.4069   -5216.5287  0.6585 
   00918    0.4031   -5228.2060  0.6619 
   00919    0.3912   -5217.6532  0.6559 
   00920    0.3931   -5229.3327  0.6616 
   00921    0.4181   -5201.5731  0.6683 
   00922    0.4050   -5192.1324  0.6670 
   00923    0.4031   -5240.4876  0.6759 
   00924    0.3887   -5251.1144  0.6690 
   00925    0.3937   -5229.5915  0.6767 
   00926    0.4244   -5230.1543  0.6727 
   00927    0.4025   -5253.2423  0.6699 
   00928    0.4150   -5219.6073  0.6623 
   00929    0.3969   -5242.3988  0.6671 
   00930    0.3744   -5226.7111  0.6678 
   00931    0.4019   -5173.3604  0.6611 
   00932    0.4000   -5167.1454  0.6602 
   00933    0.4081   -5199.8013  0.6582 
   00934    0.4231   -5212.7398  0.6603 
   00935    0.4075   -5176.2710  0.6553 
   00936    0.4000   -5170.4120  0.6511 
   00937    0.3900   -5168.6308  0.6480 
   00938    0.4181   -5193.4552  0.6491 
   00939    0.4125   -5188.4389  0.6437 
   00940    0.3956   -5185.8071  0.6401 
   00941    0.3831   -5231.0833  0.6470 
   00942    0.3981   -5156.4645  0.6401 
   00943    0.4075   -5190.1969  0.6384 
   00944    0.4075   -5193.8021  0.6417 
   00945    0.4081   -5207.3037  0.6451 
   00946    0.4281   -5192.6965  0.6473 
   00947    0.3819   -5204.6449  0.6408 
   00948    0.4106   -5227.9536  0.6355 
   00949    0.4019   -5180.0990  0.6330 
   00950    0.3869   -5195.4489  0.6363 
   00951    0.4294   -5199.1923  0.6314 
   00952    0.4200   -5182.4967  0.6318 
   00953    0.4081   -5189.4552  0.6323 
   00954    0.3950   -5171.4571  0.6284 
   00955    0.4325   -5184.8464  0.6320 
   00956    0.4012   -5229.7208  0.6329 
   00957    0.4094   -5237.2889  0.6324 
   00958    0.4088   -5268.9063  0.6270 
   00959    0.4088   -5273.5109  0.6341 
   00960    0.3956   -5232.4711  0.6340 
   00961    0.4019   -5255.7567  0.6338 
   00962    0.3981   -5278.6352  0.6373 
   00963    0.4075   -5285.7403  0.6362 
   00964    0.4125   -5291.4387  0.6390 
   00965    0.4131   -5260.3113  0.6302 
   00966    0.3919   -5242.6537  0.6243 
   00967    0.4150   -5217.0111  0.6285 
   00968    0.4238   -5237.2289  0.6241 
   00969    0.4006   -5222.4831  0.6308 
   00970    0.4138   -5221.3286  0.6288 
   00971    0.3875   -5202.2957  0.6299 
   00972    0.4175   -5222.8118  0.6383 
   00973    0.3887   -5224.0437  0.6429 
   00974    0.4044   -5218.3055  0.6404 
   00975    0.3925   -5213.1238  0.6372 
   00976    0.4294   -5199.6432  0.6241 
   00977    0.4025   -5155.1155  0.6273 
   00978    0.4019   -5207.2442  0.6294 
   00979    0.4119   -5154.2742  0.6271 
   00980    0.4131   -5168.0982  0.6240 
   00981    0.3962   -5156.5835  0.6224 
   00982    0.4181   -5174.8648  0.6226 
   00983    0.4031   -5186.8916  0.6234 
   00984    0.4150   -5212.8902  0.6197 
   00985    0.3887   -5207.6379  0.6155 
   00986    0.4044   -5226.9422  0.6192 
   00987    0.3956   -5228.5084  0.6197 
   00988    0.4056   -5211.5357  0.6222 
   00989    0.4131   -5178.1194  0.6147 
   00990    0.3837   -5169.8558  0.6069 
   00991    0.3937   -5162.5738  0.6097 
   00992    0.3887   -5182.8227  0.6124 
   00993    0.3962   -5169.9789  0.6100 
   00994    0.3981   -5206.8581  0.6115 
   00995    0.4144   -5227.2888  0.6006 
   00996    0.4138   -5174.8932  0.6012 
   00997    0.4025   -5217.3457  0.6024 
   00998    0.3912   -5229.0759  0.6048 
   00999    0.3987   -5217.0820  0.5984 
   01000    0.4069   -5206.6319  0.5945 
