#=====================================================
# File created:        Mon-06-Nov-2023-at-03-18-45PM
# Size of lattice:     60x60
# Number of MC steps:  1000
# Reduced temperature: 1.400
# Run time (s):        18.286839
#=====================================================
# MC step:  Ratio:     Energy:   Order:
#=====================================================
   00000    0.5000   -3512.6803  0.2690 
   00001    0.7467   -5034.2104  0.2692 
   00002    0.6767   -5769.0523  0.2717 
   00003    0.6517   -6127.6024  0.2647 
   00004    0.6481   -6393.9318  0.2621 
   00005    0.6336   -6513.7132  0.2714 
   00006    0.6317   -6590.1056  0.2779 
   00007    0.6194   -6762.3694  0.2765 
   00008    0.6114   -6936.2724  0.2746 
   00009    0.5981   -6773.2016  0.2670 
   00010    0.6214   -6742.1834  0.2577 
   00011    0.6219   -6905.4418  0.2579 
   00012    0.6142   -6840.1005  0.2694 
   00013    0.6156   -6844.3699  0.2774 
   00014    0.6114   -6747.1227  0.2656 
   00015    0.6222   -6838.6727  0.2629 
   00016    0.6111   -6865.5526  0.2646 
   00017    0.6064   -6921.8534  0.2616 
   00018    0.6247   -6844.0380  0.2691 
   00019    0.6122   -6807.7175  0.2637 
   00020    0.6219   -6909.4612  0.2668 
   00021    0.5953   -6974.8751  0.2690 
   00022    0.5992   -6829.4497  0.2664 
   00023    0.6033   -6750.9560  0.2716 
   00024    0.6225   -6705.1010  0.2731 
   00025    0.6086   -6621.6955  0.2768 
   00026    0.6189   -6730.1650  0.2849 
   00027    0.6189   -6832.2740  0.2824 
   00028    0.6267   -6775.5644  0.2797 
   00029    0.6256   -6781.7492  0.2803 
   00030    0.6094   -6851.0557  0.2720 
   00031    0.6211   -6727.9407  0.2799 
   00032    0.6153   -6668.6420  0.2742 
   00033    0.6333   -6766.7550  0.2674 
   00034    0.6281   -6773.4766  0.2555 
   00035    0.6083   -6833.2861  0.2552 
   00036    0.6214   -6761.2452  0.2556 
   00037    0.6083   -6793.2010  0.2520 
   00038    0.6094   -6863.9875  0.2644 
   00039    0.6175   -6734.8780  0.2798 
   00040    0.6078   -6740.3852  0.2756 
   00041    0.6044   -6748.5654  0.2661 
   00042    0.6331   -6724.0112  0.2711 
   00043    0.6244   -6725.2799  0.2794 
   00044    0.6222   -6836.2743  0.2756 
   00045    0.6133   -6822.7084  0.2788 
   00046    0.6036   -6633.2989  0.2781 
   00047    0.6125   -6666.5329  0.2922 
   00048    0.6200   -6713.7364  0.2983 
   00049    0.6211   -6804.7858  0.3022 
   00050    0.6256   -6796.1386  0.2937 
   00051    0.6006   -6837.0037  0.2986 
   00052    0.6206   -6891.6634  0.2844 
   00053    0.6072   -6794.4033  0.2843 
   00054    0.6144   -6837.6783  0.2806 
   00055    0.6086   -6849.8416  0.2875 
   00056    0.6164   -6894.4972  0.2836 
   00057    0.6003   -6908.5776  0.2888 
   00058    0.6028   -7023.1233  0.2948 
   00059    0.6039   -6952.7119  0.3042 
   00060    0.6053   -6977.8694  0.2989 
   00061    0.6100   -6844.7275  0.3163 
   00062    0.6108   -6806.0730  0.3056 
   00063    0.6294   -6826.6476  0.3007 
   00064    0.6006   -6950.3977  0.2935 
   00065    0.6028   -6954.9122  0.2684 
   00066    0.6142   -6869.2882  0.2766 
   00067    0.6178   -6906.0770  0.2640 
   00068    0.6144   -6880.1627  0.2724 
   00069    0.6275   -6964.7813  0.2848 
   00070    0.6217   -6854.9981  0.2832 
   00071    0.6203   -6925.2502  0.2817 
   00072    0.5978   -6834.2501  0.2679 
   00073    0.6142   -6849.5857  0.2537 
   00074    0.6114   -6821.1497  0.2647 
   00075    0.6050   -6940.0134  0.2638 
   00076    0.6133   -6900.3004  0.2575 
   00077    0.5878   -6798.1145  0.2577 
   00078    0.6167   -6756.1871  0.2753 
   00079    0.6147   -6909.8199  0.2675 
   00080    0.6044   -6938.4953  0.2666 
   00081    0.5989   -6882.2377  0.2616 
   00082    0.6072   -6896.5296  0.2756 
   00083    0.6089   -7005.6401  0.2764 
   00084    0.6164   -6873.7509  0.2774 
   00085    0.6178   -6823.4143  0.2808 
   00086    0.6192   -6855.3219  0.2951 
   00087    0.6053   -6746.9429  0.2866 
   00088    0.6283   -6855.6362  0.2921 
   00089    0.6036   -6880.8847  0.2857 
   00090    0.6181   -6847.2751  0.2798 
   00091    0.6083   -6993.7749  0.2754 
   00092    0.6175   -6880.1921  0.2667 
   00093    0.6150   -6709.5505  0.2726 
   00094    0.6133   -6745.6714  0.2592 
   00095    0.6081   -6830.4242  0.2569 
   00096    0.6139   -6805.8225  0.2547 
   00097    0.6261   -6893.4991  0.2714 
   00098    0.6028   -6901.8951  0.2626 
   00099    0.6161   -6951.3508  0.2648 
   00100    0.6078   -6772.6290  0.2676 
   00101    0.6217   -6758.0274  0.2725 
   00102    0.6097   -6797.2885  0.2729 
   00103    0.6092   -6837.2946  0.2613 
   00104    0.6167   -6682.8599  0.2576 
   00105    0.6278   -6710.2178  0.2627 
   00106    0.6350   -6663.4312  0.2654 
   00107    0.6211   -6680.9872  0.2834 
   00108    0.6153   -6736.4651  0.2730 
   00109    0.6078   -6934.5934  0.2915 
   00110    0.6081   -6760.3914  0.2914 
   00111    0.5958   -6830.7818  0.3163 
   00112    0.6214   -6877.9542  0.3137 
   00113    0.6103   -6788.0962  0.3052 
   00114    0.6119   -6818.9631  0.2968 
   00115    0.6208   -6715.8130  0.2864 
   00116    0.6378   -6728.7820  0.2751 
   00117    0.6253   -6944.4496  0.2864 
   00118    0.6167   -6919.4079  0.2776 
   00119    0.6153   -6885.1063  0.2955 
   00120    0.6039   -6937.3188  0.3034 
   00121    0.6169   -6882.7704  0.3146 
   00122    0.6058   -6963.9729  0.3063 
   00123    0.6072   -6873.5708  0.2856 
   00124    0.6172   -6673.1388  0.2821 
   00125    0.6172   -6851.8742  0.2784 
   00126    0.5969   -6774.8726  0.2771 
   00127    0.6147   -6722.9077  0.2697 
   00128    0.6328   -6605.8172  0.2695 
   00129    0.6225   -6682.0192  0.2573 
   00130    0.6336   -6657.4880  0.2642 
   00131    0.6350   -6638.5011  0.2544 
   00132    0.6236   -6707.1341  0.2593 
   00133    0.5989   -6754.1229  0.2626 
   00134    0.6150   -6874.3605  0.2696 
   00135    0.6222   -6953.7133  0.2618 
   00136    0.6031   -6944.0620  0.2629 
   00137    0.6061   -6923.6409  0.2812 
   00138    0.5939   -6824.2797  0.2752 
   00139    0.6047   -6806.6908  0.2757 
   00140    0.6306   -6586.1603  0.2802 
   00141    0.6242   -6605.0201  0.2868 
   00142    0.6081   -6667.6240  0.2898 
   00143    0.6194   -6855.6379  0.2997 
   00144    0.6250   -6856.3887  0.2947 
   00145    0.6158   -6881.2560  0.2901 
   00146    0.5942   -6818.3394  0.2830 
   00147    0.6144   -6922.3793  0.2755 
   00148    0.6103   -6936.7062  0.2758 
   00149    0.5981   -6888.6738  0.2913 
   00150    0.6164   -6846.3545  0.2865 
   00151    0.6100   -6814.8114  0.2904 
   00152    0.6175   -6939.2321  0.2887 
   00153    0.6022   -6951.7308  0.2773 
   00154    0.6111   -6894.8929  0.2717 
   00155    0.6006   -6845.5586  0.2679 
   00156    0.6044   -6838.1836  0.2593 
   00157    0.6081   -6779.6961  0.2597 
   00158    0.6072   -6836.6296  0.2804 
   00159    0.6119   -6730.0732  0.2916 
   00160    0.6250   -6923.4547  0.2835 
   00161    0.6033   -6883.0996  0.2826 
   00162    0.6197   -6915.0021  0.2771 
   00163    0.6214   -6910.2725  0.2896 
   00164    0.6175   -6755.1666  0.2870 
   00165    0.6147   -6894.7297  0.2837 
   00166    0.5939   -6944.7539  0.2898 
   00167    0.6100   -7003.8325  0.2882 
   00168    0.6214   -6857.5853  0.2862 
   00169    0.6142   -6919.0317  0.2850 
   00170    0.5950   -6840.6959  0.2741 
   00171    0.6125   -6956.3862  0.2775 
   00172    0.6108   -6943.2046  0.2708 
   00173    0.5989   -6917.6707  0.2748 
   00174    0.6044   -6909.0574  0.2724 
   00175    0.6025   -7010.4873  0.2808 
   00176    0.6161   -6885.5151  0.2859 
   00177    0.6181   -6799.8841  0.2655 
   00178    0.6272   -6927.7134  0.2723 
   00179    0.6247   -6844.8160  0.2722 
   00180    0.6047   -6711.9242  0.2699 
   00181    0.6267   -6769.1524  0.2799 
   00182    0.6117   -6688.8815  0.2652 
   00183    0.6114   -6797.7949  0.2795 
   00184    0.6231   -6801.8369  0.2836 
   00185    0.6186   -6758.8165  0.2765 
   00186    0.5986   -6873.3179  0.2612 
   00187    0.6122   -6862.3683  0.2743 
   00188    0.6225   -6759.0535  0.2581 
   00189    0.6269   -6724.3553  0.2592 
   00190    0.6111   -6836.0859  0.2534 
   00191    0.5939   -6989.1046  0.2511 
   00192    0.6056   -7045.1416  0.2782 
   00193    0.6069   -7046.4591  0.2764 
   00194    0.5872   -6959.3791  0.2727 
   00195    0.5997   -6914.5671  0.2689 
   00196    0.6125   -6866.1667  0.2757 
   00197    0.5967   -6939.1326  0.2767 
   00198    0.6172   -6885.4223  0.2679 
   00199    0.6136   -6844.2702  0.2732 
   00200    0.6153   -6889.9982  0.2700 
   00201    0.6269   -6844.8702  0.2634 
   00202    0.6297   -6710.5864  0.2596 
   00203    0.6161   -6744.1932  0.2640 
   00204    0.6214   -6781.6180  0.2586 
   00205    0.6164   -6848.7031  0.2591 
   00206    0.6197   -6788.4152  0.2542 
   00207    0.6186   -6844.6981  0.2689 
   00208    0.6161   -6854.2310  0.2657 
   00209    0.6264   -6905.7371  0.2517 
   00210    0.6150   -6752.7831  0.2620 
   00211    0.6281   -6623.0695  0.2700 
   00212    0.6131   -6742.4060  0.2639 
   00213    0.6256   -6807.3023  0.2572 
   00214    0.6108   -6809.2257  0.2607 
   00215    0.6131   -6962.0700  0.2614 
   00216    0.6136   -6886.5208  0.2734 
   00217    0.5933   -6951.6538  0.2768 
   00218    0.5978   -6942.8803  0.2721 
   00219    0.6097   -6829.6524  0.2655 
   00220    0.6139   -6858.9120  0.2652 
   00221    0.6036   -6926.9193  0.2569 
   00222    0.5975   -6895.2081  0.2640 
   00223    0.6056   -6893.6881  0.2592 
   00224    0.5983   -6841.0858  0.2711 
   00225    0.6039   -6786.8778  0.2723 
   00226    0.6208   -6829.0894  0.2546 
   00227    0.6067   -6713.6900  0.2659 
   00228    0.6175   -6715.8574  0.2666 
   00229    0.6275   -6761.0048  0.2741 
   00230    0.6153   -6882.6138  0.2851 
   00231    0.6119   -6866.3439  0.2838 
   00232    0.6108   -6875.9400  0.2759 
   00233    0.6147   -6704.9752  0.2699 
   00234    0.6206   -6795.2303  0.2688 
   00235    0.6142   -6901.1173  0.2605 
   00236    0.6036   -6846.4805  0.2627 
   00237    0.6125   -6868.5244  0.2627 
   00238    0.6086   -6752.8781  0.2627 
   00239    0.6183   -6793.5288  0.2756 
   00240    0.6111   -6696.6919  0.2717 
   00241    0.6217   -6727.7530  0.2691 
   00242    0.6217   -6740.0559  0.2715 
   00243    0.6108   -6858.8111  0.2704 
   00244    0.6094   -6711.0876  0.2632 
   00245    0.6186   -6686.1636  0.2599 
   00246    0.6242   -6664.3762  0.2637 
   00247    0.6222   -6726.4902  0.2597 
   00248    0.6117   -6708.0351  0.2624 
   00249    0.6194   -6953.7413  0.2743 
   00250    0.6069   -6939.6056  0.2698 
   00251    0.6086   -6809.0503  0.2669 
   00252    0.6278   -6736.3555  0.2576 
   00253    0.6261   -6722.0303  0.2601 
   00254    0.6200   -6897.7922  0.2607 
   00255    0.6161   -6832.1264  0.2629 
   00256    0.6164   -6775.4593  0.2682 
   00257    0.6161   -6889.9072  0.2574 
   00258    0.6053   -6833.5574  0.2630 
   00259    0.6233   -6788.8973  0.2729 
   00260    0.6164   -6707.3166  0.2666 
   00261    0.5964   -6908.1003  0.2660 
   00262    0.6111   -6873.4288  0.2554 
   00263    0.6058   -6885.1183  0.2722 
   00264    0.6183   -6933.8559  0.2749 
   00265    0.6244   -6853.5754  0.2743 
   00266    0.6208   -6825.3863  0.2777 
   00267    0.6303   -6680.5984  0.2809 
   00268    0.6103   -6751.4795  0.2793 
   00269    0.6217   -6838.6011  0.2722 
   00270    0.6031   -6793.2451  0.2583 
   00271    0.6203   -6812.9074  0.2627 
   00272    0.6233   -6720.2105  0.2575 
   00273    0.6219   -6834.2032  0.2650 
   00274    0.6153   -6922.0290  0.2800 
   00275    0.6089   -6909.4647  0.2805 
   00276    0.6239   -6785.7109  0.2743 
   00277    0.6186   -6774.8037  0.2685 
   00278    0.6283   -6788.9914  0.2588 
   00279    0.6192   -6687.0032  0.2576 
   00280    0.6167   -6784.4639  0.2672 
   00281    0.6217   -6712.9377  0.2609 
   00282    0.6142   -6693.4688  0.2654 
   00283    0.6172   -6636.6275  0.2692 
   00284    0.6139   -6663.5027  0.2876 
   00285    0.6292   -6584.7444  0.2883 
   00286    0.6225   -6668.6760  0.2720 
   00287    0.6250   -6789.0453  0.2718 
   00288    0.6272   -6783.0779  0.2830 
   00289    0.6072   -6813.3604  0.2834 
   00290    0.6286   -6801.3254  0.2832 
   00291    0.6003   -6745.5001  0.2714 
   00292    0.6361   -6706.6085  0.2718 
   00293    0.6197   -6832.7195  0.2679 
   00294    0.6025   -6829.6042  0.2651 
   00295    0.6083   -6514.7595  0.2761 
   00296    0.6267   -6545.4477  0.2798 
   00297    0.6272   -6584.6801  0.2747 
   00298    0.6250   -6721.8768  0.2734 
   00299    0.6086   -6705.9125  0.2806 
   00300    0.6125   -6784.0205  0.2782 
   00301    0.6253   -6678.6307  0.2839 
   00302    0.6297   -6758.1526  0.2968 
   00303    0.6236   -6809.8209  0.3088 
   00304    0.6064   -6763.2057  0.3110 
   00305    0.6231   -6780.8856  0.3085 
   00306    0.6100   -6873.4396  0.3072 
   00307    0.6192   -6837.1708  0.2961 
   00308    0.6269   -6851.3974  0.2890 
   00309    0.6208   -6836.4021  0.3040 
   00310    0.6222   -6740.9460  0.2927 
   00311    0.6097   -6745.8845  0.2773 
   00312    0.6086   -6853.9925  0.2733 
   00313    0.6131   -6916.1862  0.2731 
   00314    0.6133   -6781.5405  0.2776 
   00315    0.6103   -6769.5114  0.2735 
   00316    0.6161   -6881.1374  0.2668 
   00317    0.6039   -6875.3290  0.2665 
   00318    0.6092   -6922.8641  0.2685 
   00319    0.6072   -6947.2228  0.2665 
   00320    0.6058   -6975.8481  0.2613 
   00321    0.6133   -6970.4586  0.2721 
   00322    0.6147   -6840.6375  0.2779 
   00323    0.6164   -6915.2455  0.2731 
   00324    0.6097   -6968.0525  0.2772 
   00325    0.6075   -6826.2471  0.2830 
   00326    0.6156   -6869.6419  0.2727 
   00327    0.6047   -6861.8124  0.2768 
   00328    0.6131   -6897.2477  0.2734 
   00329    0.6117   -6767.5737  0.2754 
   00330    0.6181   -6776.6415  0.2726 
   00331    0.6083   -6773.2106  0.2717 
   00332    0.6164   -6921.1546  0.2781 
   00333    0.6047   -7011.8731  0.2736 
   00334    0.6089   -6959.1439  0.2625 
   00335    0.5900   -6929.1692  0.2651 
   00336    0.6031   -6954.1820  0.2719 
   00337    0.6181   -6994.6380  0.2731 
   00338    0.6111   -6927.0023  0.2761 
   00339    0.6006   -6940.7741  0.2789 
   00340    0.6144   -6941.5030  0.2856 
   00341    0.6056   -7008.5598  0.2955 
   00342    0.6083   -6984.0202  0.2985 
   00343    0.6153   -6792.4363  0.2973 
   00344    0.6156   -6932.2751  0.2966 
   00345    0.6053   -6767.6106  0.2911 
   00346    0.6236   -6826.8554  0.2798 
   00347    0.6169   -6828.6873  0.2862 
   00348    0.6186   -6804.4370  0.2732 
   00349    0.6164   -6700.6700  0.2606 
   00350    0.6208   -6745.0770  0.2550 
   00351    0.6136   -6798.7731  0.2606 
   00352    0.6144   -6754.4634  0.2632 
   00353    0.6192   -6748.3372  0.2614 
   00354    0.6122   -6867.2208  0.2670 
   00355    0.5983   -6683.7599  0.2733 
   00356    0.6169   -6645.2629  0.2823 
   00357    0.6217   -6695.2203  0.2897 
   00358    0.6081   -6817.0473  0.2767 
   00359    0.5992   -6714.7475  0.2738 
   00360    0.6108   -6767.6994  0.2818 
   00361    0.6231   -6688.2117  0.2666 
   00362    0.6197   -6607.2034  0.2771 
   00363    0.6139   -6696.9086  0.2842 
   00364    0.6192   -6691.2319  0.2868 
   00365    0.6100   -6804.7963  0.2855 
   00366    0.6228   -6716.6782  0.2775 
   00367    0.6208   -6766.9421  0.2694 
   00368    0.6281   -6727.9735  0.2607 
   00369    0.6250   -6761.6853  0.2688 
   00370    0.6228   -6700.4438  0.2714 
   00371    0.6033   -6854.2988  0.2659 
   00372    0.6136   -6808.7297  0.2691 
   00373    0.5997   -6889.3482  0.2824 
   00374    0.6008   -6814.5334  0.2649 
   00375    0.6108   -6840.8974  0.2701 
   00376    0.6281   -6600.5201  0.2611 
   00377    0.6167   -6784.4964  0.2583 
   00378    0.6228   -6879.1292  0.2618 
   00379    0.6217   -6841.3172  0.2626 
   00380    0.6278   -6690.0313  0.2589 
   00381    0.6139   -6810.6877  0.2573 
   00382    0.6158   -6943.5331  0.2635 
   00383    0.6108   -7028.9859  0.2577 
   00384    0.6089   -7008.6570  0.2574 
   00385    0.6197   -6942.1897  0.2678 
   00386    0.6181   -6826.8274  0.2771 
   00387    0.6178   -6928.3592  0.2722 
   00388    0.6044   -6732.7852  0.2640 
   00389    0.6258   -6774.3941  0.2517 
   00390    0.6269   -6692.7931  0.2522 
   00391    0.6172   -6771.9621  0.2526 
   00392    0.6097   -6618.5457  0.2555 
   00393    0.6131   -6632.9400  0.2587 
   00394    0.6094   -6671.2754  0.2687 
   00395    0.6119   -6729.0225  0.2689 
   00396    0.6261   -6651.3924  0.2731 
   00397    0.6200   -6630.7315  0.2805 
   00398    0.6056   -6646.0738  0.2881 
   00399    0.6156   -6763.1917  0.2986 
   00400    0.6167   -6895.9160  0.2992 
   00401    0.6014   -6942.1645  0.3000 
   00402    0.5997   -6895.4639  0.2991 
   00403    0.6031   -6909.8968  0.2899 
   00404    0.6086   -6840.0032  0.2852 
   00405    0.6083   -6835.9501  0.2815 
   00406    0.6178   -6807.8487  0.2850 
   00407    0.6156   -6702.5812  0.2859 
   00408    0.6197   -6755.9623  0.2699 
   00409    0.6178   -6834.6171  0.2850 
   00410    0.5919   -6870.5954  0.2874 
   00411    0.6111   -6894.4120  0.2847 
   00412    0.6133   -6822.1150  0.2895 
   00413    0.6139   -6812.1265  0.2848 
   00414    0.6289   -6790.1172  0.2791 
   00415    0.6111   -6767.2934  0.2894 
   00416    0.6114   -6834.0675  0.2947 
   00417    0.6053   -6801.1355  0.2982 
   00418    0.6292   -6753.5569  0.2922 
   00419    0.6172   -6735.9852  0.2793 
   00420    0.5992   -6906.2656  0.2869 
   00421    0.6169   -6713.6390  0.2899 
   00422    0.6083   -6756.2429  0.2862 
   00423    0.6211   -6830.5069  0.2735 
   00424    0.6261   -6708.4182  0.2820 
   00425    0.6197   -6794.7787  0.2832 
   00426    0.6122   -6894.0989  0.2958 
   00427    0.6056   -6773.4928  0.2921 
   00428    0.6119   -6908.9147  0.2877 
   00429    0.6214   -6964.5442  0.2968 
   00430    0.6106   -6893.3630  0.2773 
   00431    0.6250   -6845.5563  0.2701 
   00432    0.5981   -6827.9229  0.2666 
   00433    0.6244   -6793.5354  0.2679 
   00434    0.6117   -6895.9151  0.2636 
   00435    0.6133   -6850.3551  0.2734 
   00436    0.6136   -6841.6525  0.2831 
   00437    0.6158   -6830.3416  0.2734 
   00438    0.6142   -6888.5866  0.2650 
   00439    0.6164   -7006.5876  0.2613 
   00440    0.6150   -6875.0840  0.2596 
   00441    0.6097   -6853.5989  0.2635 
   00442    0.6075   -6725.8845  0.2667 
   00443    0.6169   -6787.4740  0.2642 
   00444    0.6211   -6750.1805  0.2604 
   00445    0.6336   -6748.4954  0.2674 
   00446    0.6164   -6781.6537  0.2679 
   00447    0.6214   -6756.3739  0.2691 
   00448    0.6228   -6667.6324  0.2650 
   00449    0.6106   -6787.4373  0.2636 
   00450    0.6242   -6869.3628  0.2532 
   00451    0.5911   -6928.7718  0.2566 
   00452    0.6117   -6941.7207  0.2630 
   00453    0.6083   -6812.9285  0.2580 
   00454    0.6153   -6779.3639  0.2557 
   00455    0.6058   -6852.8164  0.2671 
   00456    0.6219   -6893.1950  0.2862 
   00457    0.6144   -6720.2315  0.2763 
   00458    0.6183   -6741.6042  0.2753 
   00459    0.6258   -6721.5211  0.2781 
   00460    0.6167   -6766.9082  0.2797 
   00461    0.6200   -6843.2343  0.2901 
   00462    0.6094   -6866.7160  0.3006 
   00463    0.6147   -6823.3009  0.2912 
   00464    0.6183   -6846.8984  0.2933 
   00465    0.6111   -6870.9096  0.2874 
   00466    0.6061   -6765.5334  0.2878 
   00467    0.6094   -6729.8063  0.2694 
   00468    0.6292   -6748.4816  0.2640 
   00469    0.6128   -6752.9929  0.2530 
   00470    0.6250   -6857.7883  0.2583 
   00471    0.6114   -6729.1843  0.2653 
   00472    0.6189   -6649.3376  0.2602 
   00473    0.6158   -6828.3937  0.2712 
   00474    0.6256   -6952.0110  0.2746 
   00475    0.5986   -6813.0676  0.2720 
   00476    0.6044   -6797.9472  0.2652 
   00477    0.6286   -6698.6680  0.2540 
   00478    0.6061   -6884.3831  0.2580 
   00479    0.6133   -6984.7427  0.2598 
   00480    0.6169   -6835.6517  0.2557 
   00481    0.6119   -6837.6504  0.2615 
   00482    0.6139   -6888.8765  0.2713 
   00483    0.5969   -6838.6224  0.2776 
   00484    0.6144   -6868.2297  0.2669 
   00485    0.6000   -6956.6365  0.2616 
   00486    0.6033   -6808.8383  0.2608 
   00487    0.6092   -6742.4316  0.2590 
   00488    0.6153   -6779.1847  0.2593 
   00489    0.6133   -6705.3172  0.2725 
   00490    0.6167   -6635.6081  0.2700 
   00491    0.6131   -6605.2543  0.2806 
   00492    0.6250   -6634.9691  0.2837 
   00493    0.6300   -6686.7780  0.2889 
   00494    0.6236   -6609.0014  0.2946 
   00495    0.6400   -6584.6916  0.2935 
   00496    0.6283   -6710.7451  0.2737 
   00497    0.6206   -6734.3723  0.2748 
   00498    0.6053   -6933.1414  0.2775 
   00499    0.6197   -6784.8390  0.2870 
   00500    0.6078   -6753.2890  0.2871 
   00501    0.6164   -6800.5224  0.2843 
   00502    0.6139   -6821.9452  0.2854 
   00503    0.6006   -6916.7088  0.2764 
   00504    0.6158   -6810.7353  0.2698 
   00505    0.6194   -6763.0915  0.2630 
   00506    0.5967   -6817.8100  0.2738 
   00507    0.6017   -6734.9235  0.2799 
   00508    0.6092   -6677.9249  0.2761 
   00509    0.6244   -6776.3948  0.2762 
   00510    0.6272   -6920.1448  0.2841 
   00511    0.6200   -6827.9188  0.2762 
   00512    0.6189   -6861.3102  0.2927 
   00513    0.6208   -6831.8649  0.2968 
   00514    0.6186   -6802.1840  0.2832 
   00515    0.6350   -6688.2582  0.2874 
   00516    0.6208   -6776.0619  0.2781 
   00517    0.6081   -6858.7766  0.2767 
   00518    0.6119   -6847.4477  0.2752 
   00519    0.6203   -6845.1818  0.2788 
   00520    0.6258   -6840.9194  0.2940 
   00521    0.6011   -6854.4664  0.2965 
   00522    0.6161   -6788.7733  0.2875 
   00523    0.5956   -7013.4022  0.2917 
   00524    0.5978   -6829.4143  0.2929 
   00525    0.6081   -6802.7216  0.2887 
   00526    0.6231   -6794.4984  0.2788 
   00527    0.6006   -6872.7382  0.2759 
   00528    0.6186   -6744.5128  0.2771 
   00529    0.6250   -6744.9988  0.2870 
   00530    0.6233   -6722.7721  0.2870 
   00531    0.6178   -6800.9579  0.2844 
   00532    0.6139   -6870.3361  0.2775 
   00533    0.6100   -6792.1134  0.2753 
   00534    0.5997   -6913.1856  0.2650 
   00535    0.6175   -6812.2375  0.2750 
   00536    0.6081   -6894.2871  0.2679 
   00537    0.6175   -6770.4284  0.2640 
   00538    0.6147   -6781.6698  0.2639 
   00539    0.6194   -6566.5353  0.2727 
   00540    0.6133   -6792.9111  0.2729 
   00541    0.6231   -6921.1229  0.2677 
   00542    0.6042   -6949.4068  0.2649 
   00543    0.6106   -6932.3008  0.2708 
   00544    0.6025   -6839.7469  0.2704 
   00545    0.6275   -6721.8233  0.2826 
   00546    0.6236   -6676.5382  0.2909 
   00547    0.6153   -6724.6253  0.2832 
   00548    0.6350   -6871.7166  0.2852 
   00549    0.6144   -6906.0081  0.2907 
   00550    0.6219   -6870.0169  0.2931 
   00551    0.6017   -6952.2858  0.2837 
   00552    0.6103   -6827.3095  0.2846 
   00553    0.6142   -6894.1908  0.2768 
   00554    0.6081   -6856.3248  0.2847 
   00555    0.6197   -6762.2500  0.2702 
   00556    0.6039   -6838.5986  0.2608 
   00557    0.6225   -6766.0452  0.2659 
   00558    0.6036   -6868.4323  0.2711 
   00559    0.6100   -6959.0111  0.2777 
   00560    0.6158   -6872.1711  0.2706 
   00561    0.6128   -6731.6123  0.2755 
   00562    0.6256   -6779.3342  0.2713 
   00563    0.6125   -6887.8865  0.2792 
   00564    0.6019   -6788.1314  0.2934 
   00565    0.6172   -6857.1059  0.2852 
   00566    0.6103   -6816.6272  0.2778 
   00567    0.6131   -6867.6111  0.2669 
   00568    0.6317   -6819.5836  0.2593 
   00569    0.6094   -6922.2121  0.2695 
   00570    0.6006   -6952.4232  0.2798 
   00571    0.6094   -6978.2876  0.2854 
   00572    0.5964   -6889.5994  0.3021 
   00573    0.6092   -6863.6858  0.2929 
   00574    0.5978   -6875.6339  0.2853 
   00575    0.6169   -6785.7293  0.2789 
   00576    0.6186   -6876.1812  0.2657 
   00577    0.6114   -6819.6818  0.2600 
   00578    0.6042   -6958.5110  0.2627 
   00579    0.6178   -6818.0498  0.2755 
   00580    0.5922   -6929.6711  0.2796 
   00581    0.6039   -6906.6875  0.2664 
   00582    0.6153   -6860.6997  0.2569 
   00583    0.6033   -6938.9717  0.2563 
   00584    0.6097   -6982.6055  0.2621 
   00585    0.5839   -7051.7477  0.2678 
   00586    0.6075   -6898.0905  0.2550 
   00587    0.6161   -6862.5065  0.2661 
   00588    0.6106   -6985.7485  0.2681 
   00589    0.6022   -7044.2766  0.2761 
   00590    0.6039   -7137.0133  0.2704 
   00591    0.6069   -6972.5826  0.2622 
   00592    0.6042   -6880.7871  0.2670 
   00593    0.6089   -6813.8262  0.2731 
   00594    0.6139   -6825.8211  0.2767 
   00595    0.6092   -6896.2317  0.2860 
   00596    0.6058   -6892.0861  0.2974 
   00597    0.6058   -6954.7894  0.2806 
   00598    0.6147   -6924.1778  0.2757 
   00599    0.6139   -6794.1026  0.2788 
   00600    0.6072   -6840.1944  0.2751 
   00601    0.6214   -6745.6365  0.2813 
   00602    0.6214   -6747.6600  0.2993 
   00603    0.6178   -6734.3357  0.2919 
   00604    0.6086   -6842.2314  0.2944 
   00605    0.6044   -6719.4296  0.2903 
   00606    0.6108   -6862.2048  0.2758 
   00607    0.6156   -6679.1259  0.2754 
   00608    0.6078   -6721.4942  0.2706 
   00609    0.5997   -6633.2299  0.2787 
   00610    0.6036   -6780.9300  0.2771 
   00611    0.6183   -6745.7849  0.2673 
   00612    0.6206   -6578.3879  0.2530 
   00613    0.6125   -6750.4058  0.2601 
   00614    0.6133   -6865.3504  0.2728 
   00615    0.6056   -6833.7220  0.2672 
   00616    0.6117   -6691.1531  0.2761 
   00617    0.6192   -6671.5987  0.2734 
   00618    0.6169   -6699.4323  0.2801 
   00619    0.6031   -6666.9609  0.2896 
   00620    0.6217   -6735.3872  0.2998 
   00621    0.6186   -6850.1305  0.2867 
   00622    0.5978   -6869.4149  0.2800 
   00623    0.6058   -7096.9671  0.2867 
   00624    0.5994   -7015.9640  0.2869 
   00625    0.6125   -6929.8830  0.2750 
   00626    0.6139   -6947.3361  0.2784 
   00627    0.6172   -6762.1566  0.2709 
   00628    0.6158   -6944.8599  0.2708 
   00629    0.6078   -6757.6796  0.2702 
   00630    0.6269   -6715.5458  0.2691 
   00631    0.6186   -6792.4956  0.2657 
   00632    0.6086   -6736.6506  0.2652 
   00633    0.6214   -6798.3870  0.2708 
   00634    0.6217   -6750.1448  0.2742 
   00635    0.6186   -6600.7864  0.2645 
   00636    0.6214   -6812.0658  0.2669 
   00637    0.6047   -6808.6904  0.2646 
   00638    0.6256   -6690.9688  0.2735 
   00639    0.6247   -6746.2971  0.2722 
   00640    0.6258   -6860.6652  0.2701 
   00641    0.6144   -6824.4344  0.2599 
   00642    0.6003   -6918.8817  0.2555 
   00643    0.5919   -6815.1847  0.2547 
   00644    0.6203   -6833.6296  0.2582 
   00645    0.6156   -6802.0050  0.2628 
   00646    0.6069   -6788.6599  0.2688 
   00647    0.6175   -6729.2844  0.2723 
   00648    0.6103   -6829.7240  0.2747 
   00649    0.6300   -6829.0008  0.2725 
   00650    0.6286   -6738.5182  0.2763 
   00651    0.6147   -6789.2511  0.2745 
   00652    0.6006   -6947.1217  0.2750 
   00653    0.6133   -7015.7780  0.2811 
   00654    0.6128   -6911.8405  0.2838 
   00655    0.6111   -6922.9332  0.2736 
   00656    0.6042   -6787.0312  0.2759 
   00657    0.6000   -6753.7874  0.2702 
   00658    0.6103   -6744.4259  0.2702 
   00659    0.6183   -6657.8075  0.2665 
   00660    0.6217   -6711.2609  0.2657 
   00661    0.6108   -6756.5107  0.2708 
   00662    0.6242   -6668.0895  0.2727 
   00663    0.6264   -6672.9745  0.2747 
   00664    0.6175   -6875.1848  0.2712 
   00665    0.5989   -6813.1072  0.2694 
   00666    0.6022   -6851.3428  0.2726 
   00667    0.6072   -6990.7051  0.2616 
   00668    0.5936   -6925.7062  0.2586 
   00669    0.5989   -6900.0859  0.2693 
   00670    0.6053   -6906.1856  0.2745 
   00671    0.6233   -6902.4187  0.2699 
   00672    0.6147   -6877.8498  0.2592 
   00673    0.6108   -6885.9667  0.2602 
   00674    0.6206   -6767.4756  0.2639 
   00675    0.6125   -6833.1270  0.2846 
   00676    0.6022   -6833.0038  0.2771 
   00677    0.6142   -6645.9278  0.2774 
   00678    0.6172   -6758.2983  0.2808 
   00679    0.6172   -6818.5386  0.2795 
   00680    0.6122   -6926.2212  0.2749 
   00681    0.6169   -6800.9083  0.2691 
   00682    0.6106   -6837.2849  0.2603 
   00683    0.6078   -6726.1602  0.2674 
   00684    0.6114   -6790.2083  0.2612 
   00685    0.5961   -6918.8585  0.2651 
   00686    0.6164   -6783.9018  0.2729 
   00687    0.6136   -6728.5334  0.2670 
   00688    0.6128   -6955.0137  0.2851 
   00689    0.6000   -6890.2853  0.2909 
   00690    0.6136   -6878.5173  0.2760 
   00691    0.6075   -6720.3539  0.2782 
   00692    0.6031   -6754.1702  0.2910 
   00693    0.6133   -6737.4829  0.2915 
   00694    0.6203   -6660.4247  0.2741 
   00695    0.6356   -6641.6664  0.2769 
   00696    0.6281   -6775.1740  0.2978 
   00697    0.6169   -6752.6551  0.2902 
   00698    0.6208   -6671.2596  0.2837 
   00699    0.6236   -6629.2947  0.2766 
   00700    0.6311   -6576.8407  0.2662 
   00701    0.6300   -6737.1163  0.2801 
   00702    0.6339   -6682.9280  0.2863 
   00703    0.6036   -6815.9628  0.2810 
   00704    0.6144   -6739.6015  0.2849 
   00705    0.6239   -6830.0178  0.2836 
   00706    0.6008   -6817.3977  0.2770 
   00707    0.6033   -6876.7103  0.2754 
   00708    0.6197   -6801.4221  0.2757 
   00709    0.6081   -6674.2876  0.2693 
   00710    0.6333   -6610.5985  0.2600 
   00711    0.6253   -6648.9329  0.2541 
   00712    0.6122   -6669.3531  0.2569 
   00713    0.6097   -6650.7127  0.2595 
   00714    0.6094   -6733.9406  0.2604 
   00715    0.6153   -6811.8562  0.2656 
   00716    0.6247   -6770.2377  0.2723 
   00717    0.6181   -6658.0836  0.2711 
   00718    0.6314   -6614.9754  0.2721 
   00719    0.6158   -6729.7594  0.2659 
   00720    0.6089   -6766.6279  0.2649 
   00721    0.6136   -6719.4829  0.2760 
   00722    0.6208   -6777.9215  0.2867 
   00723    0.6181   -6664.2848  0.2886 
   00724    0.6208   -6767.6114  0.2803 
   00725    0.6117   -6750.7436  0.2942 
   00726    0.6097   -6808.0372  0.3056 
   00727    0.6103   -6811.5887  0.3085 
   00728    0.6161   -6889.9131  0.2984 
   00729    0.6242   -6762.4717  0.3008 
   00730    0.6072   -6815.8935  0.3015 
   00731    0.6081   -6793.0594  0.2972 
   00732    0.6089   -6784.6335  0.2976 
   00733    0.6231   -6756.7820  0.2949 
   00734    0.6047   -6716.7909  0.2927 
   00735    0.6153   -7004.8289  0.3020 
   00736    0.6236   -6921.4144  0.2947 
   00737    0.6111   -6931.1312  0.2909 
   00738    0.6078   -6916.8281  0.2803 
   00739    0.6075   -6904.7641  0.2819 
   00740    0.6014   -6927.3700  0.3005 
   00741    0.6078   -6947.0946  0.2958 
   00742    0.6025   -6976.5833  0.2936 
   00743    0.6044   -7063.9716  0.2829 
   00744    0.6031   -7065.5954  0.2821 
   00745    0.5956   -7052.9886  0.2743 
   00746    0.5989   -6968.7284  0.2590 
   00747    0.6219   -7008.6517  0.2524 
   00748    0.6006   -6991.7889  0.2584 
   00749    0.5956   -6952.6949  0.2573 
   00750    0.6144   -6906.1323  0.2621 
   00751    0.6094   -6947.1984  0.2687 
   00752    0.6097   -6832.9991  0.2661 
   00753    0.6231   -6781.3630  0.2701 
   00754    0.6186   -6758.9734  0.2610 
   00755    0.6219   -6699.5782  0.2647 
   00756    0.6083   -6677.9371  0.2637 
   00757    0.6125   -6712.1114  0.2616 
   00758    0.6089   -6663.4909  0.2690 
   00759    0.6156   -6653.0291  0.2676 
   00760    0.6208   -6815.3063  0.2788 
   00761    0.6161   -6678.4116  0.2763 
   00762    0.6111   -6746.3869  0.2690 
   00763    0.6133   -6709.4917  0.2810 
   00764    0.6097   -6763.5185  0.2882 
   00765    0.6106   -6749.3908  0.2873 
   00766    0.6047   -6855.9477  0.2784 
   00767    0.6167   -6871.7736  0.2753 
   00768    0.6050   -6857.0543  0.2823 
   00769    0.6042   -6998.0436  0.2736 
   00770    0.6083   -6976.8019  0.2779 
   00771    0.5908   -7004.3691  0.2729 
   00772    0.5981   -6814.9445  0.2589 
   00773    0.6158   -6758.5315  0.2639 
   00774    0.6175   -6673.5434  0.2632 
   00775    0.6314   -6802.7540  0.2705 
   00776    0.6131   -6848.2443  0.2738 
   00777    0.6192   -6855.6463  0.2725 
   00778    0.6047   -6950.1587  0.2733 
   00779    0.6069   -6971.5195  0.2679 
   00780    0.6075   -6938.0997  0.2728 
   00781    0.6067   -6936.3137  0.2677 
   00782    0.6114   -6792.5307  0.2724 
   00783    0.6247   -6658.6392  0.2684 
   00784    0.6178   -6706.6193  0.2743 
   00785    0.6167   -6753.7515  0.2659 
   00786    0.5939   -6979.0885  0.2681 
   00787    0.6094   -7025.0701  0.2646 
   00788    0.6122   -7012.4320  0.2687 
   00789    0.6017   -6990.5499  0.2626 
   00790    0.6147   -6799.8656  0.2600 
   00791    0.6161   -6883.1056  0.2672 
   00792    0.6175   -6794.7562  0.2727 
   00793    0.6114   -6805.5133  0.2778 
   00794    0.6200   -6791.1956  0.2839 
   00795    0.6156   -6727.4960  0.2657 
   00796    0.6136   -6574.4828  0.2590 
   00797    0.6128   -6799.6799  0.2510 
   00798    0.6139   -6813.1036  0.2615 
   00799    0.6047   -6852.9310  0.2724 
   00800    0.6133   -6783.9398  0.2727 
   00801    0.6208   -6857.5311  0.2757 
   00802    0.6081   -6852.1763  0.2746 
   00803    0.6094   -6934.3514  0.2883 
   00804    0.6158   -6813.1040  0.2943 
   00805    0.6117   -6761.8775  0.2899 
   00806    0.6256   -6816.3834  0.2946 
   00807    0.6197   -6847.1849  0.3007 
   00808    0.6197   -6814.0461  0.2908 
   00809    0.6192   -6698.1957  0.2848 
   00810    0.6289   -6803.2038  0.2873 
   00811    0.6219   -6708.9197  0.2910 
   00812    0.6172   -6742.2396  0.2799 
   00813    0.6047   -6711.5497  0.2919 
   00814    0.6125   -6716.4473  0.2857 
   00815    0.6283   -6595.6790  0.2884 
   00816    0.6158   -6642.0313  0.2733 
   00817    0.6203   -6660.2694  0.2892 
   00818    0.6144   -6703.9436  0.2796 
   00819    0.6211   -6661.9472  0.2808 
   00820    0.6225   -6788.8492  0.2735 
   00821    0.6233   -6863.7976  0.2872 
   00822    0.6097   -6916.3916  0.2777 
   00823    0.6100   -7049.0315  0.2889 
   00824    0.6083   -7077.4053  0.2908 
   00825    0.6175   -6838.0773  0.3048 
   00826    0.6214   -6802.6996  0.3103 
   00827    0.6139   -6869.2062  0.3226 
   00828    0.5961   -7101.6947  0.3271 
   00829    0.6156   -6960.9354  0.3101 
   00830    0.6072   -6969.8691  0.3077 
   00831    0.6044   -6940.6575  0.3150 
   00832    0.6136   -6913.1685  0.3020 
   00833    0.6097   -6812.4524  0.3065 
   00834    0.6083   -6903.6515  0.2925 
   00835    0.6014   -7003.1878  0.2918 
   00836    0.6183   -6850.8582  0.2814 
   00837    0.6144   -6817.4210  0.2874 
   00838    0.6136   -6835.7676  0.2935 
   00839    0.6300   -6764.1512  0.2897 
   00840    0.6086   -6799.5229  0.2979 
   00841    0.6247   -6740.8991  0.3033 
   00842    0.6253   -6699.2517  0.2957 
   00843    0.6147   -6728.5691  0.2873 
   00844    0.6219   -6811.4645  0.2857 
   00845    0.6161   -6831.1889  0.2966 
   00846    0.6094   -6957.6917  0.2917 
   00847    0.6036   -7012.1644  0.2760 
   00848    0.6094   -6914.7895  0.2832 
   00849    0.6128   -6818.2738  0.2812 
   00850    0.6056   -6813.3700  0.2926 
   00851    0.6144   -6915.1223  0.2734 
   00852    0.5986   -6786.5467  0.2736 
   00853    0.6242   -6839.5814  0.2702 
   00854    0.6361   -6829.3210  0.2658 
   00855    0.6178   -6870.5196  0.2681 
   00856    0.6067   -6903.7263  0.2714 
   00857    0.6036   -6834.1067  0.2670 
   00858    0.6003   -6847.8812  0.2644 
   00859    0.6194   -6866.5779  0.2673 
   00860    0.6181   -6716.1434  0.2576 
   00861    0.6192   -6752.2423  0.2587 
   00862    0.6100   -6676.6284  0.2758 
   00863    0.6272   -6735.3783  0.2564 
   00864    0.6042   -6826.0632  0.2675 
   00865    0.6119   -6864.7382  0.2612 
   00866    0.6056   -7008.2015  0.2600 
   00867    0.6144   -6865.0335  0.2646 
   00868    0.6022   -6772.2635  0.2640 
   00869    0.6017   -6939.7500  0.2769 
   00870    0.6153   -6807.7507  0.2829 
   00871    0.6083   -6893.3453  0.2771 
   00872    0.6019   -6920.6849  0.2810 
   00873    0.6031   -6872.5607  0.2900 
   00874    0.6231   -6910.4180  0.2802 
   00875    0.5922   -6901.7216  0.2826 
   00876    0.6006   -6840.5845  0.2788 
   00877    0.6344   -6795.9575  0.2776 
   00878    0.6164   -6840.9672  0.2804 
   00879    0.6200   -6819.7308  0.2802 
   00880    0.6044   -6757.0325  0.2831 
   00881    0.6086   -6771.9704  0.2759 
   00882    0.6131   -6729.3177  0.2787 
   00883    0.6344   -6624.4056  0.2839 
   00884    0.6181   -6810.2845  0.2778 
   00885    0.6158   -6851.1667  0.2738 
   00886    0.6089   -6874.3227  0.2756 
   00887    0.6117   -6900.2189  0.2669 
   00888    0.6089   -6901.0445  0.2760 
   00889    0.6158   -6893.8737  0.2663 
   00890    0.6058   -6727.9730  0.2708 
   00891    0.6125   -6773.0704  0.2758 
   00892    0.6189   -6786.6640  0.2869 
   00893    0.6175   -6964.7909  0.2790 
   00894    0.6119   -6730.2297  0.2708 
   00895    0.6119   -6754.0657  0.2798 
   00896    0.6175   -6844.6537  0.2839 
   00897    0.6081   -6803.5373  0.2781 
   00898    0.6167   -6789.6544  0.2670 
   00899    0.6189   -6738.4387  0.2750 
   00900    0.6092   -6843.2655  0.2713 
   00901    0.6253   -6798.6593  0.2731 
   00902    0.6136   -6916.1934  0.2884 
   00903    0.6181   -6838.4934  0.2816 
   00904    0.6111   -6813.8549  0.2746 
   00905    0.6164   -6758.7256  0.2644 
   00906    0.6111   -6735.4729  0.2602 
   00907    0.6353   -6765.6060  0.2517 
   00908    0.6197   -6814.7417  0.2651 
   00909    0.6219   -6748.6016  0.2700 
   00910    0.6167   -6707.3931  0.2714 
   00911    0.6144   -6897.0648  0.2854 
   00912    0.6067   -6913.9856  0.2624 
   00913    0.6089   -6715.7048  0.2656 
   00914    0.6106   -6906.4618  0.2726 
   00915    0.6114   -7123.4183  0.2755 
   00916    0.6058   -6847.1971  0.2646 
   00917    0.6025   -6862.0116  0.2641 
   00918    0.6158   -6863.1870  0.2544 
   00919    0.6181   -6874.0065  0.2638 
   00920    0.6117   -6834.9590  0.2664 
   00921    0.6253   -6766.0801  0.2566 
   00922    0.6153   -6803.0755  0.2597 
   00923    0.6131   -6797.9363  0.2642 
   00924    0.6150   -6878.6316  0.2574 
   00925    0.6117   -6839.6737  0.2655 
   00926    0.5983   -6752.7146  0.2695 
   00927    0.6097   -6847.8275  0.2677 
   00928    0.6042   -6782.8013  0.2679 
   00929    0.6069   -6655.3669  0.2638 
   00930    0.6308   -6752.2119  0.2687 
   00931    0.6239   -6652.5991  0.2593 
   00932    0.6189   -6736.5921  0.2627 
   00933    0.6261   -6695.5652  0.2680 
   00934    0.6219   -6871.3888  0.2699 
   00935    0.6144   -6791.2062  0.2849 
   00936    0.6144   -6637.3517  0.2908 
   00937    0.6139   -6746.0877  0.2915 
   00938    0.6233   -6762.9956  0.2815 
   00939    0.6067   -6678.1290  0.2730 
   00940    0.6069   -6670.8481  0.2856 
   00941    0.6053   -6782.6757  0.2726 
   00942    0.6108   -6720.1634  0.2702 
   00943    0.6219   -6731.2535  0.2859 
   00944    0.6369   -6759.0111  0.2970 
   00945    0.6164   -6794.1936  0.3004 
   00946    0.6044   -6798.3811  0.3068 
   00947    0.6094   -6693.6460  0.2929 
   00948    0.6267   -6728.2249  0.2860 
   00949    0.6461   -6654.3600  0.2792 
   00950    0.6164   -6746.9175  0.2903 
   00951    0.6306   -6710.3372  0.2937 
   00952    0.6333   -6782.1447  0.2950 
   00953    0.6164   -6736.0703  0.2918 
   00954    0.6083   -6830.8767  0.2982 
   00955    0.6000   -6758.3014  0.3022 
   00956    0.6222   -6671.6703  0.2868 
   00957    0.6194   -6590.0459  0.2971 
   00958    0.6308   -6628.9585  0.2982 
   00959    0.6208   -6775.5095  0.2843 
   00960    0.6175   -6890.7767  0.2800 
   00961    0.6144   -6841.4911  0.2668 
   00962    0.6022   -6806.3572  0.2515 
   00963    0.6256   -6627.1693  0.2626 
   00964    0.6169   -6653.3853  0.2641 
   00965    0.6264   -6670.9158  0.2729 
   00966    0.6150   -6682.7528  0.2726 
   00967    0.6086   -6769.6567  0.2604 
   00968    0.6125   -6867.9738  0.2613 
   00969    0.6161   -6868.3699  0.2508 
   00970    0.6139   -6908.5638  0.2570 
   00971    0.6061   -7048.0081  0.2557 
   00972    0.6094   -7003.3598  0.2599 
   00973    0.6139   -6879.9208  0.2589 
   00974    0.6208   -7088.4221  0.2575 
   00975    0.6108   -7020.3432  0.2581 
   00976    0.5925   -6877.9158  0.2634 
   00977    0.6069   -6784.0730  0.2613 
   00978    0.6225   -6860.1572  0.2561 
   00979    0.6342   -6758.5440  0.2629 
   00980    0.6244   -6671.4416  0.2689 
   00981    0.6003   -6822.6035  0.2636 
   00982    0.6147   -6791.8520  0.2543 
   00983    0.6069   -6748.7293  0.2658 
   00984    0.6164   -6685.9620  0.2644 
   00985    0.6111   -6822.2810  0.2665 
   00986    0.6025   -6878.6779  0.2795 
   00987    0.6125   -6791.3605  0.2736 
   00988    0.6183   -6776.6589  0.2703 
   00989    0.6100   -6857.7266  0.2788 
   00990    0.6131   -6997.5701  0.2974 
   00991    0.6208   -6799.1137  0.2942 
   00992    0.6139   -6657.5964  0.2951 
   00993    0.6278   -6885.2291  0.2995 
   00994    0.6108   -6732.9380  0.2816 
   00995    0.6189   -6721.7363  0.2832 
   00996    0.6244   -6747.4562  0.2885 
   00997    0.6211   -6737.7026  0.2816 
   00998    0.6181   -6718.0137  0.2773 
   00999    0.6122   -6801.0286  0.2897 
   01000    0.6097   -6695.5135  0.2807 
