#=====================================================
# File created:        Mon-06-Nov-2023-at-02-03-30PM
# Size of lattice:     80x80
# Number of MC steps:  1000
# Reduced temperature: 1.000
# Run time (s):        30.949115
#=====================================================
# MC step:  Ratio:     Energy:   Order:
#=====================================================
   00000    0.5000   -6517.3812  0.2551 
   00001    0.6887   -9937.6517  0.2593 
   00002    0.6136  -11407.5115  0.2582 
   00003    0.5797  -12341.6736  0.2572 
   00004    0.5723  -12894.0132  0.2552 
   00005    0.5500  -13373.4534  0.2537 
   00006    0.5402  -13562.3327  0.2554 
   00007    0.5403  -13907.4952  0.2517 
   00008    0.5250  -13944.6031  0.2589 
   00009    0.5273  -14193.7739  0.2629 
   00010    0.5089  -14615.4176  0.2598 
   00011    0.5069  -14532.7061  0.2650 
   00012    0.5095  -14465.5566  0.2581 
   00013    0.5048  -14475.1626  0.2599 
   00014    0.5094  -14503.5146  0.2603 
   00015    0.5161  -14619.8516  0.2654 
   00016    0.4955  -14805.2935  0.2632 
   00017    0.5000  -14705.5575  0.2661 
   00018    0.5102  -14849.9694  0.2636 
   00019    0.4989  -14838.0089  0.2699 
   00020    0.5020  -14812.1956  0.2657 
   00021    0.4928  -14738.1467  0.2675 
   00022    0.5080  -14674.3963  0.2684 
   00023    0.5028  -14770.6170  0.2699 
   00024    0.4970  -14719.8051  0.2671 
   00025    0.4994  -14689.2375  0.2603 
   00026    0.5039  -14739.6578  0.2573 
   00027    0.4903  -14805.2825  0.2608 
   00028    0.4998  -14770.7481  0.2579 
   00029    0.4989  -14798.2342  0.2603 
   00030    0.4988  -14970.9804  0.2621 
   00031    0.4994  -14908.3709  0.2646 
   00032    0.4994  -15023.7100  0.2673 
   00033    0.4989  -15196.6415  0.2598 
   00034    0.4909  -15167.7072  0.2562 
   00035    0.4878  -15103.5713  0.2623 
   00036    0.4883  -15128.2602  0.2688 
   00037    0.4942  -15019.6706  0.2671 
   00038    0.4925  -15070.5594  0.2742 
   00039    0.4961  -14933.6178  0.2801 
   00040    0.5027  -15046.8005  0.2806 
   00041    0.4992  -15085.4922  0.2698 
   00042    0.5067  -15011.9800  0.2663 
   00043    0.4994  -15141.9977  0.2674 
   00044    0.5011  -15059.0454  0.2718 
   00045    0.5023  -14981.3864  0.2698 
   00046    0.5050  -15025.6597  0.2673 
   00047    0.4953  -15113.3120  0.2719 
   00048    0.4995  -15049.4755  0.2709 
   00049    0.4825  -15113.9472  0.2747 
   00050    0.4892  -15073.4661  0.2743 
   00051    0.4875  -15072.3809  0.2703 
   00052    0.5025  -15051.9795  0.2845 
   00053    0.4936  -15102.7081  0.2896 
   00054    0.4864  -14966.0817  0.2812 
   00055    0.4933  -15102.8604  0.2813 
   00056    0.4816  -15172.9164  0.2846 
   00057    0.4905  -15117.1369  0.2892 
   00058    0.4881  -15144.3264  0.2834 
   00059    0.4875  -15116.9130  0.2847 
   00060    0.4931  -15173.9897  0.2908 
   00061    0.4892  -15032.6816  0.2884 
   00062    0.4945  -15189.5453  0.2998 
   00063    0.4794  -15097.6701  0.2988 
   00064    0.4942  -15105.6652  0.3049 
   00065    0.4992  -14981.1087  0.3039 
   00066    0.4838  -15071.3529  0.3094 
   00067    0.4839  -15061.6124  0.3050 
   00068    0.4977  -14900.8677  0.3073 
   00069    0.4928  -14984.5974  0.3060 
   00070    0.5061  -14993.5799  0.3017 
   00071    0.4925  -14932.7297  0.3033 
   00072    0.4875  -15194.5985  0.3045 
   00073    0.4994  -15222.6188  0.3062 
   00074    0.5009  -15125.0054  0.2983 
   00075    0.4895  -15285.8715  0.3075 
   00076    0.4908  -15461.0221  0.3147 
   00077    0.4811  -15429.4691  0.3129 
   00078    0.4841  -15354.8686  0.3065 
   00079    0.4931  -15141.6311  0.3073 
   00080    0.4827  -15210.0287  0.3019 
   00081    0.4873  -15076.0252  0.2991 
   00082    0.4836  -15253.3493  0.2985 
   00083    0.4884  -15227.8253  0.2933 
   00084    0.4928  -15180.6142  0.2935 
   00085    0.4873  -15192.4966  0.2929 
   00086    0.4983  -15149.1227  0.2898 
   00087    0.4892  -15184.1417  0.2862 
   00088    0.4839  -15207.4268  0.2832 
   00089    0.4878  -15121.4632  0.2755 
   00090    0.4784  -15250.1642  0.2705 
   00091    0.4956  -15087.0757  0.2638 
   00092    0.4934  -15142.4244  0.2587 
   00093    0.4991  -15086.3585  0.2609 
   00094    0.4922  -15126.9388  0.2639 
   00095    0.4863  -14986.1221  0.2643 
   00096    0.4997  -14959.3732  0.2685 
   00097    0.4963  -14818.2010  0.2715 
   00098    0.5062  -14766.8743  0.2610 
   00099    0.4927  -14928.7597  0.2662 
   00100    0.4895  -15129.5431  0.2748 
   00101    0.4942  -14933.2193  0.2793 
   00102    0.5008  -15025.6034  0.2805 
   00103    0.4941  -15062.3206  0.2881 
   00104    0.4956  -15028.2526  0.2936 
   00105    0.4983  -14954.2448  0.2917 
   00106    0.4908  -15104.6604  0.2904 
   00107    0.4966  -14991.3764  0.2874 
   00108    0.5059  -14913.8713  0.2940 
   00109    0.4955  -14910.9944  0.3073 
   00110    0.4947  -15013.5240  0.3054 
   00111    0.4883  -14955.4809  0.2998 
   00112    0.5052  -14978.6638  0.2992 
   00113    0.4945  -14974.4526  0.2949 
   00114    0.5044  -15087.6495  0.2931 
   00115    0.4777  -14999.2417  0.2905 
   00116    0.5066  -14904.3569  0.2931 
   00117    0.5003  -15090.7672  0.2977 
   00118    0.5028  -15108.5417  0.3005 
   00119    0.4933  -15029.1890  0.3014 
   00120    0.4983  -14901.3893  0.3031 
   00121    0.5134  -14942.8824  0.3017 
   00122    0.4927  -14928.4453  0.3012 
   00123    0.5008  -14856.7215  0.2996 
   00124    0.4950  -14911.5153  0.2973 
   00125    0.4934  -14879.0888  0.2994 
   00126    0.5011  -14929.2946  0.3032 
   00127    0.4903  -14965.3329  0.3053 
   00128    0.5028  -14996.6506  0.2998 
   00129    0.4944  -15164.7068  0.3051 
   00130    0.4841  -15087.7031  0.2980 
   00131    0.5003  -14968.4281  0.2946 
   00132    0.5080  -14940.9709  0.2915 
   00133    0.4934  -14926.6495  0.2956 
   00134    0.5059  -14874.0832  0.3048 
   00135    0.4947  -15029.5582  0.3029 
   00136    0.4847  -15253.3694  0.3060 
   00137    0.5002  -15244.2202  0.3130 
   00138    0.4908  -15270.2133  0.3068 
   00139    0.4898  -15144.9127  0.3083 
   00140    0.4977  -15076.0295  0.3036 
   00141    0.4964  -15146.5844  0.3127 
   00142    0.4875  -15214.2592  0.3103 
   00143    0.4886  -15314.6312  0.3062 
   00144    0.5005  -15259.2216  0.2985 
   00145    0.4870  -15311.5302  0.2999 
   00146    0.4830  -15182.8783  0.3078 
   00147    0.4845  -15402.5105  0.3119 
   00148    0.4828  -15252.0707  0.3036 
   00149    0.4819  -15179.4728  0.3014 
   00150    0.4786  -14995.8095  0.3016 
   00151    0.4970  -14869.5793  0.3087 
   00152    0.4927  -14899.2450  0.3169 
   00153    0.5016  -15031.0927  0.3206 
   00154    0.5002  -15231.0837  0.3189 
   00155    0.4941  -15047.7913  0.3168 
   00156    0.4900  -14943.6048  0.3104 
   00157    0.4852  -15043.8939  0.3128 
   00158    0.4908  -15072.7978  0.3046 
   00159    0.4973  -15080.7242  0.3053 
   00160    0.4936  -15054.6635  0.3140 
   00161    0.5016  -14946.7514  0.3095 
   00162    0.4963  -14951.4084  0.3078 
   00163    0.4953  -14915.9239  0.3092 
   00164    0.4866  -15064.7773  0.3060 
   00165    0.4834  -15145.2929  0.3045 
   00166    0.4947  -15193.4472  0.3024 
   00167    0.4923  -15215.6000  0.3079 
   00168    0.4852  -15295.4985  0.3036 
   00169    0.4838  -15215.7783  0.3041 
   00170    0.4997  -15100.4598  0.3003 
   00171    0.4905  -14972.4108  0.2983 
   00172    0.4877  -14986.3710  0.3026 
   00173    0.4805  -14984.7886  0.2989 
   00174    0.4813  -15001.4810  0.3004 
   00175    0.4859  -15053.6355  0.3011 
   00176    0.4930  -15043.3730  0.2903 
   00177    0.4827  -15062.8054  0.2961 
   00178    0.4961  -15003.0588  0.2874 
   00179    0.5045  -15025.8459  0.2876 
   00180    0.4891  -14898.4101  0.2893 
   00181    0.5009  -14993.8554  0.2859 
   00182    0.4892  -15048.4102  0.2896 
   00183    0.5022  -14946.5500  0.2882 
   00184    0.4978  -14864.7599  0.2870 
   00185    0.5019  -14863.0881  0.2903 
   00186    0.4938  -14982.3415  0.2881 
   00187    0.4947  -15003.6992  0.2913 
   00188    0.4956  -15166.9753  0.2861 
   00189    0.4878  -15329.3154  0.2875 
   00190    0.4966  -15231.8359  0.2856 
   00191    0.4902  -15167.4379  0.2869 
   00192    0.4783  -15129.8331  0.2888 
   00193    0.4763  -15203.4661  0.2818 
   00194    0.4908  -15130.5331  0.2813 
   00195    0.4884  -15229.0025  0.2829 
   00196    0.4813  -15248.1997  0.2807 
   00197    0.4822  -15326.6594  0.2780 
   00198    0.4925  -15287.9216  0.2823 
   00199    0.4892  -15150.2246  0.2850 
   00200    0.4800  -15093.3459  0.2851 
   00201    0.4959  -15086.4013  0.2909 
   00202    0.4923  -15009.4551  0.2955 
   00203    0.4964  -14967.5943  0.2939 
   00204    0.5070  -14924.3464  0.2921 
   00205    0.4966  -14959.8317  0.2880 
   00206    0.4953  -15068.4808  0.2942 
   00207    0.4994  -15088.1795  0.2916 
   00208    0.4966  -15014.9156  0.2960 
   00209    0.4952  -15136.5089  0.3001 
   00210    0.4909  -15198.6822  0.2958 
   00211    0.4877  -15081.9973  0.2991 
   00212    0.4966  -15137.0245  0.3101 
   00213    0.4997  -15149.3107  0.3067 
   00214    0.5077  -15148.6148  0.3080 
   00215    0.4813  -15244.8016  0.3070 
   00216    0.4917  -15189.2069  0.3156 
   00217    0.4998  -14969.7852  0.3076 
   00218    0.4867  -15105.9999  0.3052 
   00219    0.4980  -15139.8117  0.3110 
   00220    0.4972  -15112.7570  0.3130 
   00221    0.5045  -15030.6123  0.3035 
   00222    0.4948  -15201.4052  0.3123 
   00223    0.4891  -15144.3058  0.3139 
   00224    0.4925  -15153.4838  0.3086 
   00225    0.4808  -15067.8904  0.3066 
   00226    0.4869  -14911.5044  0.3045 
   00227    0.4986  -14960.7192  0.2979 
   00228    0.4984  -15024.9250  0.2893 
   00229    0.4922  -15064.2356  0.2888 
   00230    0.4883  -15032.4912  0.2868 
   00231    0.4970  -15102.7776  0.2913 
   00232    0.4956  -15231.8698  0.2915 
   00233    0.4758  -15325.6930  0.2899 
   00234    0.4942  -15249.5961  0.2781 
   00235    0.4909  -15212.4117  0.2766 
   00236    0.4911  -15230.3140  0.2817 
   00237    0.4931  -15241.0679  0.2826 
   00238    0.4875  -15201.3236  0.2851 
   00239    0.4855  -15252.4408  0.2844 
   00240    0.4852  -15203.7316  0.2790 
   00241    0.4928  -15045.7347  0.2806 
   00242    0.4977  -15089.1947  0.2818 
   00243    0.4820  -15115.3039  0.2705 
   00244    0.4894  -15101.7777  0.2636 
   00245    0.4872  -15255.6223  0.2644 
   00246    0.4861  -15292.6427  0.2654 
   00247    0.4820  -15297.1599  0.2693 
   00248    0.4870  -15140.6189  0.2693 
   00249    0.4911  -15144.8400  0.2651 
   00250    0.4906  -15039.0789  0.2660 
   00251    0.4828  -15221.2325  0.2707 
   00252    0.4836  -15344.0249  0.2623 
   00253    0.4792  -15207.9820  0.2644 
   00254    0.4919  -15328.9975  0.2649 
   00255    0.4973  -15198.0172  0.2663 
   00256    0.4947  -15135.5348  0.2677 
   00257    0.5009  -15050.5726  0.2830 
   00258    0.4977  -15079.4266  0.2824 
   00259    0.4977  -15127.3986  0.2926 
   00260    0.5042  -15230.0937  0.2863 
   00261    0.4867  -15319.4322  0.2827 
   00262    0.4898  -15347.7556  0.2815 
   00263    0.4913  -15412.4640  0.2818 
   00264    0.4852  -15307.8598  0.2763 
   00265    0.4869  -15298.2532  0.2764 
   00266    0.4991  -15277.6078  0.2682 
   00267    0.4869  -15269.3962  0.2746 
   00268    0.4956  -15250.7503  0.2794 
   00269    0.4914  -15219.3957  0.2827 
   00270    0.5012  -15243.4619  0.2882 
   00271    0.4927  -15210.4366  0.2884 
   00272    0.4977  -15087.1750  0.2939 
   00273    0.4820  -15223.6409  0.2884 
   00274    0.4870  -15149.2303  0.2883 
   00275    0.4963  -15059.2947  0.2887 
   00276    0.4956  -15242.3338  0.3018 
   00277    0.4963  -15360.2281  0.2965 
   00278    0.4891  -15377.9567  0.3041 
   00279    0.4836  -15316.6984  0.3020 
   00280    0.4950  -15389.2041  0.2981 
   00281    0.4869  -15238.3596  0.2946 
   00282    0.4811  -15431.6680  0.2987 
   00283    0.4806  -15242.3412  0.3021 
   00284    0.4948  -15283.0272  0.3020 
   00285    0.4941  -15305.3268  0.3042 
   00286    0.4825  -15454.3085  0.3116 
   00287    0.4917  -15238.7219  0.3160 
   00288    0.4816  -15215.0840  0.3116 
   00289    0.4977  -15127.0917  0.3038 
   00290    0.4886  -15191.6507  0.3089 
   00291    0.4964  -15362.7322  0.3015 
   00292    0.4866  -15365.6544  0.2970 
   00293    0.4919  -15272.6150  0.2918 
   00294    0.4988  -15118.0534  0.2863 
   00295    0.5055  -14963.7845  0.2854 
   00296    0.4952  -15088.6055  0.2800 
   00297    0.5030  -15027.9337  0.2818 
   00298    0.4977  -15050.4174  0.2862 
   00299    0.4906  -15208.9792  0.2977 
   00300    0.4878  -15134.7842  0.2918 
   00301    0.4922  -14926.6664  0.2973 
   00302    0.5016  -14989.4371  0.2955 
   00303    0.4973  -14961.3261  0.2921 
   00304    0.4919  -15044.7327  0.2896 
   00305    0.4933  -15113.4087  0.2891 
   00306    0.5002  -15191.9879  0.2883 
   00307    0.4916  -15097.8857  0.2949 
   00308    0.4898  -15116.8293  0.2921 
   00309    0.4841  -15023.0434  0.2936 
   00310    0.4952  -15148.0709  0.2910 
   00311    0.5108  -15164.3536  0.2939 
   00312    0.4956  -15153.1628  0.3064 
   00313    0.4955  -15145.2161  0.3037 
   00314    0.4852  -15278.2004  0.3035 
   00315    0.4898  -15334.4696  0.3005 
   00316    0.4913  -15244.0683  0.3092 
   00317    0.4861  -15116.6848  0.3011 
   00318    0.4938  -15222.9208  0.3000 
   00319    0.5027  -15300.1395  0.2974 
   00320    0.4892  -15198.4257  0.3011 
   00321    0.4883  -15187.1940  0.2956 
   00322    0.4920  -15210.4097  0.2974 
   00323    0.4992  -15196.8707  0.2901 
   00324    0.4877  -15305.0894  0.2922 
   00325    0.4841  -15294.7058  0.2936 
   00326    0.4747  -15286.2799  0.2977 
   00327    0.4814  -15291.7675  0.2954 
   00328    0.4856  -15378.7944  0.2880 
   00329    0.4908  -15292.9000  0.2880 
   00330    0.4823  -15152.4598  0.2834 
   00331    0.4945  -15086.9825  0.2916 
   00332    0.4919  -15124.2771  0.2866 
   00333    0.5003  -15077.0062  0.2802 
   00334    0.4820  -15016.5201  0.2867 
   00335    0.4992  -15087.5810  0.2801 
   00336    0.5039  -15148.2836  0.2778 
   00337    0.4916  -15103.3185  0.2714 
   00338    0.4870  -15139.9532  0.2719 
   00339    0.4936  -15172.7778  0.2738 
   00340    0.4877  -15162.1483  0.2718 
   00341    0.4889  -15274.1844  0.2737 
   00342    0.4917  -15308.4879  0.2733 
   00343    0.4786  -15294.7609  0.2788 
   00344    0.4819  -15345.6860  0.2773 
   00345    0.4891  -15248.7967  0.2768 
   00346    0.5028  -15194.6430  0.2733 
   00347    0.4792  -15251.0448  0.2737 
   00348    0.4888  -15192.8241  0.2661 
   00349    0.4931  -15193.3427  0.2742 
   00350    0.4895  -15085.8760  0.2722 
   00351    0.4884  -15145.0019  0.2771 
   00352    0.4944  -14998.9432  0.2767 
   00353    0.4900  -15034.1201  0.2727 
   00354    0.5017  -15010.9630  0.2695 
   00355    0.4814  -15049.1311  0.2687 
   00356    0.4902  -15094.8763  0.2676 
   00357    0.4980  -15069.7580  0.2663 
   00358    0.4939  -15101.0332  0.2729 
   00359    0.4950  -15057.7468  0.2701 
   00360    0.4872  -15129.0653  0.2670 
   00361    0.4848  -15169.4875  0.2666 
   00362    0.4794  -15251.4450  0.2537 
   00363    0.4889  -15254.6491  0.2507 
   00364    0.4828  -15220.2397  0.2507 
   00365    0.4913  -15156.2054  0.2573 
   00366    0.4983  -15134.0155  0.2551 
   00367    0.4908  -15219.4509  0.2524 
   00368    0.4984  -15090.2387  0.2577 
   00369    0.4950  -15185.7467  0.2613 
   00370    0.4997  -15146.0364  0.2594 
   00371    0.4936  -14955.4875  0.2694 
   00372    0.4836  -15095.0912  0.2684 
   00373    0.4914  -15228.6272  0.2654 
   00374    0.4945  -15311.6714  0.2720 
   00375    0.4842  -15092.3490  0.2690 
   00376    0.4961  -15156.7887  0.2614 
   00377    0.4891  -15011.0601  0.2613 
   00378    0.5066  -15162.2788  0.2646 
   00379    0.4975  -15171.0766  0.2670 
   00380    0.4955  -15134.6007  0.2657 
   00381    0.4913  -15310.7774  0.2660 
   00382    0.4959  -15190.9004  0.2660 
   00383    0.4967  -15225.8812  0.2644 
   00384    0.4822  -15270.9307  0.2727 
   00385    0.4958  -15074.6156  0.2711 
   00386    0.4933  -15060.6563  0.2673 
   00387    0.4927  -15197.5963  0.2682 
   00388    0.4881  -15215.1750  0.2671 
   00389    0.4819  -15238.7952  0.2749 
   00390    0.4902  -15212.0866  0.2733 
   00391    0.4947  -15166.1026  0.2768 
   00392    0.4781  -15114.3311  0.2794 
   00393    0.4966  -15102.5594  0.2810 
   00394    0.4864  -15024.9218  0.2871 
   00395    0.4994  -15221.5672  0.2851 
   00396    0.4775  -15270.7939  0.2846 
   00397    0.4923  -14930.3263  0.2787 
   00398    0.4811  -15134.9448  0.2780 
   00399    0.5100  -15212.1117  0.2799 
   00400    0.4950  -15308.6318  0.2807 
   00401    0.4947  -15300.2955  0.2816 
   00402    0.4905  -15438.8113  0.2820 
   00403    0.4916  -15298.1801  0.2755 
   00404    0.4927  -15476.5085  0.2699 
   00405    0.4847  -15443.6912  0.2714 
   00406    0.4856  -15362.1729  0.2681 
   00407    0.4939  -15486.8948  0.2628 
   00408    0.4866  -15461.9726  0.2615 
   00409    0.4938  -15360.4440  0.2605 
   00410    0.4830  -15245.1778  0.2582 
   00411    0.4839  -15267.5777  0.2552 
   00412    0.4870  -15396.4681  0.2580 
   00413    0.5041  -15234.7154  0.2672 
   00414    0.4766  -15258.6338  0.2619 
   00415    0.4930  -15298.8780  0.2557 
   00416    0.4845  -15265.5380  0.2523 
   00417    0.4984  -15081.9682  0.2512 
   00418    0.4913  -15125.5855  0.2580 
   00419    0.4753  -15258.1132  0.2539 
   00420    0.4909  -15208.7025  0.2585 
   00421    0.4859  -15136.5124  0.2611 
   00422    0.4913  -15134.2880  0.2615 
   00423    0.4878  -15144.1199  0.2545 
   00424    0.4872  -15066.9954  0.2595 
   00425    0.5106  -15128.2585  0.2610 
   00426    0.4997  -15281.0972  0.2599 
   00427    0.4900  -15170.0092  0.2597 
   00428    0.4977  -15146.3387  0.2637 
   00429    0.5002  -15144.7634  0.2547 
   00430    0.4889  -15166.2317  0.2546 
   00431    0.4998  -15210.7108  0.2592 
   00432    0.4952  -15098.4007  0.2558 
   00433    0.5000  -15098.2628  0.2590 
   00434    0.4958  -15034.0595  0.2547 
   00435    0.4997  -15033.5580  0.2589 
   00436    0.4984  -15111.1603  0.2568 
   00437    0.4991  -14938.4016  0.2563 
   00438    0.5031  -14996.7273  0.2511 
   00439    0.4969  -15070.0220  0.2509 
   00440    0.4994  -15027.2322  0.2506 
   00441    0.4864  -15122.6562  0.2548 
   00442    0.4981  -15223.3459  0.2562 
   00443    0.4861  -15109.5388  0.2657 
   00444    0.4828  -15137.3279  0.2649 
   00445    0.4911  -15268.9114  0.2655 
   00446    0.4900  -15291.1190  0.2705 
   00447    0.4895  -15281.4414  0.2707 
   00448    0.4875  -15245.2953  0.2802 
   00449    0.4784  -15126.5593  0.2814 
   00450    0.4927  -15231.3992  0.2925 
   00451    0.4919  -15244.1596  0.2869 
   00452    0.4984  -15281.1023  0.2948 
   00453    0.5009  -15264.7458  0.2933 
   00454    0.4833  -15472.3641  0.2942 
   00455    0.4841  -15416.3275  0.2954 
   00456    0.4658  -15409.1146  0.3033 
   00457    0.4761  -15440.1744  0.3135 
   00458    0.4902  -15298.0271  0.3186 
   00459    0.4900  -15238.4652  0.3206 
   00460    0.4848  -15188.8468  0.3258 
   00461    0.4891  -15185.2339  0.3263 
   00462    0.4952  -15223.8414  0.3266 
   00463    0.4848  -15057.8984  0.3229 
   00464    0.5028  -15060.9183  0.3233 
   00465    0.5067  -15126.6835  0.3196 
   00466    0.4966  -15181.8289  0.3161 
   00467    0.4934  -15197.5957  0.3107 
   00468    0.4950  -15209.3232  0.3042 
   00469    0.5003  -15173.5878  0.3003 
   00470    0.5055  -15216.9746  0.2912 
   00471    0.4856  -15212.8285  0.2988 
   00472    0.4906  -15243.3496  0.3014 
   00473    0.4966  -15239.9286  0.3007 
   00474    0.4930  -15173.7188  0.2982 
   00475    0.4881  -15266.6231  0.3039 
   00476    0.4916  -14988.3661  0.3122 
   00477    0.4969  -15118.5108  0.3144 
   00478    0.4950  -15171.5735  0.3157 
   00479    0.4931  -15232.3123  0.3205 
   00480    0.4883  -15234.1932  0.3154 
   00481    0.4869  -15249.6491  0.3134 
   00482    0.4895  -15324.8455  0.3135 
   00483    0.4864  -15292.8909  0.3094 
   00484    0.4841  -15188.8025  0.3108 
   00485    0.4908  -15008.2148  0.2997 
   00486    0.4959  -15165.9125  0.2979 
   00487    0.4989  -15080.1455  0.2930 
   00488    0.4906  -15130.8605  0.2941 
   00489    0.4891  -15195.8900  0.2946 
   00490    0.4980  -15016.5484  0.2984 
   00491    0.4983  -14860.1210  0.2925 
   00492    0.5034  -15021.5011  0.2931 
   00493    0.4839  -15031.9816  0.2911 
   00494    0.5020  -15211.1694  0.2864 
   00495    0.4978  -15174.1860  0.2907 
   00496    0.4953  -15237.9142  0.2938 
   00497    0.4869  -15142.0346  0.2863 
   00498    0.4773  -15253.9512  0.2932 
   00499    0.4841  -15210.5452  0.2943 
   00500    0.4800  -15191.8247  0.2996 
   00501    0.4845  -15109.4751  0.2989 
   00502    0.4870  -15171.4899  0.3002 
   00503    0.5069  -15010.1931  0.3004 
   00504    0.5017  -15164.5389  0.3047 
   00505    0.4922  -15189.4480  0.3046 
   00506    0.4978  -15167.2690  0.2965 
   00507    0.5033  -15172.0177  0.2980 
   00508    0.5012  -15196.7801  0.3014 
   00509    0.4913  -15060.2168  0.2935 
   00510    0.5048  -15033.4034  0.2905 
   00511    0.4892  -15201.3625  0.2919 
   00512    0.4877  -15177.6430  0.2965 
   00513    0.4952  -15102.9397  0.2960 
   00514    0.4903  -15109.8961  0.2849 
   00515    0.4989  -15157.4461  0.2869 
   00516    0.4995  -15135.5506  0.2866 
   00517    0.5038  -15034.4478  0.2837 
   00518    0.4961  -15044.6765  0.2830 
   00519    0.5042  -15162.1583  0.2787 
   00520    0.4948  -15119.8117  0.2723 
   00521    0.4908  -14924.7100  0.2683 
   00522    0.4992  -14941.1147  0.2712 
   00523    0.5061  -15084.6763  0.2752 
   00524    0.4988  -15141.3602  0.2691 
   00525    0.4977  -15034.1716  0.2702 
   00526    0.4916  -15019.3117  0.2728 
   00527    0.4970  -14925.0695  0.2731 
   00528    0.5033  -14794.0790  0.2759 
   00529    0.4894  -14958.2168  0.2699 
   00530    0.4923  -15021.6679  0.2701 
   00531    0.4938  -15099.8698  0.2683 
   00532    0.4819  -15018.9919  0.2701 
   00533    0.4903  -15044.3527  0.2721 
   00534    0.5036  -14922.0590  0.2707 
   00535    0.5009  -15038.1290  0.2659 
   00536    0.4930  -15029.6911  0.2732 
   00537    0.5069  -15126.6075  0.2724 
   00538    0.4994  -15063.4281  0.2734 
   00539    0.4906  -15118.8737  0.2790 
   00540    0.4884  -15174.8245  0.2756 
   00541    0.4986  -15155.6985  0.2710 
   00542    0.4916  -15074.7315  0.2637 
   00543    0.4898  -15202.6595  0.2594 
   00544    0.4933  -15102.4343  0.2638 
   00545    0.5047  -15297.9981  0.2734 
   00546    0.4767  -15247.1699  0.2674 
   00547    0.4769  -15212.5236  0.2634 
   00548    0.4831  -15078.3739  0.2669 
   00549    0.4895  -15225.9167  0.2711 
   00550    0.4927  -15176.9893  0.2619 
   00551    0.4994  -15005.1569  0.2556 
   00552    0.4825  -15107.7160  0.2582 
   00553    0.5003  -15108.1281  0.2639 
   00554    0.4902  -15141.3441  0.2674 
   00555    0.5053  -15205.0104  0.2715 
   00556    0.4989  -15118.3775  0.2765 
   00557    0.4988  -15140.0337  0.2739 
   00558    0.4991  -15342.8929  0.2832 
   00559    0.4819  -15265.4242  0.2851 
   00560    0.5053  -15181.4224  0.2949 
   00561    0.4888  -15072.2708  0.2901 
   00562    0.5031  -14986.7373  0.2958 
   00563    0.5027  -14895.5675  0.2927 
   00564    0.4969  -15010.6679  0.2942 
   00565    0.4867  -15133.3969  0.3016 
   00566    0.4941  -15153.2602  0.3049 
   00567    0.5030  -14976.4451  0.3000 
   00568    0.4959  -15154.3368  0.3042 
   00569    0.4917  -15056.6141  0.3055 
   00570    0.4964  -15083.9103  0.3037 
   00571    0.5016  -14962.7992  0.3034 
   00572    0.5030  -15137.5994  0.3053 
   00573    0.4905  -15166.7992  0.3071 
   00574    0.4836  -15318.6202  0.3084 
   00575    0.4880  -15292.2866  0.3051 
   00576    0.4938  -15219.5532  0.2992 
   00577    0.4911  -15238.2374  0.2969 
   00578    0.4808  -15384.7710  0.2968 
   00579    0.4844  -15390.9281  0.3015 
   00580    0.4817  -15161.3098  0.2899 
   00581    0.4997  -15290.8212  0.2835 
   00582    0.4852  -15270.6621  0.2826 
   00583    0.4884  -15254.3733  0.2935 
   00584    0.4872  -15170.7711  0.2907 
   00585    0.4927  -15180.9599  0.2893 
   00586    0.4833  -15222.4149  0.2905 
   00587    0.4939  -15204.4590  0.2884 
   00588    0.5022  -15183.7063  0.3003 
   00589    0.5088  -14999.3904  0.2956 
   00590    0.4892  -15047.1216  0.2979 
   00591    0.4834  -14943.4708  0.2980 
   00592    0.5017  -15028.0307  0.2897 
   00593    0.4848  -15107.2383  0.2951 
   00594    0.4852  -15137.9566  0.2974 
   00595    0.4916  -15234.1373  0.3034 
   00596    0.4931  -15307.3977  0.3117 
   00597    0.4930  -15203.9923  0.3076 
   00598    0.4847  -15021.1140  0.3031 
   00599    0.4989  -14955.8547  0.3030 
   00600    0.5070  -14977.6097  0.3024 
   00601    0.5006  -14936.5403  0.3067 
   00602    0.4953  -15101.2820  0.3014 
   00603    0.5027  -15067.2414  0.3032 
   00604    0.4866  -14995.4872  0.2935 
   00605    0.5030  -14990.9373  0.2954 
   00606    0.4902  -14863.2925  0.2888 
   00607    0.4903  -15116.7910  0.2932 
   00608    0.4991  -15142.2638  0.2882 
   00609    0.4891  -15132.7466  0.2905 
   00610    0.4873  -15048.1224  0.2959 
   00611    0.4998  -15007.4528  0.2985 
   00612    0.4925  -15056.8458  0.3043 
   00613    0.5014  -15164.6200  0.2994 
   00614    0.5003  -15245.5361  0.2930 
   00615    0.4966  -15170.2678  0.2859 
   00616    0.4870  -14952.0667  0.2830 
   00617    0.5159  -15062.8986  0.2821 
   00618    0.4891  -15090.7028  0.2833 
   00619    0.5150  -15047.6768  0.2742 
   00620    0.4955  -14880.6084  0.2728 
   00621    0.5002  -14873.7856  0.2665 
   00622    0.5023  -14735.4739  0.2614 
   00623    0.4995  -14830.5085  0.2617 
   00624    0.4989  -14971.4623  0.2664 
   00625    0.4945  -14971.4776  0.2639 
   00626    0.5091  -15143.5820  0.2597 
   00627    0.4898  -14912.2000  0.2640 
   00628    0.4916  -14918.0286  0.2669 
   00629    0.4900  -14920.6788  0.2683 
   00630    0.4830  -15056.8917  0.2584 
   00631    0.4903  -15114.5215  0.2576 
   00632    0.4961  -14966.4461  0.2535 
   00633    0.5017  -14938.1369  0.2527 
   00634    0.5031  -15004.6160  0.2516 
   00635    0.5000  -14825.3394  0.2578 
   00636    0.5011  -14954.9256  0.2543 
   00637    0.4914  -14825.5615  0.2584 
   00638    0.4956  -15002.8070  0.2642 
   00639    0.4945  -14933.9041  0.2635 
   00640    0.5025  -14995.4144  0.2659 
   00641    0.4963  -15047.3760  0.2655 
   00642    0.5091  -15121.3229  0.2648 
   00643    0.5034  -15110.1186  0.2617 
   00644    0.5005  -14965.9977  0.2590 
   00645    0.4947  -15094.8343  0.2573 
   00646    0.4925  -15109.7246  0.2557 
   00647    0.4919  -15007.4443  0.2555 
   00648    0.4927  -15086.4276  0.2659 
   00649    0.4883  -15160.0039  0.2698 
   00650    0.4950  -15109.7239  0.2648 
   00651    0.4900  -15161.3439  0.2665 
   00652    0.4764  -15234.1794  0.2635 
   00653    0.4970  -15141.9356  0.2663 
   00654    0.5012  -15108.2150  0.2639 
   00655    0.4894  -15148.0870  0.2713 
   00656    0.4953  -15033.4595  0.2664 
   00657    0.5027  -14895.1073  0.2674 
   00658    0.5009  -15103.2827  0.2690 
   00659    0.4898  -15144.2170  0.2768 
   00660    0.4919  -15093.9375  0.2745 
   00661    0.5009  -14978.0399  0.2674 
   00662    0.4984  -14930.9064  0.2730 
   00663    0.5002  -14928.1376  0.2770 
   00664    0.4894  -15164.0443  0.2795 
   00665    0.4834  -15102.0978  0.2821 
   00666    0.4902  -15122.6381  0.2846 
   00667    0.4988  -15216.8709  0.2782 
   00668    0.4905  -15215.8225  0.2844 
   00669    0.4983  -15363.1776  0.2816 
   00670    0.4820  -15324.7018  0.2773 
   00671    0.4848  -15350.3401  0.2648 
   00672    0.4900  -15265.2066  0.2704 
   00673    0.4753  -15334.6650  0.2771 
   00674    0.4889  -15253.2648  0.2766 
   00675    0.4963  -15156.3989  0.2744 
   00676    0.5000  -15131.1440  0.2794 
   00677    0.4961  -15163.6319  0.2824 
   00678    0.4958  -15080.4752  0.2798 
   00679    0.4970  -15145.8368  0.2807 
   00680    0.4897  -15169.1385  0.2838 
   00681    0.4958  -15157.3091  0.2870 
   00682    0.4842  -15167.2729  0.2917 
   00683    0.4897  -15323.6591  0.2920 
   00684    0.4983  -15250.9689  0.3042 
   00685    0.4841  -15267.0980  0.3044 
   00686    0.4964  -15207.6253  0.3049 
   00687    0.4766  -15202.1304  0.3088 
   00688    0.5059  -15161.7930  0.3173 
   00689    0.4922  -15180.6706  0.3201 
   00690    0.4808  -15197.1937  0.3168 
   00691    0.5005  -15078.6092  0.3042 
   00692    0.4909  -15180.1275  0.3042 
   00693    0.4913  -15174.4062  0.3075 
   00694    0.4942  -15367.6115  0.3082 
   00695    0.4884  -15097.6310  0.3085 
   00696    0.4948  -15103.7579  0.3036 
   00697    0.4805  -15130.7587  0.3025 
   00698    0.4831  -15187.3091  0.3078 
   00699    0.5009  -15147.3578  0.3127 
   00700    0.4883  -15076.5808  0.3113 
   00701    0.4975  -15120.5551  0.3119 
   00702    0.4950  -15224.8066  0.3105 
   00703    0.4789  -15284.0903  0.3145 
   00704    0.4898  -15229.1717  0.3177 
   00705    0.4845  -15417.0908  0.3111 
   00706    0.4873  -15330.9479  0.3054 
   00707    0.4822  -15371.4674  0.3150 
   00708    0.4842  -15322.4759  0.3138 
   00709    0.4816  -15234.5475  0.3181 
   00710    0.4873  -15321.6974  0.3186 
   00711    0.4909  -15343.4665  0.3218 
   00712    0.4973  -15379.1179  0.3268 
   00713    0.4805  -15390.8626  0.3377 
   00714    0.4859  -15439.1228  0.3442 
   00715    0.4881  -15337.3476  0.3425 
   00716    0.4972  -15390.3360  0.3434 
   00717    0.4994  -15334.6331  0.3462 
   00718    0.4900  -15418.7742  0.3467 
   00719    0.4842  -15445.9661  0.3474 
   00720    0.4881  -15317.2963  0.3479 
   00721    0.4972  -15203.3292  0.3534 
   00722    0.4923  -15195.0140  0.3501 
   00723    0.4908  -15117.4439  0.3404 
   00724    0.4941  -15040.6779  0.3279 
   00725    0.4933  -15149.2193  0.3236 
   00726    0.4959  -15032.5898  0.3174 
   00727    0.5091  -14975.1501  0.3074 
   00728    0.4941  -15006.2623  0.3059 
   00729    0.4955  -15049.1041  0.3190 
   00730    0.4939  -14970.5384  0.3203 
   00731    0.4880  -15050.8566  0.3103 
   00732    0.5028  -14978.8265  0.3083 
   00733    0.5056  -14939.8727  0.3109 
   00734    0.4872  -15017.4847  0.3200 
   00735    0.4917  -14980.1798  0.3230 
   00736    0.4963  -15058.2190  0.3176 
   00737    0.4959  -15213.2847  0.3184 
   00738    0.4828  -15175.0702  0.3168 
   00739    0.4919  -15077.2993  0.3103 
   00740    0.4819  -15313.2180  0.2996 
   00741    0.4947  -15068.3191  0.3045 
   00742    0.5027  -14966.5667  0.3067 
   00743    0.4950  -14939.2685  0.2993 
   00744    0.4995  -15108.9761  0.2991 
   00745    0.4881  -15046.3722  0.2985 
   00746    0.4967  -15072.0528  0.2978 
   00747    0.4920  -15270.0570  0.3060 
   00748    0.4903  -15195.0780  0.3126 
   00749    0.4928  -15102.8965  0.3100 
   00750    0.5012  -15218.7267  0.3027 
   00751    0.4958  -15116.9720  0.2947 
   00752    0.4820  -15208.9106  0.3033 
   00753    0.4791  -15268.8447  0.3075 
   00754    0.4897  -15070.6443  0.3112 
   00755    0.5034  -15040.0783  0.3086 
   00756    0.4939  -15019.5778  0.3035 
   00757    0.4936  -15108.7665  0.2966 
   00758    0.4909  -15068.3227  0.2855 
   00759    0.4997  -14990.9617  0.2882 
   00760    0.4992  -15012.6681  0.2911 
   00761    0.4848  -14955.2261  0.2891 
   00762    0.4986  -14969.9451  0.2869 
   00763    0.4998  -15071.6308  0.2850 
   00764    0.4948  -15105.4704  0.2914 
   00765    0.4802  -15313.3184  0.2897 
   00766    0.4863  -15188.3708  0.2882 
   00767    0.4869  -15227.3502  0.2937 
   00768    0.5005  -15198.7638  0.2978 
   00769    0.4722  -15242.9583  0.3033 
   00770    0.4911  -15153.6496  0.2951 
   00771    0.4792  -15150.1365  0.2995 
   00772    0.4945  -15033.4283  0.2995 
   00773    0.4941  -15068.6513  0.3062 
   00774    0.4941  -15066.2735  0.3061 
   00775    0.4848  -15133.9915  0.3022 
   00776    0.4969  -15146.4813  0.3055 
   00777    0.4988  -15094.4946  0.3077 
   00778    0.5066  -14875.1276  0.3044 
   00779    0.4983  -14924.6164  0.2995 
   00780    0.5028  -14985.6796  0.2903 
   00781    0.4997  -15078.7746  0.2873 
   00782    0.4927  -15061.8908  0.2789 
   00783    0.4900  -15174.2693  0.2774 
   00784    0.4830  -15176.4457  0.2849 
   00785    0.4984  -15106.2851  0.2820 
   00786    0.4900  -15266.3692  0.2798 
   00787    0.4842  -15219.6702  0.2823 
   00788    0.4831  -15054.9067  0.2856 
   00789    0.4944  -15144.4944  0.2855 
   00790    0.4766  -15279.6110  0.2840 
   00791    0.4894  -15230.6647  0.2868 
   00792    0.4833  -15289.0840  0.2808 
   00793    0.4941  -15251.4439  0.2799 
   00794    0.4814  -15158.1593  0.2752 
   00795    0.4927  -15123.3167  0.2821 
   00796    0.4923  -15103.3410  0.2920 
   00797    0.4916  -14915.3947  0.2898 
   00798    0.4983  -14990.3830  0.2836 
   00799    0.5028  -15072.8520  0.2848 
   00800    0.4923  -15023.5118  0.2865 
   00801    0.4969  -15062.8222  0.2877 
   00802    0.4939  -15079.5801  0.2836 
   00803    0.4933  -15110.1894  0.2825 
   00804    0.4917  -15146.5253  0.2884 
   00805    0.4992  -15185.8293  0.2890 
   00806    0.4952  -15083.0618  0.2928 
   00807    0.4969  -15063.8103  0.2922 
   00808    0.4873  -15094.3893  0.2920 
   00809    0.5028  -15148.6320  0.2916 
   00810    0.4852  -15245.7112  0.2842 
   00811    0.4939  -15275.3094  0.2890 
   00812    0.4900  -15269.7281  0.2928 
   00813    0.4830  -15373.7293  0.3028 
   00814    0.4852  -15256.5339  0.2990 
   00815    0.4888  -15255.6487  0.2944 
   00816    0.4892  -15025.3257  0.2907 
   00817    0.4889  -15102.5826  0.2959 
   00818    0.4898  -15096.8116  0.2882 
   00819    0.4977  -15133.7731  0.2827 
   00820    0.5039  -15138.4367  0.2859 
   00821    0.4927  -15060.9712  0.2885 
   00822    0.4856  -15198.6483  0.2947 
   00823    0.4844  -15289.0474  0.2932 
   00824    0.4883  -15284.0207  0.2924 
   00825    0.4852  -15340.0227  0.2938 
   00826    0.4959  -15465.0760  0.2976 
   00827    0.4816  -15291.9418  0.2952 
   00828    0.4864  -15254.7606  0.2980 
   00829    0.4870  -15166.1042  0.3014 
   00830    0.4983  -15169.7873  0.2987 
   00831    0.4863  -15321.3585  0.3035 
   00832    0.4934  -15276.4185  0.2989 
   00833    0.4877  -15338.9577  0.2961 
   00834    0.4842  -15299.5435  0.2895 
   00835    0.4777  -15277.6150  0.2934 
   00836    0.4902  -15174.3814  0.2864 
   00837    0.4955  -14974.5730  0.2800 
   00838    0.4916  -15026.8620  0.2766 
   00839    0.4961  -15180.9852  0.2796 
   00840    0.4845  -15332.0332  0.2849 
   00841    0.4833  -15292.0871  0.2801 
   00842    0.4811  -15262.2980  0.2707 
   00843    0.4948  -15138.6331  0.2692 
   00844    0.4986  -15093.6710  0.2765 
   00845    0.4889  -15168.2931  0.2847 
   00846    0.4836  -15248.6065  0.2955 
   00847    0.4888  -15232.8514  0.2967 
   00848    0.4725  -15287.7386  0.2954 
   00849    0.4933  -15309.0004  0.2942 
   00850    0.4872  -15267.7402  0.2889 
   00851    0.4920  -15320.1031  0.2887 
   00852    0.4794  -15310.1258  0.2881 
   00853    0.4833  -15357.6152  0.2824 
   00854    0.4833  -15267.3738  0.2804 
   00855    0.5023  -15148.0967  0.2886 
   00856    0.4925  -15258.6481  0.2849 
   00857    0.4959  -15111.7165  0.2869 
   00858    0.4975  -15090.7120  0.2843 
   00859    0.4911  -15235.4502  0.2853 
   00860    0.4930  -15250.0721  0.2843 
   00861    0.4794  -15271.4835  0.2847 
   00862    0.4950  -15235.2650  0.2850 
   00863    0.4780  -15076.9784  0.2817 
   00864    0.4948  -15183.2251  0.2859 
   00865    0.4888  -15038.9381  0.2892 
   00866    0.5027  -14966.9550  0.2859 
   00867    0.4916  -14972.9799  0.2835 
   00868    0.4980  -14920.2408  0.2824 
   00869    0.4978  -15133.1096  0.2828 
   00870    0.4803  -15124.9441  0.2835 
   00871    0.4870  -15068.3366  0.2870 
   00872    0.4927  -15162.7825  0.2917 
   00873    0.4872  -15042.5000  0.2881 
   00874    0.4917  -15224.1407  0.2856 
   00875    0.4873  -15114.5941  0.2825 
   00876    0.5025  -15233.3394  0.2773 
   00877    0.4820  -15251.8586  0.2827 
   00878    0.4809  -15305.1652  0.2745 
   00879    0.4895  -15197.0569  0.2756 
   00880    0.4936  -15168.1059  0.2751 
   00881    0.4995  -15172.1880  0.2845 
   00882    0.4919  -15330.7404  0.2798 
   00883    0.4873  -15163.9461  0.2765 
   00884    0.4895  -15277.3238  0.2699 
   00885    0.4894  -15301.6094  0.2793 
   00886    0.4753  -15258.0935  0.2833 
   00887    0.4769  -15357.1017  0.2847 
   00888    0.4834  -15376.1859  0.2854 
   00889    0.4861  -15275.1577  0.2899 
   00890    0.4914  -15241.9535  0.2895 
   00891    0.4986  -15164.4049  0.2966 
   00892    0.4908  -15116.2102  0.2903 
   00893    0.4913  -15003.8115  0.2884 
   00894    0.4884  -14967.9638  0.2732 
   00895    0.4863  -15059.0560  0.2774 
   00896    0.4822  -15065.3701  0.2768 
   00897    0.4964  -14906.7115  0.2818 
   00898    0.5008  -14841.7550  0.2868 
   00899    0.4948  -15030.9294  0.2801 
   00900    0.4902  -14998.4485  0.2835 
   00901    0.4834  -14968.7565  0.2889 
   00902    0.4936  -15128.7462  0.2924 
   00903    0.4784  -15188.2655  0.2987 
   00904    0.4845  -15262.6170  0.2929 
   00905    0.4903  -15209.4120  0.2928 
   00906    0.4917  -15135.4672  0.2971 
   00907    0.4903  -15112.6606  0.2970 
   00908    0.5006  -15235.5035  0.3028 
   00909    0.4894  -15110.3819  0.2983 
   00910    0.4881  -15216.3863  0.2912 
   00911    0.4839  -15322.4683  0.2923 
   00912    0.4825  -15335.2670  0.2827 
   00913    0.4641  -15352.5284  0.2815 
   00914    0.4836  -15309.3857  0.2783 
   00915    0.4902  -15189.8115  0.2697 
   00916    0.4922  -15117.8505  0.2584 
   00917    0.4866  -15216.0702  0.2603 
   00918    0.4848  -15078.0392  0.2647 
   00919    0.5006  -14975.7394  0.2580 
   00920    0.4973  -14782.3457  0.2654 
   00921    0.4866  -14851.4181  0.2572 
   00922    0.4920  -15025.4347  0.2510 
   00923    0.4945  -15037.0085  0.2531 
   00924    0.4852  -15079.0819  0.2610 
   00925    0.4908  -14976.0916  0.2600 
   00926    0.4983  -14896.2327  0.2568 
   00927    0.5017  -14984.7361  0.2618 
   00928    0.4861  -15219.2614  0.2599 
   00929    0.4728  -15247.8629  0.2629 
   00930    0.4964  -15283.7548  0.2757 
   00931    0.4911  -15300.6482  0.2853 
   00932    0.4914  -15161.0824  0.2889 
   00933    0.5033  -15137.3998  0.2824 
   00934    0.4892  -15275.8677  0.2816 
   00935    0.4855  -15239.8530  0.2862 
   00936    0.4873  -15149.0374  0.2860 
   00937    0.4905  -15109.9085  0.2896 
   00938    0.4894  -15144.0886  0.2896 
   00939    0.4941  -15316.4397  0.2919 
   00940    0.4813  -15387.1066  0.2943 
   00941    0.4858  -15440.5937  0.2967 
   00942    0.4764  -15217.8224  0.2941 
   00943    0.4861  -15127.3017  0.2891 
   00944    0.5005  -15057.8335  0.2881 
   00945    0.4994  -15105.2572  0.2880 
   00946    0.4958  -15035.4961  0.2847 
   00947    0.4866  -15212.0431  0.2881 
   00948    0.5045  -15262.9822  0.2873 
   00949    0.4827  -15340.2773  0.2949 
   00950    0.4808  -15313.2969  0.2912 
   00951    0.4927  -15091.8656  0.2963 
   00952    0.5069  -15138.7636  0.2876 
   00953    0.5036  -14951.3525  0.2868 
   00954    0.4931  -15085.9516  0.2745 
   00955    0.4944  -14998.2205  0.2667 
   00956    0.4920  -14996.2552  0.2656 
   00957    0.5009  -15040.6898  0.2678 
   00958    0.4880  -15191.9721  0.2700 
   00959    0.4908  -15113.7354  0.2743 
   00960    0.4895  -15189.8766  0.2689 
   00961    0.4850  -15075.2346  0.2707 
   00962    0.4861  -15193.3136  0.2666 
   00963    0.4959  -15234.6993  0.2708 
   00964    0.4939  -15266.2193  0.2718 
   00965    0.4808  -15301.8364  0.2760 
   00966    0.4855  -15429.0358  0.2785 
   00967    0.4848  -15388.9792  0.2744 
   00968    0.4884  -15330.9317  0.2775 
   00969    0.4864  -15266.1984  0.2718 
   00970    0.4855  -15321.6708  0.2753 
   00971    0.5023  -15281.0331  0.2744 
   00972    0.4797  -15508.3392  0.2831 
   00973    0.4902  -15622.4092  0.2836 
   00974    0.4813  -15534.5890  0.2907 
   00975    0.4744  -15537.7339  0.2944 
   00976    0.4756  -15460.1078  0.2974 
   00977    0.4823  -15445.7911  0.2878 
   00978    0.4816  -15226.6990  0.2877 
   00979    0.4794  -15423.0975  0.2949 
   00980    0.4844  -15330.5220  0.2977 
   00981    0.4913  -15352.7995  0.2822 
   00982    0.4923  -15499.5574  0.2887 
   00983    0.4805  -15357.1479  0.2819 
   00984    0.4934  -15218.8137  0.2895 
   00985    0.4806  -15156.8275  0.2883 
   00986    0.4920  -15178.6043  0.2886 
   00987    0.4886  -15353.5235  0.2872 
   00988    0.4889  -15253.1824  0.2885 
   00989    0.4850  -15301.9323  0.2997 
   00990    0.4981  -15183.5277  0.2986 
   00991    0.4958  -15271.7318  0.2935 
   00992    0.4897  -15104.6574  0.2928 
   00993    0.4839  -15091.7427  0.2821 
   00994    0.4863  -15041.0375  0.2844 
   00995    0.4988  -15005.0816  0.2862 
   00996    0.5025  -14983.4107  0.2862 
   00997    0.4898  -15142.2965  0.2826 
   00998    0.4952  -15138.2744  0.2880 
   00999    0.5050  -15024.6988  0.2954 
   01000    0.4931  -15002.3017  0.2996 
